*BEGIN_DATA

     Start of table                = -2.00000E+01     cm-1
     End of table                  =  2.00000E+04     cm-1
     Increment in table            =  1.00000E+01     cm-1
     Number of points in table     =  2003

     Continuum coefficients (cm^3.mol-1 * 1.0E-20)
    1.04423E-02    5.14830E-03    0.00000E+00    5.14830E-03
    1.04423E-02    1.52841E-02    2.04357E-02    2.45473E-02
    2.90677E-02    3.17623E-02    3.47297E-02    3.61698E-02
    3.61673E-02    3.69778E-02    3.57632E-02    3.52177E-02
    3.39589E-02    3.04710E-02    3.00985E-02    2.66708E-02
    2.59148E-02    2.37066E-02    2.11651E-02    2.02962E-02
    1.80863E-02    1.69885E-02    1.49718E-02    1.36599E-02
    1.23455E-02    1.10600E-02    9.96248E-03    9.03391E-03
    7.92671E-03    7.18322E-03    6.35332E-03    5.73575E-03
    5.05170E-03    4.57358E-03    4.02885E-03    3.56654E-03
    3.17731E-03    2.81486E-03    2.51517E-03    2.22794E-03
    2.00199E-03    1.76623E-03    1.57114E-03    1.39842E-03
    1.24770E-03    1.10847E-03    9.89468E-04    8.81713E-04
    7.85354E-04    7.01409E-04    6.27694E-04    5.60041E-04
    5.00344E-04    4.47789E-04    4.01006E-04    3.59931E-04
    3.22788E-04    2.90374E-04    2.61688E-04    2.36251E-04
    2.13479E-04    1.93329E-04    1.75565E-04    1.59671E-04
    1.45584E-04    1.33052E-04    1.21816E-04    1.11896E-04
    1.03026E-04    9.50324E-05    8.78975E-05    8.14709E-05
    7.56660E-05    7.04805E-05    6.57683E-05    6.14868E-05
    5.75925E-05    5.40414E-05    5.07983E-05    4.78083E-05
    4.51896E-05    4.28924E-05    4.07593E-05    3.88515E-05
    3.69876E-05    3.51737E-05    3.34785E-05    3.18228E-05
    3.02269E-05    2.88723E-05    2.71681E-05    2.56025E-05
    2.39464E-05    2.25995E-05    2.14651E-05    2.04320E-05
    1.94651E-05    1.85451E-05    1.76822E-05    1.68667E-05
    1.61086E-05    1.53886E-05    1.47165E-05    1.40926E-05
    1.35171E-05    1.29801E-05    1.25017E-05    1.20621E-05
    1.16713E-05    1.13295E-05    1.10269E-05    1.07932E-05
    1.06186E-05    1.04934E-05    1.04275E-05    1.04409E-05
    1.05236E-05    1.06957E-05    1.09374E-05    1.12686E-05
    1.17391E-05    1.23091E-05    1.30187E-05    1.38678E-05
    1.47669E-05    1.60746E-05    1.75121E-05    1.92290E-05
    2.11556E-05    2.33817E-05    2.63859E-05    2.70602E-05
    3.93582E-05    4.28519E-05    5.06471E-05    5.87533E-05
    6.79275E-05    7.43640E-05    8.50343E-05    9.99149E-05
    1.09507E-04    1.28154E-04    1.55778E-04    1.82717E-04
    2.08616E-04    2.42558E-04    2.75608E-04    3.05315E-04
    3.33053E-04    3.62106E-04    3.91803E-04    4.13882E-04
    4.18909E-04    4.11213E-04    4.01526E-04    3.94115E-04
    3.86278E-04    3.99585E-04    4.14863E-04    4.17416E-04
    4.13778E-04    4.06307E-04    3.84781E-04    3.69855E-04
    3.67855E-04    3.65234E-04    3.64869E-04    3.58592E-04
    3.48647E-04    3.31965E-04    3.12512E-04    2.86012E-04
    2.61862E-04    2.37120E-04    2.11136E-04    1.82395E-04
    1.59337E-04    1.39363E-04    1.17222E-04    1.00906E-04
    8.73297E-05    7.28579E-05    6.22739E-05    5.66497E-05
    4.75828E-05    4.00214E-05    3.42096E-05    3.04878E-05
    2.84484E-05    2.55497E-05    2.26146E-05    2.07306E-05
    1.81928E-05    1.43415E-05    1.33755E-05    1.23959E-05
    1.13162E-05    1.01648E-05    9.14700E-06    8.12836E-06
    7.26436E-06    6.48473E-06    5.82892E-06    5.19649E-06
    4.74340E-06    4.32242E-06    4.01914E-06    3.73924E-06
    3.49048E-06    3.26607E-06    3.07793E-06    2.87690E-06
    2.71439E-06    2.58056E-06    2.45648E-06    2.31862E-06
    2.22321E-06    2.15416E-06    2.07646E-06    2.00516E-06
    1.95775E-06    1.91327E-06    1.86973E-06    1.83929E-06
    1.83035E-06    1.80511E-06    1.76842E-06    1.73756E-06
    1.73104E-06    1.72277E-06    1.72293E-06    1.73107E-06
    1.72991E-06    1.69353E-06    1.62737E-06    1.55570E-06
    1.47857E-06    1.40184E-06    1.35750E-06    1.33029E-06
    1.31273E-06    1.29811E-06    1.29377E-06    1.28465E-06
    1.27846E-06    1.27077E-06    1.26645E-06    1.25518E-06
    1.24304E-06    1.23657E-06    1.22754E-06    1.22791E-06
    1.21701E-06    1.21020E-06    1.21188E-06    1.21907E-06
    1.20341E-06    1.21436E-06    1.23246E-06    1.22613E-06
    1.22420E-06    1.21764E-06    1.21985E-06    1.21208E-06
    1.21008E-06    1.21843E-06    1.25373E-06    1.26736E-06
    1.26259E-06    1.28642E-06    1.28559E-06    1.27187E-06
    1.25650E-06    1.26793E-06    1.25428E-06    1.26051E-06
    1.28964E-06    1.33061E-06    1.36114E-06    1.39972E-06
    1.44340E-06    1.47201E-06    1.49401E-06    1.54463E-06
    1.59853E-06    1.63889E-06    1.66813E-06    1.69917E-06
    1.70159E-06    1.72804E-06    1.76301E-06    1.81010E-06
    1.86476E-06    1.95844E-06    1.98777E-06    1.99455E-06
    1.97919E-06    1.97880E-06    1.95433E-06    2.03209E-06
    2.10351E-06    2.23888E-06    2.41059E-06    2.52420E-06
    2.64392E-06    2.74463E-06    2.86714E-06    2.92951E-06
    3.06619E-06    3.06939E-06    3.12731E-06    3.20217E-06
    3.33701E-06    3.67689E-06    4.27127E-06    4.87760E-06
    5.51572E-06    5.94608E-06    6.03563E-06    5.79875E-06
    5.51988E-06    5.07554E-06    4.74012E-06    4.44308E-06
    4.26626E-06    4.14801E-06    4.10366E-06    4.06748E-06
    4.04606E-06    4.07251E-06    4.09398E-06    4.15676E-06
    4.14551E-06    4.36299E-06    4.48512E-06    4.81780E-06
    5.13314E-06    5.66431E-06    6.16353E-06    6.98592E-06
    7.93099E-06    9.07347E-06    1.05884E-05    1.20864E-05
    1.39428E-05    1.60259E-05    1.80920E-05    2.01352E-05
    2.25606E-05    2.48017E-05    2.68568E-05    2.92646E-05
    3.17864E-05    3.44056E-05    3.71685E-05    4.01289E-05
    4.31006E-05    4.60947E-05    4.90778E-05    5.23380E-05
    5.58066E-05    5.03333E-05    4.39692E-05    7.28100E-05
    7.92300E-05    8.34800E-05    9.63100E-05    1.04400E-04
    1.10200E-04    1.17600E-04    1.24400E-04    1.28300E-04
    1.32600E-04    1.40000E-04    1.39500E-04    1.38700E-04
    1.36300E-04    1.31400E-04    1.24100E-04    1.22800E-04
    1.14800E-04    1.08600E-04    1.01800E-04    8.89000E-05
    8.31600E-05    7.29200E-05    6.45200E-05    5.62500E-05
    5.04500E-05    4.38000E-05    3.31786E-05    2.42606E-05
    1.37563E-05    1.08339E-05    7.94950E-06    6.28313E-06
    5.04372E-06    4.62306E-06    4.28050E-06    3.95262E-06
    3.71940E-06    3.41142E-06    3.07772E-06    2.75901E-06
    2.66118E-06    2.50039E-06    2.35275E-06    2.25232E-06
    2.15015E-06    2.05650E-06    1.99748E-06    1.93182E-06
    1.85343E-06    1.79181E-06    1.71024E-06    1.64096E-06
    1.59000E-06    1.55346E-06    1.50981E-06    1.47620E-06
    1.43749E-06    1.40303E-06    1.36085E-06    1.33271E-06
    1.29413E-06    1.25237E-06    1.21472E-06    1.18499E-06
    1.14484E-06    1.12200E-06    1.10320E-06    1.08120E-06
    1.07055E-06    1.04915E-06    1.03876E-06    1.02691E-06
    1.01881E-06    1.00050E-06    1.00205E-06    9.87711E-07
    9.77920E-07    9.67225E-07    9.66803E-07    9.37260E-07
    9.25113E-07    9.03804E-07    8.88305E-07    8.68553E-07
    8.74490E-07    8.69314E-07    8.65001E-07    8.66800E-07
    8.60838E-07    8.59869E-07    8.54212E-07    8.61708E-07
    8.43757E-07    8.40350E-07    8.36392E-07    8.29068E-07
    8.02945E-07    8.00174E-07    7.90561E-07    7.72044E-07
    7.68199E-07    7.76404E-07    7.74403E-07    7.65204E-07
    7.63873E-07    7.55118E-07    7.47247E-07    7.45371E-07
    7.48946E-07    7.46317E-07    7.47270E-07    7.45913E-07
    7.44938E-07    7.49103E-07    7.44418E-07    7.39876E-07
    7.28715E-07    7.21740E-07    7.03100E-07    6.94970E-07
    6.99878E-07    6.99631E-07    7.05247E-07    7.12762E-07
    7.10736E-07    7.06437E-07    7.15204E-07    7.06573E-07
    7.14414E-07    7.27839E-07    7.35485E-07    7.45756E-07
    7.59238E-07    7.84811E-07    7.90241E-07    7.98324E-07
    7.95579E-07    8.09743E-07    7.98493E-07    8.43843E-07
    9.19171E-07    9.80987E-07    1.27118E-06    1.53352E-06
    1.83212E-06    2.16454E-06    2.59649E-06    2.90838E-06
    3.67821E-06    4.26175E-06    4.95892E-06    5.73617E-06
    6.89112E-06    7.45164E-06    7.46513E-06    7.47857E-06
    7.49196E-06    7.50529E-06    7.51858E-06    7.53181E-06
    7.54500E-06    7.98300E-06    8.34200E-06    8.74100E-06
    9.43100E-06    9.95200E-06    1.02600E-05    1.05500E-05
    1.09500E-05    1.09500E-05    1.08700E-05    1.05600E-05
    1.02600E-05    9.71500E-06    7.72445E-06    7.95786E-06
    7.84244E-06    7.17275E-06    6.58235E-06    6.01138E-06
    5.49817E-06    5.09945E-06    4.70037E-06    4.27978E-06
    3.72982E-06    3.14240E-06    2.58395E-06    2.07559E-06
    1.62043E-06    1.29499E-06    1.07032E-06    8.78170E-07
    7.03657E-07    5.68230E-07    5.00858E-07    4.41142E-07
    3.95979E-07    3.57798E-07    3.24114E-07    2.95576E-07
    2.74312E-07    2.53299E-07    2.37043E-07    2.23129E-07
    2.14808E-07    2.05535E-07    1.96434E-07    1.86008E-07
    1.77231E-07    1.66644E-07    1.57890E-07    1.50223E-07
    1.42053E-07    1.35089E-07    1.25853E-07    1.16589E-07
    1.08070E-07    1.00093E-07    9.12816E-08    8.55290E-08
    8.10998E-08    7.81201E-08    7.57151E-08    7.27105E-08
    6.94720E-08    6.59061E-08    6.31055E-08    5.90025E-08
    5.52836E-08    5.15470E-08    4.77558E-08    4.43358E-08
    4.25092E-08    4.11761E-08    4.04841E-08    3.92787E-08
    3.75025E-08    3.57122E-08    3.44412E-08    3.30157E-08
    3.22186E-08    3.17174E-08    3.12146E-08    3.06346E-08
    3.01942E-08    2.96276E-08    2.91184E-08    2.86859E-08
    2.82418E-08    2.77764E-08    2.72865E-08    2.65648E-08
    2.57807E-08    2.52092E-08    2.48427E-08    2.44774E-08
    2.39879E-08    2.35642E-08    2.29879E-08    2.24520E-08
    2.21669E-08    2.20996E-08    2.21345E-08    2.22424E-08
    2.23627E-08    2.21244E-08    2.17286E-08    2.13878E-08
    2.11743E-08    2.08291E-08    2.05070E-08    2.02676E-08
    2.00697E-08    1.98474E-08    1.95633E-08    1.93923E-08
    1.94307E-08    1.95373E-08    1.96250E-08    1.99542E-08
    2.10719E-08    2.19884E-08    2.30162E-08    2.44753E-08
    2.62069E-08    2.75645E-08    2.94118E-08    3.15597E-08
    3.38662E-08    3.63366E-08    3.89916E-08    4.18394E-08
    4.48943E-08    4.81707E-08    5.16886E-08    5.54591E-08
    5.95083E-08    6.38529E-08    6.85158E-08    7.35616E-08
    7.91058E-08    9.66304E-08    1.16474E-07    1.45068E-07
    1.88938E-07    2.37408E-07    2.79197E-07    3.23715E-07
    3.69467E-07    4.03941E-07    4.36865E-07    4.61596E-07
    4.78762E-07    4.79559E-07    4.66707E-07    4.45728E-07
    4.29561E-07    4.11157E-07    4.03597E-07    4.09490E-07
    4.42216E-07    4.87337E-07    5.41018E-07    6.03890E-07
    6.65334E-07    6.97569E-07    7.16821E-07    7.29755E-07
    7.26658E-07    7.32317E-07    7.44139E-07    7.55324E-07
    7.80488E-07    8.33792E-07    8.75172E-07    9.25850E-07
    1.02661E-06    1.13226E-06    1.26190E-06    1.44723E-06
    1.66714E-06    1.88204E-06    1.97994E-06    1.97668E-06
    1.97343E-06    1.97018E-06    2.14700E-06    2.31700E-06
    2.71300E-06    2.88200E-06    2.99000E-06    3.48900E-06
    3.58100E-06    4.03300E-06    4.26000E-06    4.54300E-06
    4.84000E-06    4.82600E-06    5.01300E-06    5.25200E-06
    5.27700E-06    5.30600E-06    5.23600E-06    5.12300E-06
    5.17100E-06    4.84300E-06    4.61500E-06    4.38500E-06
    3.97000E-06    3.69300E-06    3.23100E-06    2.91500E-06
    1.88591E-06    1.76157E-06    1.54081E-06    1.22159E-06
    9.70351E-07    7.67161E-07    6.04839E-07    4.82148E-07
    4.05577E-07    3.51647E-07    3.07033E-07    2.70121E-07
    2.43707E-07    2.20427E-07    1.99894E-07    1.82497E-07
    1.70929E-07    1.59974E-07    1.51800E-07    1.38278E-07
    1.23420E-07    1.06027E-07    9.20480E-08    7.95276E-08
    7.31266E-08    6.81867E-08    6.46446E-08    6.04398E-08
    5.62904E-08    5.26708E-08    4.94954E-08    4.64688E-08
    4.41643E-08    4.23612E-08    4.09333E-08    3.91649E-08
    3.78998E-08    3.63180E-08    3.47738E-08    3.32567E-08
    3.24942E-08    3.16232E-08    3.06955E-08    2.98777E-08
    2.84712E-08    2.68078E-08    2.55440E-08    2.44567E-08
    2.30668E-08    2.21226E-08    2.14067E-08    2.06343E-08
    1.98715E-08    1.92876E-08    1.87834E-08    1.83260E-08
    1.78772E-08    1.74899E-08    1.70860E-08    1.65627E-08
    1.61059E-08    1.58529E-08    1.56431E-08    1.53439E-08
    1.51452E-08    1.49819E-08    1.48538E-08    1.48602E-08
    1.49336E-08    1.51951E-08    1.53892E-08    1.56916E-08
    1.62080E-08    1.66566E-08    1.68971E-08    1.73757E-08
    1.78974E-08    1.81724E-08    1.85496E-08    1.89675E-08
    1.93771E-08    1.99053E-08    2.06811E-08    2.15280E-08
    2.24629E-08    2.33590E-08    2.40928E-08    2.46260E-08
    2.51338E-08    2.56523E-08    2.61745E-08    2.66833E-08
    2.71982E-08    2.77262E-08    2.82626E-08    2.88073E-08
    2.93651E-08    2.99335E-08    3.05125E-08    3.11021E-08
    3.18025E-08    3.28611E-08    3.42577E-08    3.60172E-08
    3.81692E-08    4.06435E-08    4.32257E-08    4.59438E-08
    4.86318E-08    5.12827E-08    5.40454E-08    5.69829E-08
    6.01323E-08    6.36809E-08    6.76578E-08    7.19443E-08
    7.64900E-08    8.04216E-08    8.38277E-08    8.66703E-08
    8.88351E-08    9.04191E-08    9.18605E-08    9.17538E-08
    9.16473E-08    9.15411E-08    9.14352E-08    9.13295E-08
    9.12240E-08    9.11188E-08    9.31900E-08    1.09100E-07
    1.24300E-07    1.34800E-07    1.44900E-07    1.62000E-07
    1.84600E-07    1.93700E-07    2.04000E-07    2.17900E-07
    2.29800E-07    2.43300E-07    2.43900E-07    2.46400E-07
    2.61100E-07    2.61700E-07    2.58200E-07    2.45300E-07
    2.40100E-07    2.34900E-07    2.20300E-07    2.06600E-07
    1.93900E-07    1.78000E-07    1.55800E-07    1.39100E-07
    1.20300E-07    1.04800E-07    9.46400E-08    8.30600E-08
    7.23900E-08    6.31700E-08    5.52000E-08    4.84700E-08
    4.28200E-08    3.79600E-08    3.37700E-08    2.99600E-08
    2.67800E-08    2.40000E-08    2.13400E-08    1.90400E-08
    1.70500E-08    1.52300E-08    1.35000E-08    1.20400E-08
    1.07000E-08    9.40800E-09    8.47600E-09    7.47000E-09
    6.67900E-09    5.92900E-09    5.26700E-09    4.71100E-09
    4.17200E-09    3.76100E-09    3.28800E-09    2.92900E-09
    2.60900E-09    2.31500E-09    2.04200E-09    1.84400E-09
    1.64000E-09    1.47000E-09    1.31000E-09    1.17600E-09
    1.04900E-09    9.37700E-10    8.46200E-10    7.61600E-10
    6.85400E-10    6.19100E-10    5.59600E-10    5.07800E-10
    4.61100E-10    4.19700E-10    3.83000E-10    3.50500E-10
    3.21500E-10    2.95600E-10    2.72600E-10    2.52100E-10
    2.33800E-10    2.17300E-10    2.02600E-10    1.89500E-10
    1.77700E-10    1.67200E-10    1.57900E-10    1.49600E-10
    1.42300E-10    1.35800E-10    1.30200E-10    1.25400E-10
    1.21600E-10    1.18700E-10    1.16300E-10    1.14700E-10
    1.14500E-10    1.15000E-10    1.17000E-10    1.19200E-10
    1.25000E-10    1.29800E-10    1.34500E-10    1.40500E-10
    1.53800E-10    1.64800E-10    1.72100E-10    1.87200E-10
    1.96800E-10    2.08900E-10    2.17200E-10    2.31700E-10
    2.38900E-10    2.50300E-10    2.58500E-10    2.68600E-10
    2.80000E-10    2.89500E-10    3.01900E-10    3.03700E-10
    3.07600E-10    3.14600E-10    3.19800E-10    3.33200E-10
    3.39700E-10    3.54000E-10    3.66700E-10    3.89500E-10
    4.07100E-10    4.56500E-10    4.98300E-10    5.43900E-10
    5.96800E-10    6.67600E-10    7.45600E-10    8.40500E-10
    9.47800E-10    1.06400E-09    1.21800E-09    1.38600E-09
    1.58100E-09    1.78700E-09    2.03200E-09    2.34700E-09
    2.67700E-09    3.00800E-09    3.54400E-09    4.05600E-09
    4.68700E-09    5.33100E-09    6.22700E-09    6.85400E-09
    8.13900E-09    8.94500E-09    9.86500E-09    1.12500E-08
    1.17800E-08    1.36400E-08    1.43600E-08    1.54000E-08
    1.67200E-08    1.79300E-08    1.90600E-08    2.03600E-08
    2.14400E-08    2.29200E-08    2.37100E-08    2.49300E-08
    2.60600E-08    2.70600E-08    2.86600E-08    3.03600E-08
    3.13600E-08    3.40500E-08    3.66500E-08    3.83700E-08
    4.22900E-08    4.74800E-08    5.32000E-08    5.76300E-08
    6.67700E-08    7.21600E-08    7.71600E-08    8.95800E-08
    9.41900E-08    1.03600E-07    1.10800E-07    1.18900E-07
    1.24600E-07    1.34800E-07    1.31000E-07    1.36100E-07
    1.36400E-07    1.36300E-07    1.34300E-07    1.29300E-07
    1.25400E-07    1.23500E-07    1.15800E-07    1.10700E-07
    9.96100E-08    9.01100E-08    7.91000E-08    6.91600E-08
    6.33800E-08    5.56400E-08    4.82700E-08    4.19800E-08
    3.69500E-08    3.27600E-08    2.92900E-08    2.63300E-08
    2.39100E-08    2.19200E-08    2.02100E-08    1.89000E-08
    1.77200E-08    1.66700E-08    1.60300E-08    1.54700E-08
    1.53700E-08    1.49200E-08    1.51500E-08    1.47900E-08
    1.45000E-08    1.51300E-08    1.49500E-08    1.52900E-08
    1.56500E-08    1.56400E-08    1.55300E-08    1.56900E-08
    1.58400E-08    1.57000E-08    1.53800E-08    1.51300E-08
    1.47200E-08    1.42500E-08    1.34900E-08    1.32800E-08
    1.24900E-08    1.17000E-08    1.07700E-08    9.51400E-09
    8.61400E-09    7.46000E-09    6.62100E-09    5.77500E-09
    5.00600E-09    4.30800E-09    3.74700E-09    3.24000E-09
    2.84000E-09    2.48100E-09    2.18400E-09    1.92300E-09
    1.71000E-09    1.50400E-09    1.33400E-09    1.18700E-09
    1.05300E-09    9.36700E-10    8.30600E-10    7.41900E-10
    6.63000E-10    5.91800E-10    5.27700E-10    4.71700E-10
    4.22200E-10    3.78300E-10    3.39000E-10    3.03600E-10
    2.72900E-10    2.45500E-10    2.21100E-10    1.99500E-10
    1.80400E-10    1.63500E-10    1.48500E-10    1.35500E-10
    1.24000E-10    1.13900E-10    1.05100E-10    9.75700E-11
    9.11400E-11    8.57700E-11    8.13900E-11    7.79200E-11
    7.52000E-11    7.39000E-11    7.31100E-11    7.27700E-11
    7.48200E-11    7.69800E-11    8.16200E-11    8.51700E-11
    8.96800E-11    9.90500E-11    1.07500E-10    1.18700E-10
    1.29100E-10    1.42600E-10    1.57300E-10    1.73400E-10
    1.90500E-10    2.09700E-10    2.28000E-10    2.47300E-10
    2.71800E-10    2.92200E-10    3.12800E-10    3.36100E-10
    3.64100E-10    3.91000E-10    4.19600E-10    4.50100E-10
    4.93200E-10    5.25800E-10    5.75500E-10    6.25300E-10
    6.66400E-10    7.34400E-10    7.98500E-10    8.87700E-10
    1.00500E-09    1.11800E-09    1.25100E-09    1.42800E-09
    1.61000E-09    1.88800E-09    2.07700E-09    2.33100E-09
    2.75100E-09    3.06100E-09    3.52200E-09    3.80500E-09
    4.18100E-09    4.57500E-09    5.16700E-09    5.63400E-09
    6.00700E-09    6.50100E-09    6.82900E-09    7.21100E-09
    7.26200E-09    7.69600E-09    7.83200E-09    7.79900E-09
    7.65100E-09    7.30400E-09    7.15000E-09    6.97700E-09
    6.60300E-09    6.20900E-09    5.69000E-09    5.43200E-09
    4.76400E-09    4.18900E-09    3.64000E-09    3.20300E-09
    2.84800E-09    2.51000E-09    2.19400E-09    1.94600E-09
    1.75000E-09    1.56700E-09    1.42600E-09    1.30200E-09
    1.19700E-09    1.10900E-09    1.03500E-09    9.71900E-10
    9.20700E-10    8.95700E-10    8.57800E-10    8.26200E-10
    8.11700E-10    7.98700E-10    7.87500E-10    7.74100E-10
    7.76200E-10    7.53700E-10    7.42400E-10    7.47400E-10
    7.29400E-10    7.21600E-10    7.23300E-10    7.07500E-10
    6.89200E-10    6.61800E-10    6.31400E-10    6.20800E-10
    5.68900E-10    5.55000E-10    4.98400E-10    4.60000E-10
    4.07800E-10    3.87900E-10    3.45900E-10    2.98200E-10
    2.62600E-10    2.32900E-10    1.98800E-10    1.73500E-10
    1.48700E-10    1.29700E-10    1.13300E-10    9.94300E-11
    8.73600E-11    7.72600E-11    6.83600E-11    6.05300E-11
    5.38400E-11    4.78900E-11    4.26700E-11    3.80400E-11
    3.39800E-11    3.03400E-11    2.71000E-11    2.42500E-11
    2.17300E-11    1.95000E-11    1.75200E-11    1.57400E-11
    1.41800E-11    1.27800E-11    1.15400E-11    1.04400E-11
    9.46300E-12    8.60200E-12    7.84100E-12    7.17100E-12
    6.58400E-12    6.07300E-12    5.63100E-12    5.25400E-12
    4.93700E-12    4.67900E-12    4.47600E-12    4.32800E-12
    4.23300E-12    4.19400E-12    4.21100E-12    4.28600E-12
    4.42400E-12    4.62800E-12    4.90600E-12    5.26200E-12
    5.70800E-12    6.25400E-12    6.91400E-12    7.71400E-12
    8.67700E-12    9.74700E-12    1.10100E-11    1.25600E-11
    1.40900E-11    1.59700E-11    1.80700E-11    2.03400E-11
    2.31600E-11    2.62200E-11    2.96200E-11    3.36900E-11
    3.81900E-11    4.32900E-11    4.93200E-11    5.58900E-11
    6.36400E-11    7.28400E-11    8.23600E-11    9.44700E-11
    1.07800E-10    1.22900E-10    1.41700E-10    1.61400E-10
    1.84300E-10    2.10700E-10    2.40600E-10    2.72800E-10
    3.19500E-10    3.59500E-10    4.15300E-10    4.73600E-10
    5.41000E-10    6.08800E-10    6.76900E-10    7.69100E-10
    8.54500E-10    9.62100E-10    1.04700E-09    1.16100E-09
    1.29600E-09    1.42400E-09    1.57600E-09    1.73900E-09
    1.89300E-09    2.08000E-09    2.33600E-09    2.60400E-09
    2.76000E-09    3.00100E-09    3.36500E-09    3.55000E-09
    3.89500E-09    4.18300E-09    4.61400E-09    4.84600E-09
    5.06800E-09    5.42700E-09    5.54100E-09    5.86400E-09
    5.99700E-09    5.99700E-09    6.06100E-09    5.94400E-09
    5.85500E-09    5.66100E-09    5.52300E-09    5.37400E-09
    4.94000E-09    4.68800E-09    4.17000E-09    3.91300E-09
    3.42300E-09    2.99700E-09    2.59800E-09    2.25300E-09
    1.94600E-09    1.71000E-09    1.50700E-09    1.33600E-09
    1.19000E-09    1.06800E-09    9.62300E-10    8.77200E-10
    8.00700E-10    7.42000E-10    6.88400E-10    6.48300E-10
    6.16200E-10    5.92200E-10    5.68800E-10    5.65400E-10
    5.63700E-10    5.70100E-10    5.78100E-10    5.87400E-10
    6.26800E-10    6.35700E-10    6.52500E-10    7.13700E-10
    7.44100E-10    8.02400E-10    8.48500E-10    9.14300E-10
    9.53600E-10    9.71700E-10    1.01800E-09    1.04200E-09
    1.05400E-09    1.09200E-09    1.07900E-09    1.06400E-09
    1.04300E-09    1.02000E-09    9.68700E-10    9.27300E-10
    9.20800E-10    9.06800E-10    7.68700E-10    7.38500E-10
    6.59500E-10    5.87000E-10    5.14400E-10    4.41700E-10
    3.80400E-10    3.30100E-10    2.86600E-10    2.50900E-10
    2.20200E-10    1.94700E-10    1.71900E-10    1.52500E-10
    1.36100E-10    1.21000E-10    1.08400E-10    9.80000E-11
    8.80100E-11    7.95400E-11    7.12400E-11    6.33500E-11
    5.76000E-11    5.13200E-11    4.60100E-11    4.09600E-11
    3.65700E-11    3.25000E-11    2.90900E-11    2.58700E-11
    2.29700E-11    2.05000E-11    1.82800E-11    1.63200E-11
    1.46200E-11    1.31400E-11    1.18500E-11    1.07300E-11
    9.76000E-12    8.92200E-12    8.20600E-12    7.60200E-12
    7.10000E-12    6.69400E-12    6.37800E-12    6.14900E-12
    6.00400E-12    5.94100E-12    5.96200E-12    6.06900E-12
    6.26500E-12    6.55100E-12    6.93500E-12    7.45700E-12
    8.07400E-12    8.81100E-12    9.85200E-12    1.08600E-11
    1.20700E-11    1.36100E-11    1.55300E-11    1.73700E-11
    1.93000E-11    2.17500E-11    2.41000E-11    2.70600E-11
    3.02300E-11    3.31300E-11    3.65700E-11    4.11800E-11
    4.56900E-11    5.02500E-11    5.66000E-11    6.23100E-11
    6.88100E-11    7.99600E-11    8.52600E-11    9.69400E-11
    1.10600E-10    1.22200E-10    1.35500E-10    1.52500E-10
    1.77500E-10    1.92400E-10    2.18100E-10    2.37900E-10
    2.66200E-10    2.90700E-10    3.15400E-10    3.36600E-10
    3.57900E-10    3.85800E-10    4.04600E-10    4.19600E-10
    4.16600E-10    4.45700E-10    4.46600E-10    4.40400E-10
    4.33700E-10    4.15000E-10    4.08300E-10    3.91000E-10
    3.72300E-10    3.51400E-10    3.30300E-10    2.84700E-10
    2.54600E-10    2.23000E-10    1.99400E-10    1.73300E-10
    1.48800E-10    1.29700E-10    1.14400E-10    1.00400E-10
    8.74100E-11    7.92800E-11    7.03400E-11    6.32300E-11
    5.75400E-11    5.25000E-11    4.85000E-11    4.50200E-11
    4.28600E-11    4.02800E-11    3.89900E-11    3.82400E-11
    3.76100E-11    3.80400E-11    3.83900E-11    3.84500E-11
    4.24400E-11    4.38200E-11    4.58200E-11    4.84700E-11
    5.20900E-11    5.38400E-11    5.88700E-11    6.37100E-11
    6.73700E-11    7.16800E-11    7.41500E-11    7.82700E-11
    8.03700E-11    8.12000E-11    8.07100E-11    8.00800E-11
    7.85100E-11    7.54400E-11    7.37700E-11    7.17300E-11
    6.80100E-11    6.26700E-11    5.72700E-11    5.28800E-11
    4.85300E-11    4.08200E-11    3.64500E-11    3.13600E-11
    2.67200E-11    2.30400E-11    1.98600E-11    1.72500E-11
    1.50300E-11    1.31500E-11    1.15300E-11    1.01400E-11
    8.94200E-12    7.90100E-12    6.99300E-12    6.19900E-12
    5.50200E-12    4.89000E-12    4.35100E-12    3.87800E-12
    3.46100E-12    3.09400E-12    2.77100E-12    2.48800E-12
    2.24100E-12    2.02500E-12    1.83800E-12    1.67700E-12
    1.54100E-12    1.42700E-12    1.33500E-12    1.26200E-12
    1.20900E-12    1.17600E-12    1.16100E-12    1.16500E-12
    1.18900E-12    1.23400E-12    1.30000E-12    1.38900E-12
    1.50300E-12    1.64400E-12    1.81400E-12    2.01700E-12
    2.25500E-12    2.53400E-12    2.85800E-12    3.23100E-12
    3.66100E-12    4.15300E-12    4.71700E-12    5.36000E-12
    6.09400E-12    6.93000E-12    7.88200E-12    8.96600E-12
    1.02000E-11    1.16200E-11    1.32400E-11    1.51000E-11
    1.72000E-11    1.96500E-11    2.23700E-11    2.56000E-11
    2.92700E-11    3.37100E-11    3.84200E-11    4.42900E-11
    5.13900E-11    5.79800E-11    6.69700E-11    7.62600E-11
    8.64700E-11    1.02200E-10    1.13600E-10    1.30000E-10
    1.48100E-10    1.67200E-10    1.87100E-10    2.12600E-10
    2.35700E-10    2.58300E-10    2.99700E-10    3.28900E-10
    3.70200E-10    4.01200E-10    4.31900E-10    4.52700E-10
    5.00100E-10    5.44800E-10    5.61100E-10    5.76000E-10
    5.96500E-10    6.07900E-10    6.20700E-10    6.27600E-10
    6.22200E-10    6.13700E-10    6.00000E-10    5.81400E-10
    5.39300E-10    5.35000E-10    4.94700E-10    4.62900E-10
    4.11700E-10    3.71200E-10    3.37200E-10    2.92300E-10
    2.55000E-10    2.23200E-10    1.92900E-10    1.67900E-10
    1.46000E-10    1.28900E-10    1.13000E-10    9.95300E-11
    8.76300E-11    7.76000E-11    6.90000E-11    6.16000E-11
    5.52500E-11    4.95800E-11    4.48900E-11    4.07200E-11
    3.72800E-11    3.43800E-11    3.20500E-11    3.00600E-11
    2.84800E-11    2.76600E-11    2.68800E-11    2.66400E-11
    2.67000E-11    2.69600E-11    2.78600E-11    2.86100E-11
    3.00900E-11    3.17800E-11    3.38900E-11    3.58700E-11
    3.81900E-11    4.05400E-11    4.41700E-11    4.70300E-11
    5.13700E-11    5.46000E-11    6.05500E-11    6.33300E-11
    6.77300E-11    7.21900E-11    7.71700E-11    8.13100E-11
    8.49100E-11    8.57400E-11    9.01000E-11    9.01700E-11
    8.99900E-11    8.95900E-11    8.83800E-11    8.57900E-11
    8.16200E-11    8.09800E-11    7.47200E-11    7.10800E-11
    6.55900E-11    5.99400E-11    5.17200E-11    4.42400E-11
    3.95100E-11    3.34000E-11    2.90200E-11    2.54100E-11
    2.21500E-11    1.94500E-11    1.71600E-11    1.50300E-11
    1.33900E-11    1.18500E-11    1.05000E-11    9.33600E-12
    8.30700E-12    7.31200E-12    6.55000E-12    5.83600E-12
    5.17800E-12    4.60000E-12    4.08600E-12    3.63900E-12
    3.24700E-12    2.90400E-12    2.60400E-12    2.34100E-12
    2.11200E-12    1.91400E-12    1.74400E-12    1.59800E-12
    1.47600E-12    1.37400E-12    1.29300E-12    1.23000E-12
    1.18500E-12    1.15800E-12    1.14700E-12    1.15400E-12
    1.17700E-12    1.21900E-12    1.28000E-12    1.36000E-12
    1.46300E-12    1.59100E-12    1.75000E-12    1.94000E-12
    2.15600E-12    2.43000E-12    2.74800E-12    3.05200E-12
    3.53300E-12    3.96700E-12    4.47100E-12    5.04100E-12
    5.86000E-12    6.66400E-12    7.52200E-12    8.34200E-12
    9.41200E-12    1.07200E-11    1.21300E-11    1.34300E-11
    1.49600E-11    1.66400E-11    1.82200E-11    2.02900E-11
    2.23300E-11    2.45700E-11    2.70900E-11    2.92800E-11
    3.11500E-11    3.35600E-11    3.59200E-11    3.81800E-11
    3.93600E-11    4.06100E-11    4.14900E-11    4.29900E-11
    4.22300E-11    4.25100E-11    4.28700E-11    4.17700E-11
    4.09400E-11    3.94200E-11    3.77200E-11    3.61400E-11
    3.39400E-11    3.22200E-11    2.79100E-11    2.66500E-11
    2.30900E-11    2.03200E-11    1.74000E-11    1.53500E-11
    1.32300E-11    1.15100E-11    9.80300E-12    8.65000E-12
    7.54000E-12    6.61900E-12    5.83200E-12    5.11300E-12
    4.50300E-12    3.97500E-12    3.52000E-12    3.11200E-12
    2.79700E-12    2.50000E-12    2.24000E-12    2.01300E-12
    1.81900E-12    1.65300E-12    1.51300E-12    1.39500E-12
    1.29900E-12    1.22500E-12    1.16800E-12    1.12400E-12
    1.14800E-12    1.10700E-12    1.12800E-12    1.16900E-12
    1.23300E-12    1.30700E-12    1.35900E-12    1.54300E-12
    1.68600E-12    1.79400E-12    2.02800E-12    2.21000E-12
    2.44100E-12    2.65300E-12    2.82800E-12    3.09300E-12
    3.28000E-12    3.55100E-12    3.67700E-12    3.80300E-12
    3.84400E-12    4.06800E-12    4.09300E-12    4.00200E-12
    3.90400E-12    3.62400E-12    3.63300E-12    3.62200E-12
    3.44300E-12    3.18400E-12    2.93400E-12    2.47600E-12
    2.21200E-12    1.86700E-12    1.59400E-12    1.37000E-12
    1.19200E-12    1.04500E-12    9.21100E-13    8.17000E-13
    7.29000E-13    6.55000E-13    5.92900E-13    5.41500E-13
    4.99500E-13    4.66100E-13    4.40600E-13    4.22500E-13
    4.11600E-13    4.07500E-13    4.10200E-13    4.19800E-13
    4.36500E-13    4.60600E-13    4.92500E-13    5.32600E-13
    5.81800E-13    6.40700E-13    7.10400E-13    7.92000E-13
    8.86800E-13    9.96400E-13    1.12300E-12    1.26800E-12
    1.43400E-12    1.62600E-12    1.84800E-12    2.10700E-12
    2.42200E-12    2.77200E-12    3.14500E-12    3.70400E-12
    4.27000E-12    4.72100E-12    5.36100E-12    6.08300E-12
    7.09500E-12    7.96800E-12    9.22800E-12    1.04800E-11
    1.18700E-11    1.33600E-11    1.57700E-11    1.77200E-11
    2.01700E-11    2.25000E-11    2.63000E-11    2.91100E-11
    3.35600E-11    3.82000E-11    4.17300E-11    4.81100E-11
    5.25400E-11    5.83900E-11    6.18700E-11    6.80500E-11
    7.11800E-11    7.36900E-11    7.66400E-11    7.79400E-11
    7.94700E-11    8.03600E-11    7.95400E-11    7.84900E-11
    7.51800E-11    7.46200E-11    6.92600E-11    6.53100E-11
    6.19700E-11    5.42100E-11    4.77700E-11    4.11100E-11
    3.67900E-11    3.16600E-11    2.78600E-11    2.43600E-11
    2.14400E-11    1.85900E-11    1.62800E-11    1.41400E-11
    1.23700E-11    1.09300E-11    9.55800E-12
*END
