*BEGIN_DATA

     Start of table                = -2.00000E+01     cm-1
     End of table                  =  2.00000E+04     cm-1
     Increment in table            =  1.00000E+01     cm-1
     Number of points in table     =  2003

     Continuum coefficients (cm^3.mol-1 * 1.0E-20)
    1.89959E-02    9.44643E-03    0.00000E+00    9.44643E-03
    1.89959E-02    2.77019E-02    3.67462E-02    4.37317E-02
    5.13453E-02    5.56420E-02    6.03843E-02    6.20931E-02
    6.15495E-02    6.25162E-02    5.99238E-02    5.83079E-02
    5.57782E-02    4.97178E-02    4.88033E-02    4.29049E-02
    4.12721E-02    3.74514E-02    3.31399E-02    3.14690E-02
    2.77715E-02    2.58670E-02    2.25976E-02    2.03666E-02
    1.81957E-02    1.61317E-02    1.43606E-02    1.29732E-02
    1.12727E-02    1.01941E-02    9.01483E-03    8.11883E-03
    7.22356E-03    6.54604E-03    5.84207E-03    5.19562E-03
    4.67048E-03    4.22603E-03    3.81764E-03    3.44117E-03
    3.12713E-03    2.80641E-03    2.53016E-03    2.28667E-03
    2.07197E-03    1.86326E-03    1.68128E-03    1.51739E-03
    1.36824E-03    1.23677E-03    1.11775E-03    1.00772E-03
    9.09561E-04    8.23088E-04    7.44848E-04    6.74682E-04
    6.10653E-04    5.53973E-04    5.03236E-04    4.58427E-04
    4.18106E-04    3.82048E-04    3.49732E-04    3.20537E-04
    2.94497E-04    2.71074E-04    2.49814E-04    2.30933E-04
    2.13876E-04    1.98273E-04    1.84428E-04    1.71776E-04
    1.60326E-04    1.49991E-04    1.40391E-04    1.31628E-04
    1.23612E-04    1.16249E-04    1.09447E-04    1.03112E-04
    9.75572E-05    9.26294E-05    8.80484E-05    8.38773E-05
    7.97764E-05    7.57896E-05    7.19941E-05    6.83034E-05
    6.47532E-05    6.16788E-05    5.79029E-05    5.44182E-05
    5.07297E-05    4.77263E-05    4.51790E-05    4.28422E-05
    4.06805E-05    3.86151E-05    3.66859E-05    3.48635E-05
    3.31681E-05    3.15702E-05    3.00799E-05    2.86974E-05
    2.74130E-05    2.62270E-05    2.51493E-05    2.41603E-05
    2.32701E-05    2.24787E-05    2.17664E-05    2.11930E-05
    2.07287E-05    2.03438E-05    2.00683E-05    1.99420E-05
    1.99152E-05    2.00378E-05    2.02601E-05    2.06320E-05
    2.11933E-05    2.18445E-05    2.26254E-05    2.35960E-05
    2.45867E-05    2.61365E-05    2.76964E-05    2.93263E-05
    3.13958E-05    3.35453E-05    3.69035E-05    4.90150E-05
    6.61194E-05    7.44133E-05    8.69265E-05    9.86861E-05
    1.10652E-04    1.15842E-04    1.25414E-04    1.41645E-04
    1.51465E-04    1.77021E-04    2.19694E-04    2.64193E-04
    3.07068E-04    3.64762E-04    4.24000E-04    4.77007E-04
    5.27080E-04    5.82543E-04    6.39540E-04    6.82144E-04
    6.98039E-04    6.99355E-04    7.00385E-04    7.13503E-04
    7.27595E-04    7.77736E-04    8.19500E-04    8.24845E-04
    8.05802E-04    7.72883E-04    7.12439E-04    6.68606E-04
    6.55783E-04    6.44910E-04    6.40952E-04    6.26166E-04
    6.01741E-04    5.67193E-04    5.30849E-04    4.82324E-04
    4.38908E-04    3.99646E-04    3.57307E-04    3.09977E-04
    2.75247E-04    2.46559E-04    2.08133E-04    1.79260E-04
    1.54846E-04    1.27016E-04    1.05870E-04    9.69838E-05
    8.26237E-05    6.92299E-05    5.97872E-05    5.44656E-05
    5.16737E-05    4.75874E-05    4.37604E-05    4.15813E-05
    3.82866E-05    3.20492E-05    3.02469E-05    2.81503E-05
    2.57697E-05    2.31156E-05    2.12000E-05    1.95015E-05
    1.80554E-05    1.66700E-05    1.54843E-05    1.43063E-05
    1.32175E-05    1.21971E-05    1.14817E-05    1.08124E-05
    1.02133E-05    9.67204E-06    9.22642E-06    8.73146E-06
    8.33925E-06    8.02326E-06    7.72963E-06    7.38525E-06
    7.17523E-06    7.03014E-06    6.83636E-06    6.64434E-06
    6.51441E-06    6.37309E-06    6.23482E-06    6.13956E-06
    6.11681E-06    6.03965E-06    5.92368E-06    5.82707E-06
    5.81217E-06    5.79048E-06    5.79741E-06    5.83090E-06
    5.83333E-06    5.71660E-06    5.49915E-06    5.26245E-06
    5.00756E-06    4.75314E-06    4.60833E-06    4.52116E-06
    4.46612E-06    4.42140E-06    4.41148E-06    4.38531E-06
    4.36911E-06    4.34737E-06    4.33710E-06    4.30361E-06
    4.26640E-06    4.24940E-06    4.22302E-06    4.22925E-06
    4.19606E-06    4.17726E-06    4.18750E-06    4.21712E-06
    4.16744E-06    4.20772E-06    4.27154E-06    4.24828E-06
    4.23893E-06    4.21141E-06    4.21515E-06    4.18340E-06
    4.17218E-06    4.19625E-06    4.31343E-06    4.35465E-06
    4.33333E-06    4.41033E-06    4.40294E-06    4.35092E-06
    4.29416E-06    4.32873E-06    4.27754E-06    4.29386E-06
    4.38849E-06    4.52258E-06    4.62143E-06    4.74733E-06
    4.89007E-06    4.98092E-06    5.04930E-06    5.21404E-06
    5.38951E-06    5.51916E-06    5.61181E-06    5.71003E-06
    5.71241E-06    5.79450E-06    5.90548E-06    6.05666E-06
    6.23265E-06    6.45763E-06    6.57230E-06    6.59663E-06
    6.53289E-06    6.50435E-06    6.45933E-06    6.62857E-06
    6.77815E-06    7.12871E-06    7.58092E-06    7.84918E-06
    8.11961E-06    8.33420E-06    8.60130E-06    8.67961E-06
    8.97871E-06    8.88360E-06    8.94936E-06    9.04920E-06
    9.30956E-06    1.01137E-05    1.15962E-05    1.30896E-05
    1.46340E-05    1.56169E-05    1.56875E-05    1.49078E-05
    1.40298E-05    1.27399E-05    1.17506E-05    1.08800E-05
    1.03233E-05    9.91132E-06    9.68110E-06    9.47660E-06
    9.31758E-06    9.26949E-06    9.20422E-06    9.22643E-06
    9.09282E-06    9.45254E-06    9.60298E-06    1.01822E-05
    1.07101E-05    1.16791E-05    1.24682E-05    1.40217E-05
    1.57181E-05    1.77668E-05    2.02843E-05    2.34081E-05
    2.68017E-05    3.02513E-05    3.41287E-05    3.81203E-05
    4.23314E-05    4.64558E-05    5.06932E-05    5.50765E-05
    5.97401E-05    6.44958E-05    6.93427E-05    7.43697E-05
    7.93631E-05    8.43454E-05    8.91889E-05    9.41551E-05
    9.91381E-05    8.76749E-05    7.48297E-05    1.07000E-04
    1.18400E-04    1.26400E-04    1.47500E-04    1.61200E-04
    1.70400E-04    1.81800E-04    1.92400E-04    1.99400E-04
    2.06100E-04    2.18000E-04    2.18700E-04    2.20000E-04
    2.19600E-04    2.13100E-04    2.01500E-04    1.98800E-04
    1.84700E-04    1.72900E-04    1.59700E-04    1.37300E-04
    1.26200E-04    1.08700E-04    9.43900E-05    8.06100E-05
    7.09300E-05    6.04900E-05    5.49980E-05    3.88906E-05
    2.06167E-05    1.64673E-05    1.22828E-05    9.86448E-06
    8.06834E-06    7.51579E-06    7.07550E-06    6.62244E-06
    6.31890E-06    5.88238E-06    5.38911E-06    4.91210E-06
    4.80887E-06    4.58771E-06    4.38284E-06    4.25966E-06
    4.12829E-06    4.01071E-06    3.95582E-06    3.88232E-06
    3.77971E-06    3.70940E-06    3.59423E-06    3.50264E-06
    3.44593E-06    3.41766E-06    3.37238E-06    3.34632E-06
    3.30853E-06    3.27801E-06    3.22736E-06    3.20941E-06
    3.16291E-06    3.10726E-06    3.05981E-06    3.02984E-06
    2.97302E-06    2.95777E-06    2.92963E-06    2.88961E-06
    2.87650E-06    2.83034E-06    2.78807E-06    2.76064E-06
    2.74247E-06    2.69613E-06    2.70500E-06    2.69161E-06
    2.69140E-06    2.68804E-06    2.68423E-06    2.63730E-06
    2.62332E-06    2.58300E-06    2.55893E-06    2.52873E-06
    2.53156E-06    2.51885E-06    2.50796E-06    2.51523E-06
    2.52247E-06    2.54505E-06    2.55307E-06    2.56455E-06
    2.53450E-06    2.54902E-06    2.51739E-06    2.51931E-06
    2.49740E-06    2.51274E-06    2.50690E-06    2.50150E-06
    2.48112E-06    2.48437E-06    2.45513E-06    2.40298E-06
    2.36894E-06    2.32824E-06    2.30424E-06    2.27738E-06
    2.26709E-06    2.25979E-06    2.26302E-06    2.25073E-06
    2.25188E-06    2.25971E-06    2.23292E-06    2.19792E-06
    2.18423E-06    2.18385E-06    2.14793E-06    2.14309E-06
    2.17819E-06    2.15688E-06    2.15246E-06    2.15460E-06
    2.12861E-06    2.09454E-06    2.10004E-06    2.05452E-06
    2.05644E-06    2.07527E-06    2.07633E-06    2.08463E-06
    2.10241E-06    2.15110E-06    2.18680E-06    2.23034E-06
    2.26454E-06    2.34513E-06    2.35357E-06    2.59208E-06
    2.93004E-06    3.18935E-06    4.20472E-06    5.11356E-06
    6.02118E-06    7.01331E-06    8.30469E-06    9.15088E-06
    1.13739E-05    1.29942E-05    1.49066E-05    1.70039E-05
    1.77139E-05    1.68844E-05    1.68233E-05    1.67624E-05
    1.67018E-05    1.66413E-05    1.65812E-05    1.65212E-05
    1.64615E-05    1.64020E-05    1.63427E-05    1.62836E-05
    1.62248E-05    1.61662E-05    1.61700E-05    1.65200E-05
    1.71300E-05    1.72400E-05    1.71500E-05    1.66800E-05
    1.62900E-05    1.57052E-05    1.56485E-05    1.43198E-05
    1.22782E-05    1.11466E-05    1.02026E-05    9.35743E-06
    8.67033E-06    8.21938E-06    7.76934E-06    7.30528E-06
    6.54691E-06    5.66171E-06    4.77355E-06    3.92477E-06
    3.08845E-06    2.48522E-06    2.06781E-06    1.70822E-06
    1.37928E-06    1.12283E-06    9.96749E-07    8.84171E-07
    7.99288E-07    7.27388E-07    6.63581E-07    6.09451E-07
    5.69646E-07    5.29770E-07    4.99436E-07    4.73532E-07
    4.59157E-07    4.42486E-07    4.25734E-07    4.05933E-07
    3.89477E-07    3.68834E-07    3.52013E-07    3.37226E-07
    3.21107E-07    3.07530E-07    2.88482E-07    2.69122E-07
    2.51168E-07    2.34236E-07    2.15171E-07    2.03042E-07
    1.93993E-07    1.88211E-07    1.83707E-07    1.77612E-07
    1.70843E-07    1.63231E-07    1.57442E-07    1.48246E-07
    1.39824E-07    1.31230E-07    1.22436E-07    1.14559E-07
    1.12250E-07    1.10834E-07    1.10876E-07    1.09314E-07
    1.06066E-07    1.01001E-07    9.74067E-08    9.33681E-08
    9.11150E-08    8.97029E-08    8.82889E-08    8.66530E-08
    8.54060E-08    8.38063E-08    8.23655E-08    8.11414E-08
    7.98855E-08    7.85718E-08    7.71878E-08    7.51437E-08
    7.29250E-08    7.13080E-08    7.02737E-08    6.92330E-08
    6.78516E-08    6.66511E-08    6.50187E-08    6.35067E-08
    6.26992E-08    6.25098E-08    6.26014E-08    6.29088E-08
    6.32471E-08    6.25763E-08    6.14583E-08    6.05018E-08
    5.98922E-08    5.89160E-08    5.80058E-08    5.73276E-08
    5.67675E-08    5.61435E-08    5.53370E-08    5.48575E-08
    5.49590E-08    5.52592E-08    5.55057E-08    5.64367E-08
    5.98199E-08    6.25404E-08    6.54717E-08    6.95187E-08
    7.42118E-08    7.74895E-08    8.20946E-08    8.74696E-08
    9.31952E-08    9.92972E-08    1.05798E-07    1.12727E-07
    1.20109E-07    1.27975E-07    1.36342E-07    1.45273E-07
    1.54788E-07    1.64926E-07    1.75722E-07    1.87368E-07
    2.00060E-07    2.42248E-07    2.89820E-07    3.58325E-07
    4.63283E-07    5.78539E-07    6.75892E-07    7.78751E-07
    8.83026E-07    9.58785E-07    1.02979E-06    1.08092E-06
    1.11378E-06    1.10819E-06    1.07135E-06    1.01627E-06
    9.72463E-07    9.24099E-07    9.00350E-07    9.06773E-07
    9.71603E-07    1.06244E-06    1.17128E-06    1.29840E-06
    1.42148E-06    1.48061E-06    1.51121E-06    1.52814E-06
    1.51095E-06    1.51137E-06    1.52500E-06    1.53687E-06
    1.57679E-06    1.67239E-06    1.74286E-06    1.83081E-06
    1.95613E-06    2.10612E-06    2.28437E-06    2.57702E-06
    2.97734E-06    3.29844E-06    3.43418E-06    3.42840E-06
    3.42263E-06    3.41688E-06    3.41114E-06    3.40542E-06
    3.98000E-06    4.30000E-06    4.51800E-06    5.32100E-06
    5.50800E-06    6.21100E-06    6.59000E-06    7.04600E-06
    7.55500E-06    7.55800E-06    7.87500E-06    8.31900E-06
    8.43300E-06    8.59000E-06    8.50300E-06    8.30400E-06
    8.33600E-06    7.73900E-06    7.30100E-06    6.82700E-06
    6.07800E-06    5.55100E-06    4.76200E-06    4.22400E-06
    3.26748E-06    3.01949E-06    2.58568E-06    2.12335E-06
    1.73854E-06    1.41319E-06    1.17204E-06    9.73530E-07
    8.27050E-07    7.26211E-07    6.44224E-07    5.74766E-07
    5.22453E-07    4.76031E-07    4.34946E-07    4.00132E-07
    3.77718E-07    3.56185E-07    3.40423E-07    3.12126E-07
    2.80501E-07    2.42714E-07    2.12368E-07    1.85046E-07
    1.71496E-07    1.61127E-07    1.53848E-07    1.44891E-07
    1.35953E-07    1.28195E-07    1.21395E-07    1.14803E-07
    1.09927E-07    1.06251E-07    1.03476E-07    9.97434E-08
    9.72088E-08    9.38189E-08    9.05124E-08    8.72556E-08
    8.59121E-08    8.42203E-08    8.23303E-08    8.07319E-08
    7.75008E-08    7.35193E-08    7.05608E-08    6.80556E-08
    6.46840E-08    6.25129E-08    6.09386E-08    5.91757E-08
    5.74021E-08    5.61386E-08    5.50905E-08    5.41610E-08
    5.32262E-08    5.24549E-08    5.16302E-08    5.04337E-08
    4.94181E-08    4.90033E-08    4.87170E-08    4.81419E-08
    4.78724E-08    4.77106E-08    4.76588E-08    4.80368E-08
    4.86447E-08    4.98732E-08    5.08857E-08    5.21108E-08
    5.38958E-08    5.52869E-08    5.58345E-08    5.69909E-08
    5.82698E-08    5.87210E-08    5.94996E-08    6.04010E-08
    6.12514E-08    6.24416E-08    6.43727E-08    6.65014E-08
    6.88828E-08    7.11150E-08    7.28102E-08    7.38687E-08
    7.48349E-08    7.58134E-08    7.67822E-08    7.76980E-08
    7.86116E-08    7.95375E-08    8.04755E-08    8.14233E-08
    8.23809E-08    8.33529E-08    8.43369E-08    8.53305E-08
    8.65986E-08    8.88053E-08    9.18734E-08    9.58616E-08
    1.00826E-07    1.06559E-07    1.12481E-07    1.18658E-07
    1.24671E-07    1.30507E-07    1.36533E-07    1.42897E-07
    1.49670E-07    1.57320E-07    1.65892E-07    1.75099E-07
    1.84777E-07    1.92865E-07    1.99579E-07    2.04854E-07
    2.08508E-07    2.10594E-07    2.12791E-07    2.12544E-07
    2.12297E-07    2.12051E-07    2.11806E-07    2.11561E-07
    2.11316E-07    2.11073E-07    2.10829E-07    2.10587E-07
    2.10345E-07    2.10103E-07    2.19200E-07    2.48500E-07
    2.86700E-07    3.03500E-07    3.22300E-07    3.44300E-07
    3.61700E-07    3.79300E-07    3.79300E-07    3.83900E-07
    4.08100E-07    4.11700E-07    4.08500E-07    3.92000E-07
    3.85100E-07    3.75400E-07    3.49000E-07    3.22900E-07
    2.97800E-07    2.69100E-07    2.31200E-07    2.02900E-07
    1.72100E-07    1.47200E-07    1.30800E-07    1.13200E-07
    9.73600E-08    8.45800E-08    7.40200E-08    6.53400E-08
    5.81100E-08    5.23500E-08    4.76200E-08    4.29300E-08
    3.89600E-08    3.52600E-08    3.16500E-08    2.83300E-08
    2.55100E-08    2.28800E-08    2.03600E-08    1.82000E-08
    1.62600E-08    1.43800E-08    1.29900E-08    1.14900E-08
    1.03000E-08    9.14800E-09    8.12200E-09    7.26400E-09
    6.42500E-09    5.77700E-09    5.06000E-09    4.50200E-09
    4.01300E-09    3.56700E-09    3.14500E-09    2.86400E-09
    2.55300E-09    2.31100E-09    2.08700E-09    1.88600E-09
    1.71600E-09    1.55600E-09    1.43200E-09    1.31100E-09
    1.20200E-09    1.10400E-09    1.01300E-09    9.29300E-10
    8.49300E-10    7.79000E-10    7.18500E-10    6.64200E-10
    6.14100E-10    5.68400E-10    5.34600E-10    5.03200E-10
    4.72500E-10    4.43900E-10    4.17600E-10    3.93000E-10
    3.71400E-10    3.51500E-10    3.33200E-10    3.16700E-10
    3.02000E-10    2.88700E-10    2.76900E-10    2.66500E-10
    2.57800E-10    2.50300E-10    2.43600E-10    2.37700E-10
    2.34200E-10    2.30500E-10    2.29600E-10    2.27800E-10
    2.32100E-10    2.35500E-10    2.40200E-10    2.47800E-10
    2.67000E-10    2.84800E-10    2.98200E-10    3.26300E-10
    3.43800E-10    3.64900E-10    3.82900E-10    4.11500E-10
    4.26400E-10    4.47300E-10    4.63000E-10    4.80800E-10
    4.99500E-10    5.14200E-10    5.31300E-10    5.31800E-10
    5.35800E-10    5.45200E-10    5.50700E-10    5.69800E-10
    5.78200E-10    5.98300E-10    6.16400E-10    6.53200E-10
    6.81100E-10    7.62400E-10    8.30200E-10    9.06700E-10
    9.93700E-10    1.10400E-09    1.22100E-09    1.36100E-09
    1.51600E-09    1.67500E-09    1.88300E-09    2.10100E-09
    2.34900E-09    2.61400E-09    2.92000E-09    3.30500E-09
    3.72400E-09    4.14200E-09    4.88700E-09    5.61400E-09
    6.50600E-09    7.46300E-09    8.81700E-09    9.84900E-09
    1.18700E-08    1.32100E-08    1.47400E-08    1.69800E-08
    1.79400E-08    2.09000E-08    2.21100E-08    2.36200E-08
    2.55600E-08    2.72900E-08    2.88000E-08    3.04600E-08
    3.16700E-08    3.36700E-08    3.45700E-08    3.59000E-08
    3.71100E-08    3.82600E-08    4.00100E-08    4.21100E-08
    4.31500E-08    4.66100E-08    5.01000E-08    5.24900E-08
    5.84000E-08    6.62800E-08    7.51200E-08    8.25300E-08
    9.72200E-08    1.06700E-07    1.15300E-07    1.34700E-07
    1.42800E-07    1.57700E-07    1.69400E-07    1.83300E-07
    1.93800E-07    2.10800E-07    2.05900E-07    2.15700E-07
    2.18500E-07    2.20800E-07    2.18200E-07    2.09300E-07
    2.01400E-07    1.96200E-07    1.81900E-07    1.71300E-07
    1.51000E-07    1.34000E-07    1.15400E-07    9.89000E-08
    8.88000E-08    7.67300E-08    6.59900E-08    5.73000E-08
    5.08100E-08    4.56700E-08    4.14700E-08    3.77300E-08
    3.46000E-08    3.19400E-08    2.95300E-08    2.75900E-08
    2.59400E-08    2.44200E-08    2.35500E-08    2.28300E-08
    2.27900E-08    2.23100E-08    2.27900E-08    2.23900E-08
    2.21000E-08    2.30900E-08    2.29300E-08    2.35200E-08
    2.41500E-08    2.43000E-08    2.42600E-08    2.46500E-08
    2.50000E-08    2.49600E-08    2.46500E-08    2.44500E-08
    2.38300E-08    2.29900E-08    2.16500E-08    2.11300E-08
    1.96800E-08    1.81900E-08    1.64400E-08    1.42700E-08
    1.27000E-08    1.08200E-08    9.42800E-09    8.09100E-09
    6.95800E-09    5.98800E-09    5.24600E-09    4.60100E-09
    4.09800E-09    3.66400E-09    3.28700E-09    2.94200E-09
    2.65600E-09    2.36400E-09    2.11800E-09    1.90300E-09
    1.70300E-09    1.52500E-09    1.36500E-09    1.22900E-09
    1.10700E-09    9.96000E-10    8.94500E-10    8.08000E-10
    7.30800E-10    6.61600E-10    5.99400E-10    5.42200E-10
    4.92900E-10    4.47800E-10    4.07000E-10    3.70700E-10
    3.37900E-10    3.08700E-10    2.82300E-10    2.59200E-10
    2.38500E-10    2.20100E-10    2.03800E-10    1.89700E-10
    1.77400E-10    1.66700E-10    1.57700E-10    1.50200E-10
    1.43700E-10    1.39400E-10    1.35800E-10    1.32400E-10
    1.32900E-10    1.32400E-10    1.36000E-10    1.39000E-10
    1.42400E-10    1.54400E-10    1.65100E-10    1.81700E-10
    1.98400E-10    2.19500E-10    2.43800E-10    2.70000E-10
    2.99100E-10    3.32200E-10    3.63200E-10    3.95700E-10
    4.36000E-10    4.70100E-10    5.03000E-10    5.38100E-10
    5.79300E-10    6.19000E-10    6.59600E-10    7.00400E-10
    7.56100E-10    7.93400E-10    8.55200E-10    9.14200E-10
    9.57000E-10    1.02700E-09    1.09700E-09    1.19300E-09
    1.33400E-09    1.47000E-09    1.63600E-09    1.87100E-09
    2.12200E-09    2.51900E-09    2.80600E-09    3.20300E-09
    3.84600E-09    4.36200E-09    5.11400E-09    5.64300E-09
    6.30500E-09    6.98100E-09    7.98300E-09    8.78300E-09
    9.41900E-09    1.01700E-08    1.06300E-08    1.12100E-08
    1.13000E-08    1.20100E-08    1.22500E-08    1.23200E-08
    1.22300E-08    1.17700E-08    1.15100E-08    1.11600E-08
    1.04700E-08    9.69800E-09    8.73400E-09    8.20200E-09
    7.04100E-09    6.07400E-09    5.17200E-09    4.46800E-09
    3.91300E-09    3.41400E-09    2.97500E-09    2.65000E-09
    2.40600E-09    2.17300E-09    2.00900E-09    1.86100E-09
    1.72700E-09    1.61200E-09    1.51400E-09    1.43000E-09
    1.36200E-09    1.33300E-09    1.28800E-09    1.24900E-09
    1.23800E-09    1.22800E-09    1.21700E-09    1.20200E-09
    1.20900E-09    1.17700E-09    1.15700E-09    1.16500E-09
    1.14200E-09    1.13100E-09    1.13800E-09    1.11700E-09
    1.10000E-09    1.06900E-09    1.02300E-09    1.00500E-09
    9.15900E-10    8.86300E-10    7.86500E-10    7.15300E-10
    6.24700E-10    5.84600E-10    5.13300E-10    4.36000E-10
    3.78900E-10    3.33500E-10    2.83300E-10    2.48300E-10
    2.15500E-10    1.91800E-10    1.70900E-10    1.52900E-10
    1.37400E-10    1.23500E-10    1.10800E-10    9.93300E-11
    8.93200E-11    8.02200E-11    7.22400E-11    6.52000E-11
    5.89600E-11    5.32800E-11    4.81300E-11    4.36500E-11
    3.96100E-11    3.59400E-11    3.26600E-11    2.96700E-11
    2.70100E-11    2.46400E-11    2.24800E-11    2.05400E-11
    1.87800E-11    1.72100E-11    1.57900E-11    1.45300E-11
    1.34100E-11    1.24100E-11    1.15400E-11    1.07800E-11
    1.01400E-11    9.60100E-12    9.16700E-12    8.83800E-12
    8.61400E-12    8.49300E-12    8.48100E-12    8.58100E-12
    8.79500E-12    9.13100E-12    9.60100E-12    1.02100E-11
    1.09700E-11    1.19100E-11    1.30300E-11    1.43900E-11
    1.60100E-11    1.77800E-11    1.98400E-11    2.23400E-11
    2.47400E-11    2.76600E-11    3.08500E-11    3.41500E-11
    3.82100E-11    4.26100E-11    4.74800E-11    5.32300E-11
    5.93500E-11    6.61900E-11    7.41800E-11    8.29400E-11
    9.26000E-11    1.03900E-10    1.15600E-10    1.29700E-10
    1.46000E-10    1.64100E-10    1.85800E-10    2.10000E-10
    2.38300E-10    2.72400E-10    3.11600E-10    3.53800E-10
    4.17300E-10    4.72700E-10    5.50300E-10    6.33700E-10
    7.32000E-10    8.29800E-10    9.32800E-10    1.05900E-09
    1.17600E-09    1.32800E-09    1.44500E-09    1.59300E-09
    1.77000E-09    1.95400E-09    2.17500E-09    2.40500E-09
    2.62200E-09    2.90600E-09    3.29400E-09    3.71300E-09
    3.98000E-09    4.38400E-09    4.98700E-09    5.31100E-09
    5.87400E-09    6.33700E-09    7.02700E-09    7.39000E-09
    7.76900E-09    8.37400E-09    8.60500E-09    9.16500E-09
    9.41500E-09    9.51100E-09    9.70400E-09    9.58800E-09
    9.45000E-09    9.08600E-09    8.79800E-09    8.46900E-09
    7.69700E-09    7.16800E-09    6.25500E-09    5.77200E-09
    4.97000E-09    4.27100E-09    3.65300E-09    3.15400E-09
    2.74200E-09    2.43500E-09    2.16600E-09    1.93600E-09
    1.73100E-09    1.55600E-09    1.39900E-09    1.27200E-09
    1.15700E-09    1.06600E-09    9.84400E-10    9.25800E-10
    8.78700E-10    8.42100E-10    8.08300E-10    8.04600E-10
    8.06700E-10    8.18100E-10    8.32500E-10    8.51700E-10
    9.15100E-10    9.35100E-10    9.67700E-10    1.07100E-09
    1.12600E-09    1.21900E-09    1.29700E-09    1.40800E-09
    1.47600E-09    1.51700E-09    1.60000E-09    1.64900E-09
    1.67800E-09    1.74600E-09    1.74200E-09    1.72800E-09
    1.69900E-09    1.65500E-09    1.56100E-09    1.48000E-09
    1.45100E-09    1.41100E-09    1.17100E-09    1.10600E-09
    9.71400E-10    8.52300E-10    7.34600E-10    6.24100E-10
    5.37100E-10    4.70400E-10    4.14400E-10    3.68300E-10
    3.29200E-10    2.94200E-10    2.62000E-10    2.34100E-10
    2.10400E-10    1.88400E-10    1.70000E-10    1.54600E-10
    1.39400E-10    1.26500E-10    1.14000E-10    1.01900E-10
    9.27900E-11    8.28300E-11    7.45800E-11    6.66800E-11
    5.97600E-11    5.33000E-11    4.79400E-11    4.28900E-11
    3.84100E-11    3.46700E-11    3.13000E-11    2.83200E-11
    2.58200E-11    2.35600E-11    2.15200E-11    1.97000E-11
    1.80800E-11    1.66400E-11    1.53900E-11    1.43400E-11
    1.34400E-11    1.26900E-11    1.20900E-11    1.16200E-11
    1.12900E-11    1.10800E-11    1.09900E-11    1.10300E-11
    1.11900E-11    1.14800E-11    1.19300E-11    1.25200E-11
    1.32900E-11    1.42100E-11    1.55500E-11    1.68500E-11
    1.83900E-11    2.05400E-11    2.31700E-11    2.57100E-11
    2.83900E-11    3.17100E-11    3.49000E-11    3.88600E-11
    4.28700E-11    4.64500E-11    5.04700E-11    5.59200E-11
    6.10900E-11    6.62800E-11    7.38100E-11    8.08800E-11
    8.96600E-11    1.04500E-10    1.12000E-10    1.28700E-10
    1.48600E-10    1.66200E-10    1.86600E-10    2.13300E-10
    2.52400E-10    2.77600E-10    3.20400E-10    3.55900E-10
    4.02800E-10    4.44800E-10    4.88200E-10    5.24400E-10
    5.60500E-10    6.01800E-10    6.32800E-10    6.57900E-10
    6.54100E-10    7.02400E-10    7.07400E-10    7.06800E-10
    7.00900E-10    6.69800E-10    6.54500E-10    6.20900E-10
    5.83400E-10    5.41200E-10    5.00100E-10    4.23100E-10
    3.72700E-10    3.21100E-10    2.83300E-10    2.44700E-10
    2.09700E-10    1.84300E-10    1.63900E-10    1.44900E-10
    1.27000E-10    1.16100E-10    1.03300E-10    9.28200E-11
    8.40700E-11    7.63900E-11    7.02300E-11    6.47400E-11
    6.14200E-11    5.76000E-11    5.56800E-11    5.47200E-11
    5.39000E-11    5.45500E-11    5.54000E-11    5.58700E-11
    6.23000E-11    6.49000E-11    6.86800E-11    7.38200E-11
    8.02200E-11    8.37200E-11    9.24300E-11    1.00400E-10
    1.06200E-10    1.13000E-10    1.17600E-10    1.24400E-10
    1.27900E-10    1.29800E-10    1.30200E-10    1.31200E-10
    1.29500E-10    1.24400E-10    1.21100E-10    1.16700E-10
    1.09800E-10    9.92700E-11    8.85400E-11    8.01100E-11
    7.18200E-11    5.92300E-11    5.21200E-11    4.45300E-11
    3.83200E-11    3.37100E-11    2.98700E-11    2.65100E-11
    2.35400E-11    2.09300E-11    1.86300E-11    1.66200E-11
    1.48600E-11    1.33100E-11    1.19300E-11    1.07100E-11
    9.62800E-12    8.66000E-12    7.80100E-12    7.03100E-12
    6.34700E-12    5.73300E-12    5.18200E-12    4.69500E-12
    4.26000E-12    3.87400E-12    3.53300E-12    3.23500E-12
    2.97900E-12    2.76000E-12    2.57900E-12    2.43200E-12
    2.32100E-12    2.24600E-12    2.20500E-12    2.19600E-12
    2.22300E-12    2.28800E-12    2.38700E-12    2.52500E-12
    2.70400E-12    2.92500E-12    3.19100E-12    3.50800E-12
    3.87600E-12    4.30300E-12    4.79300E-12    5.34700E-12
    5.97800E-12    6.68200E-12    7.46700E-12    8.34000E-12
    9.29300E-12    1.03500E-11    1.15200E-11    1.28500E-11
    1.42800E-11    1.58600E-11    1.76400E-11    1.97200E-11
    2.21400E-11    2.47800E-11    2.77600E-11    3.15100E-11
    3.59100E-11    4.10300E-11    4.66000E-11    5.39500E-11
    6.30600E-11    7.17200E-11    8.35800E-11    9.67000E-11
    1.11000E-10    1.32500E-10    1.49400E-10    1.73600E-10
    2.00700E-10    2.29600E-10    2.60800E-10    3.00400E-10
    3.36100E-10    3.72700E-10    4.37300E-10    4.83800E-10
    5.48300E-10    6.00600E-10    6.53500E-10    6.89900E-10
    7.68700E-10    8.44400E-10    8.79800E-10    9.13500E-10
    9.53200E-10    9.75700E-10    9.96800E-10    1.00600E-09
    9.94900E-10    9.78900E-10    9.56400E-10    9.21500E-10
    8.51000E-10    8.39400E-10    7.70700E-10    7.15200E-10
    6.27400E-10    5.59800E-10    5.02800E-10    4.30000E-10
    3.71000E-10    3.24500E-10    2.80900E-10    2.46100E-10
    2.15400E-10    1.91000E-10    1.68500E-10    1.48700E-10
    1.31300E-10    1.16300E-10    1.03100E-10    9.17200E-11
    8.22100E-11    7.38200E-11    6.69300E-11    6.07900E-11
    5.58100E-11    5.16700E-11    4.81100E-11    4.50600E-11
    4.25500E-11    4.08300E-11    3.94900E-11    3.88100E-11
    3.86100E-11    3.85800E-11    3.95100E-11    4.04500E-11
    4.24000E-11    4.48700E-11    4.80600E-11    5.13300E-11
    5.51800E-11    5.91900E-11    6.53300E-11    7.03100E-11
    7.76200E-11    8.30500E-11    9.25200E-11    9.72700E-11
    1.04500E-10    1.11700E-10    1.20000E-10    1.27500E-10
    1.34100E-10    1.36200E-10    1.43800E-10    1.45000E-10
    1.45500E-10    1.45500E-10    1.43400E-10    1.38100E-10
    1.30100E-10    1.27600E-10    1.16300E-10    1.08900E-10
    9.91100E-11    8.94300E-11    7.61800E-11    6.42400E-11
    5.71700E-11    4.86600E-11    4.25700E-11    3.77300E-11
    3.33100E-11    2.95800E-11    2.62900E-11    2.31600E-11
    2.07300E-11    1.84100E-11    1.63500E-11    1.46400E-11
    1.31000E-11    1.16000E-11    1.04700E-11    9.40800E-12
    8.41400E-12    7.52100E-12    6.70500E-12    5.99300E-12
    5.37100E-12    4.81500E-12    4.33800E-12    3.92100E-12
    3.56700E-12    3.26500E-12    3.01000E-12    2.79500E-12
    2.61300E-12    2.46400E-12    2.34600E-12    2.25600E-12
    2.19500E-12    2.16500E-12    2.16600E-12    2.19800E-12
    2.26200E-12    2.36400E-12    2.50200E-12    2.68200E-12
    2.90800E-12    3.18700E-12    3.53300E-12    3.94600E-12
    4.41800E-12    5.01300E-12    5.70800E-12    6.37900E-12
    7.43000E-12    8.39000E-12    9.51000E-12    1.07800E-11
    1.25900E-11    1.43800E-11    1.63000E-11    1.81400E-11
    2.05500E-11    2.34800E-11    2.66400E-11    2.95600E-11
    3.30000E-11    3.67700E-11    4.03200E-11    4.49400E-11
    4.95100E-11    5.45200E-11    6.01400E-11    6.50000E-11
    6.91500E-11    7.45000E-11    7.97100E-11    8.46800E-11
    8.72600E-11    8.99500E-11    9.18200E-11    9.50900E-11
    9.33300E-11    9.38600E-11    9.45700E-11    9.21000E-11
    9.01900E-11    8.68000E-11    8.29800E-11    7.94700E-11
    7.46000E-11    7.08200E-11    6.13200E-11    5.85500E-11
    5.07300E-11    4.46400E-11    3.82500E-11    3.37500E-11
    2.91100E-11    2.53500E-11    2.16000E-11    1.90700E-11
    1.66500E-11    1.46300E-11    1.29100E-11    1.13300E-11
    9.99700E-12    8.83600E-12    7.83900E-12    6.94300E-12
    6.25400E-12    5.60000E-12    5.02900E-12    4.52900E-12
    4.10200E-12    3.73700E-12    3.42800E-12    3.16900E-12
    2.95900E-12    2.79800E-12    2.67500E-12    2.58200E-12
    2.64400E-12    2.55700E-12    2.61400E-12    2.71700E-12
    2.87400E-12    3.05600E-12    3.18700E-12    3.63100E-12
    3.97900E-12    4.24800E-12    4.81700E-12    5.26600E-12
    5.83600E-12    6.36500E-12    6.80700E-12    7.47000E-12
    7.95100E-12    8.63600E-12    8.97200E-12    9.31400E-12
    9.44500E-12    1.00300E-11    1.01300E-11    9.93700E-12
    9.72900E-12    9.06400E-12    9.11900E-12    9.12400E-12
    8.70400E-12    8.07800E-12    7.47000E-12    6.32900E-12
    5.67400E-12    4.80800E-12    4.11900E-12    3.55400E-12
    3.10300E-12    2.73100E-12    2.41500E-12    2.15000E-12
    1.92600E-12    1.73700E-12    1.57800E-12    1.44700E-12
    1.34000E-12    1.25500E-12    1.19100E-12    1.14600E-12
    1.12100E-12    1.11400E-12    1.12600E-12    1.15600E-12
    1.20700E-12    1.27800E-12    1.37200E-12    1.49000E-12
    1.63300E-12    1.80500E-12    2.01000E-12    2.24900E-12
    2.52800E-12    2.85200E-12    3.22800E-12    3.65800E-12
    4.15300E-12    4.72800E-12    5.39400E-12    6.17600E-12
    7.12600E-12    8.18800E-12    9.32800E-12    1.10300E-11
    1.27600E-11    1.41700E-11    1.61500E-11    1.84000E-11
    2.15500E-11    2.42900E-11    2.82600E-11    3.22200E-11
    3.66400E-11    4.14000E-11    4.90600E-11    5.53600E-11
    6.32700E-11    7.08800E-11    8.31600E-11    9.24200E-11
    1.07000E-10    1.22300E-10    1.34100E-10    1.55300E-10
    1.70300E-10    1.90000E-10    2.02200E-10    2.23300E-10
    2.34500E-10    2.43800E-10    2.54600E-10    2.59900E-10
    2.66100E-10    2.70300E-10    2.68600E-10    2.66200E-10
    2.56000E-10    2.55200E-10    2.37800E-10    2.25200E-10
    2.14600E-10    1.88500E-10    1.66800E-10    1.44100E-10
    1.29500E-10    1.11900E-10    9.89300E-11    8.68700E-11
    7.67800E-11    6.68500E-11    5.87900E-11    5.12700E-11
    4.50500E-11    3.99700E-11    3.51100E-11
*END
