*BEGIN_DATA

     Start of table                = -2.00000E+01     cm-1
     End of table                  =  2.00000E+04     cm-1
     Increment in table            =  1.00000E+01     cm-1
     Number of points in table     =  2003

     Continuum coefficients (cm^3.mol-1 * 1.0E-20)
    5.80665E-04    2.73449E-04    0.00000E+00    2.73449E-04
    5.80665E-04    9.43682E-04    1.33905E-03    1.72951E-03
    2.08928E-03    2.36332E-03    2.55900E-03    2.60151E-03
    2.59883E-03    2.51297E-03    2.36751E-03    2.18140E-03
    1.97419E-03    1.79409E-03    1.58301E-03    1.38144E-03
    1.19296E-03    1.00060E-03    8.44119E-04    7.00708E-04
    5.91334E-04    4.97528E-04    3.89591E-04    3.13934E-04
    2.47138E-04    2.01733E-04    1.64172E-04    1.28665E-04
    1.10206E-04    9.16886E-05    7.56410E-05    6.51257E-05
    5.35967E-05    4.66286E-05    3.85763E-05    3.26904E-05
    2.77718E-05    2.25547E-05    1.93228E-05    1.62206E-05
    1.40370E-05    1.18567E-05    1.03278E-05    8.82344E-06
    7.50957E-06    6.55661E-06    5.80002E-06    5.01636E-06
    4.36935E-06    3.77533E-06    3.29185E-06    2.88861E-06
    2.51084E-06    2.16988E-06    1.85789E-06    1.62225E-06
    1.40622E-06    1.23479E-06    1.08381E-06    9.37979E-07
    8.07762E-07    6.90638E-07    6.00696E-07    5.20675E-07
    4.50899E-07    3.90166E-07    3.39695E-07    2.95631E-07
    2.56853E-07    2.24901E-07    1.96339E-07    1.69405E-07
    1.44811E-07    1.25358E-07    1.09566E-07    9.60289E-08
    8.37673E-08    7.30727E-08    6.41266E-08    5.61839E-08
    4.91859E-08    4.25755E-08    3.68708E-08    3.21317E-08
    2.81295E-08    2.46749E-08    2.16485E-08    1.89008E-08
    1.65713E-08    1.45206E-08    1.27287E-08    1.12156E-08
    9.85271E-09    8.67599E-09    7.62365E-09    6.73456E-09
    5.95396E-09    5.29181E-09    4.71227E-09    4.20041E-09
    3.78016E-09    3.45254E-09    3.21659E-09    2.98358E-09
    2.80537E-09    2.74183E-09    2.80195E-09    2.90598E-09
    3.02997E-09    3.40542E-09    3.73005E-09    4.18046E-09
    4.79862E-09    5.96685E-09    7.07536E-09    8.05725E-09
    9.59437E-09    1.20812E-08    1.49778E-08    1.76151E-08
    2.21801E-08    2.89429E-08    3.94319E-08    5.06212E-08
    6.22013E-08    7.88972E-08    1.03197E-07    1.43564E-07
    1.88730E-07    2.58679E-07    3.58709E-07    4.96717E-07
    7.15077E-07    9.97609E-07    1.38009E-06    1.92780E-06
    2.58947E-06    3.45107E-06    4.56758E-06    5.92703E-06
    7.54842E-06    9.55171E-06    1.18250E-05    1.42443E-05
    1.68036E-05    1.97729E-05    2.33421E-05    2.66714E-05
    3.02108E-05    3.37003E-05    3.71399E-05    3.96599E-05
    4.05902E-05    4.00909E-05    3.80818E-05    3.49029E-05
    3.15440E-05    2.84749E-05    2.67754E-05    2.65957E-05
    2.81057E-05    3.07056E-05    3.29356E-05    3.45856E-05
    3.56858E-05    3.55960E-05    3.43364E-05    3.18568E-05
    2.91573E-05    2.62177E-05    2.27481E-05    1.91785E-05
    1.61988E-05    1.37291E-05    1.18192E-05    1.00594E-05
    8.55552E-06    7.25962E-06    6.05556E-06    5.06630E-06
    4.42088E-06    3.73443E-06    3.17935E-06    2.71568E-06
    2.30430E-06    1.93690E-06    1.65000E-06    1.40423E-06
    1.20947E-06    1.04398E-06    9.00000E-07    7.82383E-07
    6.76289E-07    5.94974E-07    5.35510E-07    4.80000E-07
    4.28586E-07    3.84221E-07    3.37500E-07    2.92139E-07
    2.52376E-07    2.17537E-07    1.83627E-07    1.56293E-07
    1.33398E-07    1.13140E-07    9.50000E-08    8.08613E-08
    6.88572E-08    6.01896E-08    5.35094E-08    4.78310E-08
    4.32150E-08    3.92372E-08    3.53333E-08    3.21198E-08
    2.95688E-08    2.77443E-08    2.62727E-08    2.52941E-08
    2.46396E-08    2.39641E-08    2.33572E-08    2.29333E-08
    2.25929E-08    2.20705E-08    2.18597E-08    2.15197E-08
    2.10522E-08    2.06061E-08    2.01638E-08    1.95279E-08
    1.89060E-08    1.83149E-08    1.77373E-08    1.71814E-08
    1.66723E-08    1.62845E-08    1.59833E-08    1.57013E-08
    1.54132E-08    1.50700E-08    1.46557E-08    1.41551E-08
    1.35854E-08    1.28907E-08    1.22097E-08    1.14137E-08
    1.05760E-08    9.76893E-09    9.03969E-09    8.37945E-09
    7.78741E-09    7.26275E-09    6.84376E-09    6.52919E-09
    6.24032E-09    6.06951E-09    5.90001E-09    5.75480E-09
    5.63359E-09    5.49811E-09    5.37879E-09    5.31321E-09
    5.23309E-09    5.12360E-09    5.04478E-09    5.00372E-09
    4.98519E-09    4.97418E-09    4.96324E-09    5.01100E-09
    5.02920E-09    5.01819E-09    5.05073E-09    5.12636E-09
    5.19425E-09    5.21864E-09    5.32144E-09    5.35232E-09
    5.38298E-09    5.37810E-09    5.48592E-09    5.62808E-09
    5.82518E-09    6.31360E-09    7.11806E-09    7.98617E-09
    9.27587E-09    1.09691E-08    1.27055E-08    1.47713E-08
    1.75850E-08    2.08407E-08    2.47973E-08    2.93401E-08
    3.42685E-08    4.04615E-08    4.84000E-08    5.70764E-08
    6.68874E-08    7.79538E-08    8.79605E-08    9.59344E-08
    1.03529E-07    1.10684E-07    1.15714E-07    1.19871E-07
    1.21419E-07    1.18842E-07    1.15449E-07    1.08690E-07
    1.01274E-07    9.66984E-08    9.62658E-08    9.67192E-08
    1.02579E-07    1.09969E-07    1.17563E-07    1.24860E-07
    1.31801E-07    1.36347E-07    1.39444E-07    1.40738E-07
    1.40184E-07    1.37676E-07    1.34695E-07    1.31793E-07
    1.31636E-07    1.32991E-07    1.37289E-07    1.45886E-07
    1.59401E-07    1.71940E-07    1.87083E-07    2.05282E-07
    2.20473E-07    2.36283E-07    2.58353E-07    2.86686E-07
    3.18246E-07    3.57551E-07    4.05233E-07    4.54493E-07
    5.18497E-07    5.90778E-07    6.67816E-07    7.47278E-07
    8.36571E-07    9.21937E-07    1.00966E-06    1.10992E-06
    1.22373E-06    1.35380E-06    1.51629E-06    1.44538E-06
    1.32235E-06    2.44000E-06    3.11500E-06    3.94100E-06
    4.89100E-06    5.99200E-06    7.11100E-06    8.29600E-06
    9.21000E-06    9.98700E-06    1.04400E-05    1.07300E-05
    1.09200E-05    1.10600E-05    1.13800E-05    1.17100E-05
    1.18600E-05    1.18600E-05    1.17900E-05    1.16600E-05
    1.15100E-05    1.16000E-05    1.19700E-05    1.24100E-05
    1.26800E-05    1.26000E-05    1.18400E-05    1.06300E-05
    9.20400E-06    7.58400E-06    6.05300E-06    4.48200E-06
    3.25200E-06    2.33700E-06    1.66200E-06    1.18000E-06
    1.03909E-06    8.20253E-07    5.37374E-07    4.37280E-07
    3.54623E-07    2.92782E-07    2.46600E-07    2.11721E-07
    1.82388E-07    1.56725E-07    1.34703E-07    1.16049E-07
    1.01232E-07    9.01229E-08    8.05392E-08    7.26650E-08
    6.71707E-08    6.20925E-08    5.60680E-08    5.11864E-08
    4.62802E-08    4.12530E-08    3.69231E-08    3.41007E-08
    3.12440E-08    2.89260E-08    2.67810E-08    2.50119E-08
    2.33555E-08    2.19149E-08    2.06226E-08    1.92329E-08
    1.76056E-08    1.60796E-08    1.46542E-08    1.32914E-08
    1.23302E-08    1.15406E-08    1.08519E-08    1.03926E-08
    9.91245E-09    9.33794E-09    8.88533E-09    8.42106E-09
    7.88128E-09    7.49887E-09    7.19091E-09    6.85715E-09
    6.53847E-09    6.19413E-09    5.82883E-09    5.54158E-09
    5.29597E-09    5.02909E-09    4.79911E-09    4.61025E-09
    4.42667E-09    4.25278E-09    4.06638E-09    3.87197E-09
    3.71366E-09    3.53407E-09    3.34211E-09    3.25602E-09
    3.18778E-09    3.07626E-09    2.99131E-09    2.93276E-09
    2.82251E-09    2.69979E-09    2.62931E-09    2.59355E-09
    2.56653E-09    2.52677E-09    2.48291E-09    2.40086E-09
    2.29660E-09    2.18259E-09    2.11738E-09    2.04821E-09
    1.94009E-09    1.84716E-09    1.80673E-09    1.74592E-09
    1.64603E-09    1.62798E-09    1.65875E-09    1.62163E-09
    1.54108E-09    1.52216E-09    1.48141E-09    1.40784E-09
    1.37572E-09    1.43861E-09    1.53402E-09    1.65358E-09
    1.73592E-09    1.79471E-09    1.83781E-09    1.91157E-09
    1.98138E-09    2.21697E-09    2.64516E-09    3.09457E-09
    3.57028E-09    4.14028E-09    4.65600E-09    5.27745E-09
    6.18327E-09    7.41551E-09    9.17064E-09    1.15089E-08
    1.42964E-08    1.77949E-08    2.25158E-08    2.83851E-08
    3.56863E-08    4.52446E-08    5.67188E-08    7.13060E-08
    9.06226E-08    1.14330E-07    1.40775E-07    1.75745E-07
    2.21660E-07    2.76686E-07    2.98077E-07    3.08637E-07
    4.94100E-07    5.88000E-07    6.62300E-07    7.15500E-07
    7.45100E-07    7.59400E-07    7.54100E-07    7.46700E-07
    7.52700E-07    7.93500E-07    8.46100E-07    8.95400E-07
    9.36400E-07    9.84300E-07    1.02400E-06    1.05000E-06
    1.05900E-06    1.07400E-06    1.07200E-06    1.04300E-06
    9.78900E-07    8.80300E-07    7.66200E-07    6.37800E-07
    5.13300E-07    3.95800E-07    2.91400E-07    2.79812E-07
    2.78836E-07    2.42831E-07    1.84928E-07    1.47233E-07
    1.10433E-07    8.59099E-08    6.63669E-08    5.20646E-08
    4.16129E-08    3.39535E-08    2.64464E-08    2.06988E-08
    1.63879E-08    1.31439E-08    1.07234E-08    9.04779E-09
    7.56891E-09    6.43034E-09    5.55634E-09    4.89983E-09
    4.23860E-09    3.70578E-09    3.27972E-09    2.94241E-09
    2.64809E-09    2.36522E-09    2.14236E-09    1.94558E-09
    1.78305E-09    1.66667E-09    1.55552E-09    1.45439E-09
    1.37320E-09    1.29709E-09    1.22569E-09    1.15966E-09
    1.10000E-09    1.04634E-09    9.98982E-10    9.56878E-10
    9.18985E-10    8.68699E-10    8.22975E-10    7.81115E-10
    7.43100E-10    7.08574E-10    6.91613E-10    6.75379E-10
    6.59868E-10    6.44743E-10    6.30002E-10    6.15975E-10
    6.02328E-10    5.89057E-10    5.76161E-10    5.63969E-10
    5.52147E-10    5.41024E-10    5.30594E-10    5.20856E-10
    4.94428E-10    4.69069E-10    4.44773E-10    4.21862E-10
    4.00002E-10    3.96100E-10    3.92535E-10    3.89305E-10
    3.85763E-10    3.82231E-10    3.78712E-10    3.75203E-10
    3.67526E-10    3.60195E-10    3.52887E-10    3.45602E-10
    3.38660E-10    3.35568E-10    3.32486E-10    3.29414E-10
    3.26669E-10    3.23932E-10    3.21521E-10    3.19117E-10
    3.17037E-10    3.14963E-10    3.12895E-10    3.11148E-10
    3.09720E-10    3.08296E-10    3.07190E-10    3.06086E-10
    3.04986E-10    3.03579E-10    3.02486E-10    3.02017E-10
    3.02479E-10    3.03866E-10    3.07101E-10    3.11866E-10
    3.21233E-10    3.31799E-10    3.43560E-10    3.55898E-10
    3.73702E-10    3.95422E-10    4.26221E-10    4.67277E-10
    5.21582E-10    5.96057E-10    6.97578E-10    8.36613E-10
    1.02629E-09    1.28748E-09    1.59609E-09    1.96090E-09
    2.39039E-09    2.94753E-09    3.66767E-09    4.63976E-09
    5.94627E-09    7.34426E-09    9.08631E-09    1.16523E-08
    1.51899E-08    1.76978E-08    1.99911E-08    2.31019E-08
    2.46608E-08    2.45655E-08    2.43235E-08    2.32012E-08
    2.05279E-08    1.86237E-08    1.64094E-08    1.54803E-08
    1.70904E-08    1.95400E-08    2.23314E-08    2.67925E-08
    3.14203E-08    3.38061E-08    3.43064E-08    3.48629E-08
    3.54755E-08    3.85612E-08    4.26724E-08    4.85222E-08
    5.38682E-08    5.97711E-08    6.40857E-08    6.98146E-08
    7.68376E-08    8.59744E-08    9.58239E-08    1.06752E-07
    1.18782E-07    1.32645E-07    1.47825E-07    1.64288E-07
    1.46028E-07    1.22419E-07    2.44800E-07    2.86300E-07
    3.31700E-07    3.65500E-07    3.96000E-07    4.09800E-07
    4.16800E-07    4.19800E-07    4.20700E-07    4.28900E-07
    4.38400E-07    4.47100E-07    4.52400E-07    4.57400E-07
    4.63300E-07    4.78500E-07    5.02800E-07    5.37100E-07
    5.72700E-07    5.95500E-07    5.99800E-07    5.66900E-07
    5.08200E-07    4.39700E-07    3.59600E-07    2.81400E-07
    2.07400E-07    1.48600E-07    1.05700E-07    9.21086E-08
    9.11405E-08    9.01750E-08    5.87634E-08    2.32752E-08
    1.78794E-08    1.45623E-08    1.17941E-08    9.71963E-09
    8.17067E-09    6.95073E-09    5.85373E-09    5.18460E-09
    4.59151E-09    4.06623E-09    3.58730E-09    3.13871E-09
    2.71768E-09    2.34256E-09    2.00790E-09    1.72090E-09
    1.49003E-09    1.30590E-09    1.14555E-09    1.00445E-09
    8.82770E-10    7.77055E-10    6.86721E-10    6.12226E-10
    5.50911E-10    5.00910E-10    4.60365E-10    4.26134E-10
    3.95092E-10    3.66712E-10    3.40981E-10    3.17634E-10
    2.96917E-10    2.78051E-10    2.61284E-10    2.46097E-10
    2.32227E-10    2.19415E-10    2.07655E-10    1.96690E-10
    1.86516E-10    1.77130E-10    1.68276E-10    1.60458E-10
    1.53926E-10    1.48675E-10    1.44699E-10    1.41742E-10
    1.39549E-10    1.37612E-10    1.35932E-10    1.34506E-10
    1.33586E-10    1.32918E-10    1.32502E-10    1.32337E-10
    1.32421E-10    1.32754E-10    1.33833E-10    1.35903E-10
    1.38960E-10    1.42753E-10    1.47527E-10    1.52783E-10
    1.58520E-10    1.64490E-10    1.71184E-10    1.78354E-10
    1.85997E-10    1.94112E-10    2.02943E-10    2.12242E-10
    2.22251E-10    2.34434E-10    2.49270E-10    2.67481E-10
    2.89540E-10    3.15676E-10    3.45633E-10    3.79153E-10
    4.16951E-10    4.59252E-10    5.06765E-10    5.60919E-10
    6.18074E-10    6.65465E-10    6.99281E-10    7.18369E-10
    7.20146E-10    7.10661E-10    7.04069E-10    7.08962E-10
    7.30789E-10    7.69489E-10    8.22145E-10    8.82998E-10
    9.38007E-10    9.77463E-10    9.98817E-10    9.97635E-10
    9.79671E-10    9.55138E-10    9.51653E-10    9.74089E-10
    1.02847E-09    1.11657E-09    1.23873E-09    1.37632E-09
    1.53162E-09    1.74035E-09    2.01402E-09    2.37106E-09
    2.82051E-09    3.30152E-09    3.78372E-09    4.25784E-09
    4.70998E-09    5.13558E-09    5.69676E-09    6.42312E-09
    7.35104E-09    8.52134E-09    9.73502E-09    1.14039E-08
    1.39900E-08    1.58400E-08    1.73000E-08    1.81600E-08
    1.87000E-08    1.86800E-08    1.87000E-08    1.88400E-08
    1.99000E-08    2.15000E-08    2.25800E-08    2.36400E-08
    2.47300E-08    2.60200E-08    2.68900E-08    2.73100E-08
    2.81600E-08    2.85900E-08    2.83900E-08    2.70300E-08
    2.45100E-08    2.14900E-08    1.78700E-08    1.44900E-08
    1.11100E-08    8.28200E-09    6.12100E-09    4.49400E-09
    3.36700E-09    2.48700E-09    1.88500E-09    1.50300E-09
    1.24900E-09    1.07400E-09    9.42700E-10    8.43900E-10
    7.56300E-10    6.77200E-10    6.00200E-10    5.25400E-10
    4.58800E-10    3.97700E-10    3.44900E-10    3.00300E-10
    2.62400E-10    2.33500E-10    2.04000E-10    1.77100E-10
    1.53400E-10    1.29600E-10    1.09700E-10    9.17300E-11
    7.73000E-11    6.54700E-11    5.19100E-11    4.19800E-11
    3.36100E-11    2.73200E-11    2.24400E-11    1.79100E-11
    1.50900E-11    1.24300E-11    1.03500E-11    8.96900E-12
    7.39400E-12    6.32300E-12    5.28200E-12    4.54300E-12
    3.75200E-12    3.14000E-12    2.60000E-12    2.19400E-12
    1.82500E-12    1.51100E-12    1.24500E-12    1.02400E-12
    8.53900E-13    7.22700E-13    6.10200E-13    5.18900E-13
    4.43000E-13    3.77400E-13    3.23600E-13    2.80000E-13
    2.44400E-13    2.15600E-13    1.93200E-13    1.77500E-13
    1.69500E-13    1.67200E-13    1.70400E-13    1.82500E-13
    2.08700E-13    2.61400E-13    3.37700E-13    4.81700E-13
    6.98900E-13    1.06200E-12    1.56200E-12    2.28800E-12
    3.29500E-12    4.55000E-12    5.96500E-12    7.54600E-12
    9.39500E-12    1.10300E-11    1.22800E-11    1.31800E-11
    1.38000E-11    1.42100E-11    1.39000E-11    1.35800E-11
    1.33600E-11    1.34200E-11    1.35600E-11    1.42400E-11
    1.55200E-11    1.73000E-11    1.95100E-11    2.12800E-11
    2.24900E-11    2.27700E-11    2.22600E-11    2.11100E-11
    1.92200E-11    1.77500E-11    1.66100E-11    1.54700E-11
    1.44600E-11    1.32300E-11    1.21000E-11    1.05400E-11
    9.28300E-12    8.67100E-12    8.67000E-12    9.42900E-12
    1.06200E-11    1.25500E-11    1.50600E-11    1.81800E-11
    2.26000E-11    2.83100E-11    3.72300E-11    5.09200E-11
    6.96800E-11    9.82600E-11    1.34900E-10    1.87000E-10
    2.58000E-10    3.43000E-10    4.42400E-10    5.52100E-10
    6.81200E-10    8.06400E-10    9.10900E-10    9.83900E-10
    1.02800E-09    1.04400E-09    1.02900E-09    1.00500E-09
    1.00200E-09    1.03800E-09    1.12200E-09    1.23300E-09
    1.37200E-09    1.52400E-09    1.66500E-09    1.80400E-09
    1.90800E-09    2.01500E-09    2.11700E-09    2.21900E-09
    2.33600E-09    2.53100E-09    2.80500E-09    3.18900E-09
    3.61700E-09    4.20800E-09    4.91100E-09    5.61900E-09
    6.46900E-09    7.18800E-09    7.95700E-09    8.50300E-09
    9.02800E-09    9.57100E-09    9.99000E-09    1.05500E-08
    1.10200E-08    1.13200E-08    1.14100E-08    1.14500E-08
    1.14500E-08    1.17600E-08    1.22400E-08    1.30400E-08
    1.38800E-08    1.44500E-08    1.45300E-08    1.36800E-08
    1.22000E-08    1.04200E-08    8.40400E-09    6.40300E-09
    4.64300E-09    3.32500E-09    2.33500E-09    1.63800E-09
    1.19000E-09    9.16100E-10    7.41200E-10    6.22600E-10
    5.51600E-10    5.06800E-10    4.83100E-10    4.85600E-10
    5.16200E-10    5.78500E-10    6.53900E-10    7.48500E-10
    8.56500E-10    9.53400E-10    1.05200E-09    1.11500E-09
    1.17300E-09    1.20300E-09    1.22400E-09    1.24300E-09
    1.24800E-09    1.26100E-09    1.26500E-09    1.25000E-09
    1.21700E-09    1.17600E-09    1.14500E-09    1.15300E-09
    1.19900E-09    1.27800E-09    1.36600E-09    1.42600E-09
    1.44400E-09    1.36500E-09    1.22400E-09    1.05100E-09
    8.53900E-10    6.56400E-10    4.75100E-10    3.40400E-10
    2.37700E-10    1.63100E-10    1.11400E-10    7.87000E-11
    5.79300E-11    4.28400E-11    3.30000E-11    2.62000E-11
    2.15200E-11    1.77700E-11    1.49600E-11    1.24200E-11
    1.03700E-11    8.72500E-12    7.00400E-12    5.71800E-12
    4.76900E-12    3.95200E-12    3.33600E-12    2.71200E-12
    2.21300E-12    1.80300E-12    1.49200E-12    1.23600E-12
    1.00600E-12    8.38400E-13    7.06300E-13    5.87900E-13
    4.93000E-13    4.17100E-13    3.56900E-13    3.08300E-13
    2.68800E-13    2.33300E-13    2.03500E-13    1.82000E-13
    1.68200E-13    1.63500E-13    1.67400E-13    1.76900E-13
    2.02200E-13    2.48500E-13    3.12700E-13    4.25000E-13
    5.92800E-13    8.51400E-13    1.23600E-12    1.70100E-12
    2.39200E-12    3.23100E-12    4.35000E-12    5.55900E-12
    6.91500E-12    8.51900E-12    1.01300E-11    1.14600E-11
    1.24000E-11    1.30500E-11    1.33300E-11    1.31800E-11
    1.26300E-11    1.23800E-11    1.24400E-11    1.30500E-11
    1.43200E-11    1.62300E-11    1.84600E-11    2.09000E-11
    2.32800E-11    2.52600E-11    2.63700E-11    2.70200E-11
    2.79400E-11    2.88900E-11    2.98900E-11    3.23100E-11
    3.68000E-11    4.37500E-11    5.50400E-11    7.15900E-11
    9.50200E-11    1.27900E-10    1.64500E-10    2.09800E-10
    2.61800E-10    3.18900E-10    3.79000E-10    4.30300E-10
    4.75300E-10    5.02700E-10    5.22100E-10    5.29300E-10
    5.34600E-10    5.46700E-10    5.79600E-10    6.20000E-10
    6.45400E-10    6.70500E-10    6.92500E-10    7.23300E-10
    7.35000E-10    7.53800E-10    7.86100E-10    8.07700E-10
    8.13200E-10    7.74900E-10    7.03600E-10    6.14300E-10
    5.09300E-10    4.08900E-10    3.09200E-10    2.29900E-10
    1.70500E-10    1.27700E-10    9.72300E-11    7.53300E-11
    6.12600E-11    5.15400E-11    4.42800E-11    3.91300E-11
    3.52100E-11    3.29700E-11    3.27500E-11    3.46000E-11
    3.79800E-11    4.25100E-11    4.74500E-11    5.23200E-11
    5.60600E-11    5.82000E-11    5.88000E-11    5.79000E-11
    5.66100E-11    5.49100E-11    5.36600E-11    5.34100E-11
    5.35300E-11    5.33600E-11    5.29300E-11    5.24800E-11
    5.23500E-11    5.20800E-11    5.32200E-11    5.52100E-11
    5.72500E-11    5.82700E-11    5.68500E-11    5.24500E-11
    4.61200E-11    3.88400E-11    3.12900E-11    2.40400E-11
    1.73200E-11    1.22300E-11    8.57400E-12    5.88800E-12
    3.98600E-12    2.73200E-12    1.94800E-12    1.41400E-12
    1.06100E-12    8.29800E-13    6.61200E-13    5.41300E-13
    4.47200E-13    3.77200E-13    3.18100E-13    2.64500E-13
    2.17100E-13    1.77800E-13    1.46400E-13    1.18300E-13
    9.63700E-14    7.99100E-14    6.66800E-14    5.57000E-14
    4.66300E-14    3.84800E-14    3.23300E-14    2.70600E-14
    2.28400E-14    1.94400E-14    1.66400E-14    1.43000E-14
    1.23300E-14    1.06600E-14    9.23400E-15    8.02300E-15
    6.99300E-15    6.11900E-15    5.38400E-15    4.77400E-15
    4.28300E-15    3.91600E-15    3.69500E-15    3.68200E-15
    4.00400E-15    4.91200E-15    6.85300E-15    1.05600E-14
    1.71200E-14    2.80400E-14    4.51600E-14    7.11300E-14
    1.08400E-13    1.42600E-13    1.73400E-13    1.97800E-13
    2.19400E-13    2.38800E-13    2.48900E-13    2.62600E-13
    2.86500E-13    3.10500E-13    3.38700E-13    3.65200E-13
    3.98400E-13    4.39800E-13    4.90600E-13    5.55000E-13
    6.51700E-13    7.81300E-13    9.27200E-13    1.16400E-12
    1.43400E-12    1.84900E-12    2.52400E-12    3.32800E-12
    4.52300E-12    6.10800E-12    8.20700E-12    1.12200E-11
    1.47700E-11    1.90000E-11    2.41200E-11    2.98400E-11
    3.68000E-11    4.35300E-11    4.96300E-11    5.47800E-11
    5.90300E-11    6.23300E-11    6.48300E-11    6.90400E-11
    7.56900E-11    8.71900E-11    1.04800E-10    1.27800E-10
    1.55700E-10    1.86900E-10    2.21800E-10    2.61000E-10
    2.97500E-10    3.37100E-10    3.74600E-10    4.06500E-10
    4.33600E-10    4.50300E-10    4.70100E-10    4.80000E-10
    4.91700E-10    5.03800E-10    5.12800E-10    5.14300E-10
    5.07100E-10    5.01900E-10    5.02500E-10    5.18300E-10
    5.49600E-10    5.87700E-10    6.23500E-10    6.42000E-10
    6.23400E-10    5.69800E-10    4.91600E-10    4.02200E-10
    3.12600E-10    2.28200E-10    1.63900E-10    1.14200E-10
    7.91900E-11    5.69000E-11    4.31300E-11    3.41300E-11
    2.80700E-11    2.41000E-11    2.16600E-11    2.02400E-11
    1.94600E-11    1.92900E-11    1.96300E-11    2.03500E-11
    2.16200E-11    2.30500E-11    2.49300E-11    2.74800E-11
    3.04800E-11    3.41300E-11    3.75400E-11    4.15500E-11
    4.63500E-11    5.11000E-11    5.73400E-11    6.33800E-11
    6.99000E-11    7.61100E-11    8.12500E-11    8.65400E-11
    8.95100E-11    9.18200E-11    9.31000E-11    9.27300E-11
    9.09400E-11    8.84900E-11    8.66200E-11    8.67000E-11
    8.97200E-11    9.56600E-11    1.02500E-10    1.08300E-10
    1.11100E-10    1.07400E-10    9.77100E-11    8.46800E-11
    6.95800E-11    5.47000E-11    4.04000E-11    2.94000E-11
    2.07500E-11    1.44200E-11    1.01000E-11    7.28100E-12
    5.40900E-12    4.13800E-12    3.30400E-12    2.78400E-12
    2.47300E-12    2.27300E-12    2.18600E-12    2.11800E-12
    2.06600E-12    1.95800E-12    1.81800E-12    1.67500E-12
    1.50900E-12    1.34900E-12    1.17100E-12    9.83800E-13
    8.21300E-13    6.76500E-13    5.37800E-13    4.16100E-13
    3.11900E-13    2.27900E-13    1.63700E-13    1.15200E-13
    8.11200E-14    5.91900E-14    4.47000E-14    3.49200E-14
    2.81100E-14    2.31900E-14    1.94800E-14    1.66000E-14
    1.43200E-14    1.25100E-14    1.10900E-14    1.00600E-14
    9.45000E-15    9.38400E-15    1.01200E-14    1.21600E-14
    1.63600E-14    2.30500E-14    3.48800E-14    5.57200E-14
    8.47900E-14    1.26500E-13    1.90500E-13    2.73000E-13
    3.80900E-13    4.95500E-13    6.30300E-13    7.86100E-13
    9.42700E-13    1.09700E-12    1.21200E-12    1.32800E-12
    1.41500E-12    1.46300E-12    1.49500E-12    1.57100E-12
    1.73100E-12    1.98100E-12    2.38700E-12    2.93000E-12
    3.64200E-12    4.58400E-12    5.82200E-12    7.27800E-12
    9.19300E-12    1.13500E-11    1.38200E-11    1.66200E-11
    1.95800E-11    2.28600E-11    2.55900E-11    2.80500E-11
    2.98800E-11    3.10600E-11    3.18200E-11    3.20000E-11
    3.25800E-11    3.36200E-11    3.55800E-11    3.68800E-11
    3.80000E-11    3.92900E-11    4.06200E-11    4.18600E-11
    4.29300E-11    4.48000E-11    4.64300E-11    4.70400E-11
    4.57100E-11    4.20600E-11    3.71500E-11    3.13100E-11
    2.54100E-11    1.97800E-11    1.50800E-11    1.14600E-11
    8.70000E-12    6.60300E-12    5.16200E-12    4.15700E-12
    3.40800E-12    2.82900E-12    2.40500E-12    2.07100E-12
    1.82600E-12    1.64800E-12    1.54200E-12    1.48900E-12
    1.48500E-12    1.49300E-12    1.54500E-12    1.63700E-12
    1.81400E-12    2.06100E-12    2.31200E-12    2.65100E-12
    3.03000E-12    3.46000E-12    3.90100E-12    4.30600E-12
    4.72100E-12    5.00800E-12    5.28100E-12    5.54100E-12
    5.79100E-12    6.11500E-12    6.44200E-12    6.68000E-12
    6.79100E-12    6.83100E-12    6.83900E-12    6.94600E-12
    7.12800E-12    7.53700E-12    8.03600E-12    8.39200E-12
    8.52600E-12    8.11000E-12    7.32500E-12    6.32900E-12
    5.18300E-12    4.08100E-12    2.98500E-12    2.14100E-12
    1.49200E-12    1.01500E-12    6.68400E-13    4.41400E-13
    2.98700E-13    2.03800E-13    1.39100E-13    9.86000E-14
    7.24000E-14    5.49300E-14    4.28800E-14    3.42700E-14
    2.78700E-14    2.29600E-14    1.90900E-14    1.59800E-14
    1.34400E-14    1.13500E-14    9.61600E-15    8.16900E-15
    6.95700E-15    5.93800E-15    5.08000E-15    4.35300E-15
    3.73800E-15    3.21700E-15    2.77300E-15    2.39700E-15
    2.07700E-15    1.80500E-15    1.57500E-15    1.38200E-15
    1.22100E-15    1.09000E-15    9.85500E-16    9.06800E-16
    8.53700E-16    8.27000E-16    8.29000E-16    8.63400E-16
    9.35900E-16    1.05500E-15    1.23300E-15    1.48600E-15
    1.83900E-15    2.32600E-15    2.99800E-15    3.93400E-15
    5.25600E-15    7.16400E-15    9.98400E-15    1.42700E-14
    2.09900E-14    3.19600E-14    5.12100E-14    7.90800E-14
    1.13100E-13    1.60200E-13    2.23900E-13    3.07500E-13
    4.13400E-13    5.74900E-13    7.88600E-13    1.07100E-12
    1.46400E-12    2.03200E-12    2.80000E-12    3.73200E-12
    4.99600E-12    6.48300E-12    8.14300E-12    1.00600E-11
    1.23800E-11    1.48400E-11    1.74400E-11    2.02000E-11
    2.27400E-11    2.56200E-11    2.84800E-11    3.19100E-11
    3.61700E-11    4.08100E-11    4.57700E-11    4.93700E-11
    5.20400E-11    5.40100E-11    5.46200E-11    5.50700E-11
    5.51000E-11    5.60500E-11    5.68600E-11    5.73900E-11
    5.76600E-11    5.74000E-11    5.75400E-11    5.76100E-11
    5.77700E-11    5.71200E-11    5.51000E-11    5.08800E-11
    4.43800E-11    3.72800E-11    2.99400E-11    2.30500E-11
    1.71500E-11    1.25600E-11    9.20800E-12    6.74500E-12
    5.01400E-12    3.78500E-12    2.90000E-12    2.23900E-12
    1.75700E-12    1.41400E-12    1.14200E-12    9.48200E-13
    8.01000E-13    6.96100E-13    6.25300E-13    5.73500E-13
    5.43300E-13    5.35200E-13    5.49300E-13    5.70600E-13
    6.06800E-13    6.53100E-13    7.10900E-13    7.76700E-13
    8.59000E-13    9.79200E-13    1.14200E-12    1.37100E-12
    1.65000E-12    1.95700E-12    2.30200E-12    2.70500E-12
    3.14500E-12    3.60800E-12    4.07100E-12    4.60200E-12
    5.13300E-12    5.57200E-12    5.98700E-12    6.24800E-12
    6.53300E-12    6.75700E-12    6.93500E-12    7.22400E-12
    7.42200E-12    7.53800E-12    7.54700E-12    7.49500E-12
    7.54300E-12    7.72500E-12    8.13900E-12    8.62700E-12
    9.14600E-12    9.44300E-12    9.31800E-12    8.64900E-12
    7.51200E-12    6.26100E-12    4.91500E-12    3.64700E-12
    2.59700E-12    1.78500E-12    1.24200E-12    8.66000E-13
    6.20700E-13    4.61000E-13    3.44400E-13    2.63400E-13
    2.10000E-13    1.72500E-13    1.45500E-13    1.23700E-13
    1.08500E-13    9.51300E-14    7.97800E-14    6.60300E-14
    5.28800E-14    4.08400E-14    2.95200E-14    2.15700E-14
    1.59300E-14    1.19900E-14    9.26700E-15    7.36500E-15
    6.00400E-15    4.99500E-15    4.21800E-15    3.60100E-15
    3.10100E-15    2.69200E-15    2.36000E-15    2.09400E-15
    1.89100E-15    1.75500E-15    1.69900E-15    1.75500E-15
    1.98700E-15    2.50600E-15    3.50600E-15    5.28900E-15
    8.31100E-15    1.32500E-14    2.12900E-14    3.23700E-14
    4.59500E-14    6.44100E-14    8.43300E-14    1.07400E-13
    1.38300E-13    1.76200E-13    2.28100E-13    2.83100E-13
    3.52300E-13    4.38000E-13    5.30400E-13    6.29000E-13
    7.14200E-13    8.03200E-13    8.93400E-13    9.88800E-13
    1.10900E-12    1.26100E-12    1.46200E-12    1.74000E-12
    2.09900E-12    2.53500E-12    3.00800E-12    3.46200E-12
    3.85600E-12    4.09800E-12    4.23900E-12    4.23400E-12
    4.13200E-12    3.98600E-12    3.86600E-12    3.82900E-12
    3.74200E-12    3.70500E-12    3.69400E-12    3.76500E-12
    3.84900E-12    3.92900E-12    4.05600E-12    4.09200E-12
    4.04700E-12    3.79200E-12    3.40700E-12    2.95300E-12
    2.42900E-12    1.93100E-12    1.46000E-12    1.09900E-12
    8.19900E-13    6.07700E-13    4.44900E-13    3.35900E-13
    2.52400E-13    1.88100E-13    1.39100E-13    1.02000E-13
    7.54400E-14    5.55500E-14    4.22000E-14    3.32100E-14
    2.68600E-14    2.21200E-14    1.78000E-14    1.36900E-14
    1.09400E-14    9.13000E-15    8.10100E-15    7.82800E-15
    8.39300E-15    1.01200E-14    1.25900E-14    1.53800E-14
    1.96100E-14    2.61900E-14    3.67900E-14    5.04900E-14
    6.91700E-14    8.88000E-14    1.11500E-13    1.37300E-13
    1.61900E-13    1.87800E-13    2.11100E-13    2.33000E-13
    2.50300E-13    2.61300E-13    2.74300E-13    2.82600E-13
    2.97600E-13    3.16200E-13    3.36000E-13    3.49100E-13
    3.54100E-13    3.59500E-13    3.60800E-13    3.70900E-13
    3.86900E-13    4.12000E-13    4.36600E-13    4.50400E-13
    4.37900E-13    3.95500E-13    3.38500E-13    2.74100E-13
    2.08900E-13    1.42700E-13    9.29400E-14    5.77500E-14
    3.56500E-14    2.21000E-14    1.39800E-14    9.19400E-15
    6.36300E-15    4.64400E-15    3.55000E-15    2.80800E-15
    2.27400E-15    1.87100E-15    1.55700E-15    1.30800E-15
    1.10800E-15    9.48800E-16    8.22200E-16    7.23800E-16
    6.50600E-16    6.00800E-16    5.74200E-16    5.72400E-16
    5.99100E-16    6.62500E-16    7.77500E-16    9.73400E-16
    1.30600E-15    1.88000E-15    2.87900E-15    4.61600E-15
    7.57900E-15    1.24800E-14    2.03000E-14    3.24400E-14
    5.17100E-14    7.39400E-14    9.67600E-14    1.19900E-13
    1.46700E-13    1.73700E-13    2.02000E-13    2.42500E-13
    3.01600E-13    3.70000E-13    4.61700E-13    5.94900E-13
    7.47300E-13    9.37800E-13    1.19100E-12    1.48100E-12
    1.81300E-12    2.23200E-12    2.72200E-12    3.25400E-12
    3.84500E-12    4.45800E-12    5.04800E-12    5.51100E-12
    5.89800E-12    6.20400E-12    6.29300E-12    6.38600E-12
    6.46700E-12    6.50700E-12    6.46600E-12    6.44300E-12
    6.59800E-12    6.87300E-12    7.30000E-12    7.81600E-12
    8.36800E-12    8.64300E-12    8.46600E-12    7.87100E-12
    6.85300E-12    5.71400E-12    4.48200E-12    3.39200E-12
    2.61300E-12    2.00800E-12    1.56200E-12    1.22800E-12
    9.88800E-13    7.64600E-13    5.76900E-13    4.36800E-13
    3.32400E-13    2.50800E-13    1.91600E-13
*END
