*BEGIN_DATA

     Start of table                = -2.00000E+01     cm-1
     End of table                  =  2.00000E+04     cm-1
     Increment in table            =  1.00000E+01     cm-1
     Number of points in table     =  2003

     Continuum coefficients (cm^3.mol-1 * 1.0E-20)
    3.70682E-01    3.68799E-01    0.00000E+00    3.68799E-01
    3.70682E-01    3.57203E-01    3.46685E-01    3.23394E-01
    3.14124E-01    2.91640E-01    2.77572E-01    2.54630E-01
    2.28167E-01    2.11741E-01    1.87079E-01    1.69042E-01
    1.51127E-01    1.26593E-01    1.17348E-01    9.78442E-02
    8.96089E-02    7.76829E-02    6.58766E-02    6.01196E-02
    5.11228E-02    4.59900E-02    3.88902E-02    3.39955E-02
    2.95124E-02    2.54684E-02    2.21041E-02    1.94970E-02
    1.65646E-02    1.46657E-02    1.27127E-02    1.12352E-02
    9.82021E-03    8.75110E-03    7.68756E-03    6.73535E-03
    5.96971E-03    5.33017E-03    4.75480E-03    4.23513E-03
    3.80554E-03    3.37923E-03    3.01610E-03    2.69999E-03
    2.42462E-03    2.16196E-03    1.93519E-03    1.73332E-03
    1.55177E-03    1.39316E-03    1.25103E-03    1.12105E-03
    1.00605E-03    9.05472E-04    8.15205E-04    7.34822E-04
    6.62032E-04    5.97964E-04    5.40970E-04    4.90886E-04
    4.46071E-04    4.06176E-04    3.70597E-04    3.38601E-04
    3.10178E-04    2.84709E-04    2.61681E-04    2.41299E-04
    2.22948E-04    2.06220E-04    1.91422E-04    1.77936E-04
    1.65755E-04    1.54789E-04    1.44644E-04    1.35390E-04
    1.26956E-04    1.19223E-04    1.12095E-04    1.05470E-04
    9.96669E-05    9.45230E-05    8.97514E-05    8.54114E-05
    8.11563E-05    7.70291E-05    7.31079E-05    6.93025E-05
    6.56492E-05    6.24862E-05    5.86199E-05    5.50553E-05
    5.12915E-05    4.82262E-05    4.56268E-05    4.32437E-05
    4.10412E-05    3.89389E-05    3.69770E-05    3.51250E-05
    3.34031E-05    3.17819E-05    3.02709E-05    2.88696E-05
    2.75690E-05    2.63681E-05    2.52770E-05    2.42768E-05
    2.33760E-05    2.25752E-05    2.18548E-05    2.12746E-05
    2.08046E-05    2.04137E-05    2.01336E-05    2.00035E-05
    1.99734E-05    2.00932E-05    2.03130E-05    2.06833E-05
    2.12431E-05    2.18931E-05    2.26732E-05    2.36428E-05
    2.63080E-05    2.70645E-05    2.83851E-05    3.01797E-05
    3.24764E-05    3.54786E-05    3.96032E-05    4.54292E-05
    5.34785E-05    6.38289E-05    7.58390E-05    8.83528E-05
    1.00423E-04    1.12009E-04    1.24279E-04    1.39298E-04
    1.59504E-04    1.86913E-04    2.22279E-04    2.64456E-04
    3.10987E-04    3.60300E-04    4.12756E-04    4.68346E-04
    5.23660E-04    5.72713E-04    6.10528E-04    6.34829E-04
    6.45796E-04    6.47276E-04    6.48436E-04    6.60350E-04
    6.87751E-04    7.23426E-04    7.51089E-04    7.55608E-04
    7.32409E-04    6.89369E-04    6.40634E-04    5.98693E-04
    5.70207E-04    5.55635E-04    5.50041E-04    5.45077E-04
    5.33152E-04    5.11179E-04    4.80733E-04    4.45467E-04
    4.09163E-04    3.75167E-04    3.45382E-04    3.18572E-04
    2.90497E-04    2.56841E-04    2.16854E-04    1.74424E-04
    1.35621E-04    1.04708E-04    8.21964E-05    6.60534E-05
    5.40359E-05    4.47505E-05    3.74959E-05    3.18812E-05
    2.76578E-05    2.46149E-05    2.24995E-05    2.10160E-05
    1.98658E-05    1.87751E-05    1.75425E-05    1.60849E-05
    1.44177E-05    1.25853E-05    1.06478E-05    8.72314E-06
    6.98534E-06    5.58488E-06    4.56507E-06    3.86458E-06
    3.37876E-06    3.01775E-06    2.73058E-06    2.49713E-06
    2.30490E-06    2.13388E-06    1.96234E-06    1.78181E-06
    1.60371E-06    1.44788E-06    1.32303E-06    1.22075E-06
    1.12777E-06    1.03960E-06    9.61555E-07    9.00099E-07
    8.56134E-07    8.25478E-07    8.02685E-07    7.84006E-07
    7.67838E-07    7.54014E-07    7.43031E-07    7.35157E-07
    7.29483E-07    7.24593E-07    7.19314E-07    7.12235E-07
    7.01371E-07    6.85109E-07    6.64071E-07    6.41311E-07
    6.20423E-07    6.03349E-07    5.89835E-07    5.78508E-07
    5.68349E-07    5.58973E-07    5.50329E-07    5.42124E-07
    5.33741E-07    5.24576E-07    5.14759E-07    5.05423E-07
    4.97841E-07    4.92272E-07    4.87660E-07    4.82807E-07
    4.77717E-07    4.73373E-07    4.70352E-07    4.67861E-07
    4.64342E-07    4.58958E-07    4.51962E-07    4.44215E-07
    4.36413E-07    4.29468E-07    4.25038E-07    4.25170E-07
    4.30978E-07    4.41611E-07    4.53993E-07    4.64573E-07
    4.71297E-07    4.74724E-07    4.76618E-07    4.78352E-07
    4.80073E-07    4.81491E-07    4.82826E-07    4.85054E-07
    4.89101E-07    4.95950E-07    5.06500E-07    5.21637E-07
    5.41844E-07    5.66679E-07    5.94578E-07    6.23018E-07
    6.48916E-07    6.69756E-07    6.83993E-07    6.91211E-07
    6.91966E-07    6.88557E-07    6.85514E-07    6.87577E-07
    6.97211E-07    7.16136E-07    7.49966E-07    8.11414E-07
    9.18893E-07    1.08916E-06    1.32590E-06    1.61027E-06
    1.90132E-06    2.15366E-06    2.34451E-06    2.48738E-06
    2.62111E-06    2.78840E-06    3.01412E-06    3.28188E-06
    3.53677E-06    3.73762E-06    3.92724E-06    4.23738E-06
    4.82452E-06    5.78825E-06    7.09905E-06    8.56088E-06
    9.83428E-06    1.05705E-05    1.05906E-05    9.98224E-06
    9.02578E-06    8.01022E-06    7.09722E-06    6.32092E-06
    5.66902E-06    5.13119E-06    4.69146E-06    4.32249E-06
    4.01485E-06    3.80423E-06    3.75934E-06    3.93964E-06
    4.36916E-06    5.02567E-06    5.82857E-06    6.61306E-06
    7.14349E-06    7.23687E-06    6.93294E-06    6.52111E-06
    6.38596E-06    6.86793E-06    8.30320E-06    1.10504E-05
    1.52095E-05    2.01352E-05    2.44138E-05    2.67338E-05
    2.69657E-05    2.63074E-05    2.64418E-05    2.88980E-05
    3.56836E-05    5.06761E-05    8.00955E-05    1.29961E-04
    2.00494E-04    2.81170E-04    3.51806E-04    3.90942E-04
    3.87155E-04    3.45647E-04    2.85714E-04    2.30178E-04
    1.95421E-04    1.88068E-04    2.07747E-04    2.49951E-04
    3.05378E-04    3.58571E-04    3.91855E-04    3.94048E-04
    3.66658E-04    3.21387E-04    2.72447E-04    2.30297E-04
    1.99534E-04    1.79834E-04    1.67818E-04    1.59252E-04
    1.50851E-04    1.40919E-04    1.28841E-04    1.14548E-04
    9.86062E-05    8.22713E-05    6.70619E-05    5.41465E-05
    4.41077E-05    3.70205E-05    3.25995E-05    3.02748E-05
    2.92284E-05    2.85063E-05    2.73662E-05    2.55693E-05
    2.33256E-05    2.09812E-05    1.87685E-05    1.67686E-05
    1.49674E-05    1.33035E-05    1.16849E-05    1.00123E-05
    8.25000E-06    6.49558E-06    4.95515E-06    3.81320E-06
    3.10976E-06    2.73990E-06    2.54587E-06    2.40714E-06
    2.27761E-06    2.16740E-06    2.09546E-06    2.05607E-06
    2.02273E-06    1.97181E-06    1.89921E-06    1.81729E-06
    1.73924E-06    1.66712E-06    1.59351E-06    1.51224E-06
    1.42528E-06    1.34052E-06    1.26514E-06    1.20156E-06
    1.14712E-06    1.09719E-06    1.04965E-06    1.00584E-06
    9.67028E-07    9.31126E-07    8.94450E-07    8.55950E-07
    8.17991E-07    7.83212E-07    7.51682E-07    7.21519E-07
    6.91538E-07    6.62302E-07    6.35158E-07    6.10764E-07
    5.88722E-07    5.68255E-07    5.48862E-07    5.30379E-07
    5.12978E-07    4.96896E-07    4.82257E-07    4.69117E-07
    4.57445E-07    4.46901E-07    4.37325E-07    4.28950E-07
    4.22205E-07    4.17059E-07    4.12587E-07    4.07657E-07
    4.01645E-07    3.95205E-07    3.89698E-07    3.86344E-07
    3.85472E-07    3.86874E-07    3.90470E-07    3.96183E-07
    4.03064E-07    4.08620E-07    4.09703E-07    4.04207E-07
    3.92068E-07    3.75263E-07    3.56807E-07    3.39434E-07
    3.24540E-07    3.12004E-07    3.01042E-07    2.91206E-07
    2.82469E-07    2.74990E-07    2.68802E-07    2.63959E-07
    2.60617E-07    2.59055E-07    2.59324E-07    2.60757E-07
    2.62224E-07    2.63218E-07    2.65041E-07    2.70791E-07
    2.84251E-07    3.07838E-07    3.40685E-07    3.77465E-07
    4.09639E-07    4.30180E-07    4.38940E-07    4.44691E-07
    4.62251E-07    5.05547E-07    5.79683E-07    6.78257E-07
    7.89545E-07    9.05759E-07    1.02689E-06    1.15790E-06
    1.30486E-06    1.47329E-06    1.66896E-06    1.89912E-06
    2.17276E-06    2.50058E-06    2.89341E-06    3.36267E-06
    3.91776E-06    4.56358E-06    5.29865E-06    6.11651E-06
    7.00996E-06    7.97055E-06    8.98473E-06    1.00295E-05
    1.10740E-05    1.20871E-05    1.30445E-05    1.39289E-05
    1.47230E-05    1.54081E-05    1.59684E-05    1.63917E-05
    1.66622E-05    1.67572E-05    1.66573E-05    1.63553E-05
    1.58563E-05    1.51720E-05    1.43206E-05    1.33298E-05
    1.22376E-05    1.10884E-05    9.92776E-06    8.79560E-06
    7.72344E-06    6.73291E-06    5.83741E-06    5.04135E-06
    4.34327E-06    3.73739E-06    3.21703E-06    2.77468E-06
    2.40162E-06    2.08883E-06    1.82662E-06    1.60636E-06
    1.42041E-06    1.26275E-06    1.12896E-06    1.01545E-06
    9.16851E-07    8.23091E-07    7.22606E-07    6.12690E-07
    5.05989E-07    4.21940E-07    3.71127E-07    3.49912E-07
    3.47456E-07    3.53380E-07    3.60122E-07    3.62723E-07
    3.58659E-07    3.46713E-07    3.25590E-07    2.94558E-07
    2.56419E-07    2.18169E-07    1.86603E-07    1.63880E-07
    1.48180E-07    1.37149E-07    1.29627E-07    1.25038E-07
    1.22768E-07    1.22169E-07    1.22429E-07    1.22457E-07
    1.21342E-07    1.18964E-07    1.15834E-07    1.12440E-07
    1.09071E-07    1.06203E-07    1.04570E-07    1.04611E-07
    1.05925E-07    1.07397E-07    1.07890E-07    1.06869E-07
    1.04515E-07    1.01396E-07    9.81043E-08    9.50512E-08
    9.24356E-08    9.02685E-08    8.84490E-08    8.68424E-08
    8.53475E-08    8.39133E-08    8.25147E-08    8.11305E-08
    7.97231E-08    7.82455E-08    7.66786E-08    7.50470E-08
    7.34207E-08    7.18772E-08    7.04435E-08    6.90982E-08
    6.77974E-08    6.65313E-08    6.53510E-08    6.43440E-08
    6.35942E-08    6.31180E-08    6.28503E-08    6.26534E-08
    6.23825E-08    6.19445E-08    6.13291E-08    6.05861E-08
    5.97855E-08    5.89811E-08    5.82044E-08    5.74788E-08
    5.68166E-08    5.62441E-08    5.58047E-08    5.55663E-08
    5.56184E-08    5.60607E-08    5.70016E-08    5.85333E-08
    6.06827E-08    6.34065E-08    6.66235E-08    7.02542E-08
    7.42431E-08    7.85868E-08    8.33206E-08    8.84916E-08
    9.41223E-08    1.00209E-07    1.06742E-07    1.13721E-07
    1.21166E-07    1.29100E-07    1.37573E-07    1.46687E-07
    1.56707E-07    1.68356E-07    1.83057E-07    2.03263E-07
    2.32267E-07    2.73403E-07    3.29192E-07    4.00135E-07
    4.84179E-07    5.76990E-07    6.73140E-07    7.67236E-07
    8.54510E-07    9.30726E-07    9.92041E-07    1.03499E-06
    1.05721E-06    1.05859E-06    1.04235E-06    1.01518E-06
    9.86217E-07    9.65505E-07    9.62368E-07    9.83431E-07
    1.03095E-06    1.10172E-06    1.18760E-06    1.27724E-06
    1.35890E-06    1.42392E-06    1.46908E-06    1.49697E-06
    1.51398E-06    1.52863E-06    1.54885E-06    1.58092E-06
    1.62908E-06    1.69514E-06    1.78114E-06    1.89030E-06
    2.02835E-06    2.20142E-06    2.41080E-06    2.64596E-06
    2.88258E-06    3.08996E-06    3.24605E-06    3.34852E-06
    3.41732E-06    3.48762E-06    3.59775E-06    3.77686E-06
    4.03655E-06    4.37049E-06    4.76285E-06    5.19512E-06
    5.64861E-06    6.10376E-06    6.54097E-06    6.94300E-06
    7.30055E-06    7.61300E-06    7.88204E-06    8.10221E-06
    8.25702E-06    8.32820E-06    8.30206E-06    8.17174E-06
    7.93425E-06    7.59193E-06    7.15437E-06    6.63765E-06
    6.06144E-06    5.44653E-06    4.81698E-06    4.19986E-06
    3.62087E-06    3.09662E-06    2.63027E-06    2.21700E-06
    1.85391E-06    1.54145E-06    1.28126E-06    1.07169E-06
    9.07172E-07    7.79799E-07    6.81150E-07    6.03725E-07
    5.41720E-07    4.91119E-07    4.49309E-07    4.14409E-07
    3.84629E-07    3.57828E-07    3.31759E-07    3.04835E-07
    2.76741E-07    2.48603E-07    2.22303E-07    1.99566E-07
    1.81168E-07    1.66776E-07    1.55353E-07    1.45817E-07
    1.37402E-07    1.29816E-07    1.23008E-07    1.17034E-07
    1.11900E-07    1.07514E-07    1.03701E-07    1.00263E-07
    9.70504E-08    9.40103E-08    9.11714E-08    8.85856E-08
    8.62481E-08    8.40513E-08    8.18218E-08    7.94008E-08
    7.67327E-08    7.38799E-08    7.09847E-08    6.81936E-08
    6.56158E-08    6.33050E-08    6.12690E-08    5.94867E-08
    5.79253E-08    5.65601E-08    5.53649E-08    5.43026E-08
    5.33287E-08    5.24038E-08    5.15138E-08    5.06763E-08
    4.99261E-08    4.92954E-08    4.87925E-08    4.84207E-08
    4.81870E-08    4.81220E-08    4.82649E-08    4.86509E-08
    4.92891E-08    5.01599E-08    5.12166E-08    5.23918E-08
    5.36062E-08    5.47879E-08    5.58941E-08    5.69164E-08
    5.78661E-08    5.87730E-08    5.96924E-08    6.06965E-08
    6.18704E-08    6.32759E-08    6.49207E-08    6.67467E-08
    6.86314E-08    7.04374E-08    7.20583E-08    7.34570E-08
    7.46622E-08    7.57328E-08    7.67271E-08    7.76828E-08
    7.86229E-08    7.95596E-08    8.05024E-08    8.14598E-08
    8.24460E-08    8.34994E-08    8.46938E-08    8.61517E-08
    8.80334E-08    9.04994E-08    9.36667E-08    9.75755E-08
    1.02176E-07    1.07343E-07    1.12917E-07    1.18746E-07
    1.24740E-07    1.30885E-07    1.37252E-07    1.43946E-07
    1.51094E-07    1.58743E-07    1.66784E-07    1.75006E-07
    1.83009E-07    1.90374E-07    1.96752E-07    2.01960E-07
    2.05921E-07    2.08719E-07    2.10500E-07    2.11475E-07
    2.11868E-07    2.11900E-07    2.11759E-07    2.11561E-07
    2.11363E-07    2.11315E-07    2.11740E-07    2.13406E-07
    2.17598E-07    2.25867E-07    2.39197E-07    2.57205E-07
    2.78158E-07    2.99806E-07    3.20400E-07    3.38962E-07
    3.55023E-07    3.68498E-07    3.79602E-07    3.88490E-07
    3.94705E-07    3.97259E-07    3.95271E-07    3.88486E-07
    3.77133E-07    3.61488E-07    3.41779E-07    3.18448E-07
    2.92191E-07    2.63962E-07    2.34966E-07    2.06562E-07
    1.80022E-07    1.56223E-07    1.35446E-07    1.17525E-07
    1.02128E-07    8.89811E-08    7.40200E-08    6.53396E-08
    5.81098E-08    5.23499E-08    4.76195E-08    4.29304E-08
    3.89603E-08    3.52602E-08    3.16498E-08    2.83300E-08
    2.55099E-08    2.28804E-08    2.03596E-08    1.82004E-08
    1.62604E-08    1.43803E-08    1.29902E-08    1.14896E-08
    1.03000E-08    9.14799E-09    8.12196E-09    7.26395E-09
    6.42505E-09    5.77703E-09    5.05996E-09    4.50195E-09
    4.01296E-09    3.56699E-09    3.14504E-09    2.86405E-09
    2.55301E-09    2.31096E-09    2.08702E-09    1.88596E-09
    1.71595E-09    1.55604E-09    1.43205E-09    1.31099E-09
    1.19595E-09    1.09095E-09    1.00600E-09    9.42795E-10
    8.90000E-10    8.43796E-10    8.00498E-10    7.59704E-10
    7.20095E-10    6.81795E-10    6.55000E-10    6.28599E-10
    6.00400E-10    5.72997E-10    5.46597E-10    5.20304E-10
    4.96803E-10    4.74105E-10    4.51998E-10    4.31400E-10
    4.12401E-10    3.94400E-10    3.77698E-10    3.61904E-10
    3.47703E-10    3.34403E-10    3.21701E-10    3.09596E-10
    2.99896E-10    2.89804E-10    2.82603E-10    2.74995E-10
    2.70103E-10    2.65098E-10    2.64105E-10    2.67102E-10
    2.67002E-10    2.74800E-10    2.86301E-10    3.05097E-10
    3.16299E-10    3.28396E-10    3.40796E-10    3.60102E-10
    3.70998E-10    3.87803E-10    4.02805E-10    4.15898E-10
    4.29604E-10    4.37102E-10    4.46296E-10    4.52002E-10
    4.55404E-10    4.71604E-10    4.79103E-10    4.90000E-10
    5.00101E-10    4.99899E-10    5.06104E-10    5.29097E-10
    5.41603E-10    5.99399E-10    6.39400E-10    6.80699E-10
    7.25000E-10    7.84696E-10    8.42998E-10    9.14597E-10
    9.90696E-10    1.06197E-09    1.17004E-09    1.27701E-09
    1.40099E-09    1.52404E-09    1.67401E-09    1.88796E-09
    2.11203E-09    2.32197E-09    2.80797E-09    3.26903E-09
    3.90196E-09    4.61403E-09    5.76304E-09    6.74701E-09
    8.97202E-09    1.11799E-08    1.42803E-08    1.71298E-08
    1.94795E-08    2.08997E-08    2.21099E-08    2.36200E-08
    2.55602E-08    2.72900E-08    2.88004E-08    3.04598E-08
    3.16702E-08    3.36696E-08    3.45705E-08    3.58997E-08
    3.71098E-08    3.82599E-08    4.00096E-08    4.21105E-08
    4.31497E-08    4.66098E-08    5.00996E-08    5.24900E-08
    5.83996E-08    6.62798E-08    7.51202E-08    8.25300E-08
    9.72190E-08    1.06698E-07    1.15304E-07    1.34701E-07
    1.42799E-07    1.57697E-07    1.69403E-07    1.83302E-07
    1.93800E-07    2.10803E-07    2.05896E-07    2.15702E-07
    2.18503E-07    2.20800E-07    2.18195E-07    2.09296E-07
    2.01398E-07    1.96204E-07    1.81901E-07    1.71300E-07
    1.51000E-07    1.33996E-07    1.15401E-07    9.89003E-08
    8.87998E-08    7.67302E-08    6.59898E-08    5.72999E-08
    5.08098E-08    4.56701E-08    4.14704E-08    3.77299E-08
    3.45998E-08    3.19400E-08    2.95304E-08    2.75899E-08
    2.59401E-08    2.44204E-08    2.35496E-08    2.28301E-08
    2.27899E-08    2.23098E-08    2.27903E-08    2.23898E-08
    2.20996E-08    2.30904E-08    2.29297E-08    2.35196E-08
    2.41503E-08    2.43003E-08    2.42600E-08    2.46503E-08
    2.50000E-08    2.49601E-08    2.46504E-08    2.47502E-08
    2.17902E-08    1.93397E-08    1.67599E-08    1.41497E-08
    1.11495E-08    9.14761E-09    7.69200E-09    6.19299E-09
    5.40099E-09    4.34099E-09    3.73396E-09    3.12704E-09
    2.61896E-09    2.18097E-09    1.88696E-09    1.62498E-09
    1.45597E-09    1.30401E-09    1.19004E-09    1.08302E-09
    1.01199E-09    9.15262E-10    8.43404E-10    7.82799E-10
    7.21000E-10    6.66499E-10    6.13604E-10    5.72798E-10
    5.35097E-10    4.98502E-10    4.63301E-10    4.33703E-10
    4.06898E-10    3.82502E-10    3.59596E-10    3.37397E-10
    3.18599E-10    3.00604E-10    2.83698E-10    2.68096E-10
    2.53796E-10    2.40497E-10    2.27700E-10    2.16701E-10
    2.06000E-10    1.96099E-10    1.87101E-10    1.78803E-10
    1.71101E-10    1.63896E-10    1.57396E-10    1.51504E-10
    1.45596E-10    1.41096E-10    1.36500E-10    1.31499E-10
    1.29604E-10    1.26199E-10    1.26400E-10    1.25700E-10
    1.25197E-10    1.32699E-10    1.39204E-10    1.51899E-10
    1.66402E-10    1.91102E-10    2.27602E-10    2.70196E-10
    3.08603E-10    3.37796E-10    3.63197E-10    3.95701E-10
    4.36002E-10    4.70102E-10    5.03000E-10    5.38103E-10
    5.79298E-10    6.19003E-10    6.59603E-10    7.00397E-10
    7.56096E-10    7.93404E-10    8.55219E-10    9.14214E-10
    9.56975E-10    1.02704E-09    1.09698E-09    1.19296E-09
    1.33400E-09    1.47004E-09    1.63604E-09    1.87101E-09
    2.12204E-09    2.51902E-09    2.80600E-09    3.20300E-09
    3.84601E-09    4.36201E-09    5.11404E-09    5.64299E-09
    6.30498E-09    6.98103E-09    7.98303E-09    8.78329E-09
    9.41901E-09    1.01701E-08    1.06304E-08    1.12102E-08
    1.12998E-08    1.20099E-08    1.22500E-08    1.23196E-08
    1.22299E-08    1.17703E-08    1.15098E-08    1.11597E-08
    1.04697E-08    9.69828E-09    8.73366E-09    8.20163E-09
    7.04103E-09    6.07400E-09    5.17199E-09    4.46802E-09
    3.91301E-09    3.41397E-09    2.97500E-09    2.64996E-09
    2.40600E-09    2.17304E-09    2.00898E-09    1.86103E-09
    1.72698E-09    1.61203E-09    1.51403E-09    1.42998E-09
    1.36200E-09    1.33298E-09    1.28802E-09    1.24900E-09
    1.23796E-09    1.22799E-09    1.21699E-09    1.20200E-09
    1.20896E-09    1.17698E-09    1.15703E-09    1.16496E-09
    1.14203E-09    1.13100E-09    1.13798E-09    1.12697E-09
    1.13100E-09    1.03900E-09    9.04921E-10    8.11816E-10
    6.36902E-10    5.32898E-10    4.01598E-10    3.32901E-10
    2.69803E-10    2.53899E-10    2.23596E-10    1.81403E-10
    1.56000E-10    1.38497E-10    1.13498E-10    9.91830E-11
    8.39089E-11    7.49600E-11    6.71497E-11    6.10501E-11
    5.58498E-11    5.15997E-11    4.76398E-11    4.40101E-11
    4.09899E-11    3.81598E-11    3.56503E-11    3.34202E-11
    3.14199E-11    2.95400E-11    2.77601E-11    2.62397E-11
    2.48496E-11    2.35500E-11    2.23700E-11    2.12800E-11
    2.03099E-11    1.94201E-11    1.85903E-11    1.78497E-11
    1.71803E-11    1.65797E-11    1.60300E-11    1.55503E-11
    1.51398E-11    1.47698E-11    1.44701E-11    1.42299E-11
    1.40498E-11    1.39304E-11    1.38800E-11    1.38801E-11
    1.39603E-11    1.40900E-11    1.43003E-11    1.45903E-11
    1.49399E-11    1.53802E-11    1.58997E-11    1.64996E-11
    1.71897E-11    1.80000E-11    1.89000E-11    1.99599E-11
    2.11800E-11    2.24701E-11    2.39101E-11    2.56302E-11
    2.69502E-11    2.86601E-11    3.09601E-11    3.39202E-11
    3.80602E-11    4.26101E-11    4.74797E-11    5.32303E-11
    5.93501E-11    6.61903E-11    7.41796E-11    8.29394E-11
    9.26009E-11    1.03898E-10    1.15597E-10    1.29702E-10
    1.45999E-10    1.64103E-10    1.85804E-10    2.10000E-10
    2.38299E-10    2.72398E-10    3.11602E-10    3.53803E-10
    4.17304E-10    4.72702E-10    5.50303E-10    6.33703E-10
    7.32001E-10    8.29815E-10    9.32817E-10    1.05903E-09
    1.17599E-09    1.32804E-09    1.44500E-09    1.59302E-09
    1.76997E-09    1.95400E-09    2.17500E-09    2.40498E-09
    2.62204E-09    2.90600E-09    3.29401E-09    3.71300E-09
    3.98000E-09    4.38403E-09    4.98703E-09    5.31100E-09
    5.87402E-09    6.33702E-09    7.02703E-09    7.38998E-09
    7.76923E-09    8.37418E-09    8.60507E-09    9.16510E-09
    9.41534E-09    9.51121E-09    9.70376E-09    9.58773E-09
    9.45022E-09    9.08580E-09    8.79827E-09    8.46868E-09
    7.69712E-09    7.16801E-09    6.25503E-09    5.77200E-09
    4.97001E-09    4.27097E-09    3.65301E-09    3.15397E-09
    2.74199E-09    2.43503E-09    2.16600E-09    1.93597E-09
    1.73103E-09    1.55602E-09    1.39900E-09    1.27203E-09
    1.15697E-09    1.06603E-09    9.84375E-10    9.25834E-10
    8.78723E-10    8.42098E-10    8.08286E-10    8.04600E-10
    8.06719E-10    8.18092E-10    8.32486E-10    8.51729E-10
    9.15092E-10    9.35095E-10    9.67676E-10    1.07101E-09
    1.12602E-09    1.21897E-09    1.29698E-09    1.40800E-09
    1.47602E-09    1.51703E-09    1.60000E-09    1.64899E-09
    1.67797E-09    1.74598E-09    1.76397E-09    1.74103E-09
    1.70300E-09    1.50599E-09    1.29798E-09    1.06597E-09
    8.87204E-10    7.67616E-10    5.31299E-10    4.97800E-10
    4.16297E-10    3.52703E-10    2.92902E-10    2.37197E-10
    1.99198E-10    1.76697E-10    1.58798E-10    1.41898E-10
    1.27497E-10    1.18601E-10    1.08202E-10    9.39023E-11
    8.11004E-11    7.03918E-11    6.36600E-11    5.96802E-11
    5.54698E-11    5.20199E-11    4.73000E-11    4.23997E-11
    3.96902E-11    3.53500E-11    3.21899E-11    2.91597E-11
    2.67701E-11    2.44499E-11    2.27902E-11    2.10701E-11
    1.95000E-11    1.82998E-11    1.71603E-11    1.61697E-11
    1.53602E-11    1.46298E-11    1.39397E-11    1.33101E-11
    1.27300E-11    1.22001E-11    1.17101E-11    1.12897E-11
    1.09103E-11    1.05698E-11    1.02803E-11    1.00202E-11
    9.80081E-12    9.61802E-12    9.47110E-12    9.37072E-12
    9.31275E-12    9.31120E-12    9.38673E-12    9.54722E-12
    9.79920E-12    1.01298E-11    1.08202E-11    1.14102E-11
    1.22003E-11    1.35197E-11    1.53800E-11    1.73198E-11
    1.97803E-11    2.36600E-11    2.89601E-11    3.60100E-11
    4.25903E-11    4.73703E-11    5.08899E-11    5.59198E-11
    6.10901E-11    6.62806E-11    7.38095E-11    8.08790E-11
    8.96631E-11    1.04502E-10    1.11999E-10    1.28701E-10
    1.48597E-10    1.66201E-10    1.86599E-10    2.13300E-10
    2.52398E-10    2.77597E-10    3.20400E-10    3.55902E-10
    4.02798E-10    4.44800E-10    4.88200E-10    5.24402E-10
    5.60497E-10    6.01803E-10    6.32800E-10    6.57926E-10
    6.54107E-10    7.02410E-10    7.07422E-10    7.06831E-10
    7.00910E-10    6.69786E-10    6.54481E-10    6.20902E-10
    5.83398E-10    5.41199E-10    5.00097E-10    4.23100E-10
    3.72697E-10    3.21099E-10    2.83301E-10    2.44700E-10
    2.09697E-10    1.84300E-10    1.63898E-10    1.44900E-10
    1.27001E-10    1.16103E-10    1.03297E-10    9.28195E-11
    8.40693E-11    7.63887E-11    7.02308E-11    6.47406E-11
    6.14200E-11    5.76001E-11    5.56803E-11    5.47201E-11
    5.38997E-11    5.45501E-11    5.53999E-11    5.58700E-11
    6.23000E-11    6.49013E-11    6.86768E-11    7.38207E-11
    8.02224E-11    8.37206E-11    9.24302E-11    1.00399E-10
    1.06198E-10    1.13002E-10    1.17601E-10    1.24402E-10
    1.27901E-10    1.29798E-10    1.31503E-10    1.30801E-10
    1.28398E-10    1.13800E-10    9.89798E-11    7.97231E-11
    6.26101E-11    4.86003E-11    3.91602E-11    3.41601E-11
    3.04297E-11    2.27699E-11    1.99900E-11    1.63200E-11
    1.32597E-11    1.12702E-11    9.68000E-12    8.47408E-12
    7.49001E-12    6.68808E-12    6.01197E-12    5.46798E-12
    5.01002E-12    4.62302E-12    4.28501E-12    3.99397E-12
    3.74099E-12    3.51899E-12    3.32599E-12    3.15697E-12
    3.01103E-12    2.88502E-12    2.77302E-12    2.68299E-12
    2.60402E-12    2.54200E-12    2.49302E-12    2.45799E-12
    2.43397E-12    2.42298E-12    2.42401E-12    2.44000E-12
    2.46501E-12    2.50602E-12    2.56001E-12    2.62603E-12
    2.70699E-12    2.80300E-12    2.91397E-12    3.03901E-12
    3.18403E-12    3.34502E-12    3.50098E-12    3.67001E-12
    3.91001E-12    4.27297E-12    4.77000E-12    5.34698E-12
    5.97801E-12    6.68229E-12    7.46715E-12    8.33982E-12
    9.29283E-12    1.03497E-11    1.15200E-11    1.28502E-11
    1.42800E-11    1.58601E-11    1.76398E-11    1.97199E-11
    2.21403E-11    2.47801E-11    2.77603E-11    3.15100E-11
    3.59101E-11    4.10301E-11    4.66000E-11    5.39500E-11
    6.30626E-11    7.17198E-11    8.35817E-11    9.67027E-11
    1.11002E-10    1.32501E-10    1.49400E-10    1.73601E-10
    2.00701E-10    2.29599E-10    2.60801E-10    3.00400E-10
    3.36099E-10    3.72699E-10    4.37297E-10    4.83798E-10
    5.48302E-10    6.00596E-10    6.53512E-10    6.89887E-10
    7.68728E-10    8.44385E-10    8.79810E-10    9.13472E-10
    9.53203E-10    9.75697E-10    9.96801E-10    1.00598E-09
    9.94911E-10    9.78888E-10    9.56383E-10    9.21500E-10
    8.51004E-10    8.39410E-10    7.70696E-10    7.15203E-10
    6.27385E-10    5.59800E-10    5.02800E-10    4.30000E-10
    3.70999E-10    3.24498E-10    2.80898E-10    2.46100E-10
    2.15399E-10    1.91002E-10    1.68501E-10    1.48701E-10
    1.31298E-10    1.16300E-10    1.03102E-10    9.17221E-11
    8.22112E-11    7.38192E-11    6.69289E-11    6.07921E-11
    5.58102E-11    5.16702E-11    4.81099E-11    4.50598E-11
    4.25499E-11    4.08299E-11    3.94901E-11    3.88099E-11
    3.86101E-11    3.85802E-11    3.95098E-11    4.04500E-11
    4.24000E-11    4.48700E-11    4.80600E-11    5.13301E-11
    5.51799E-11    5.91873E-11    6.53283E-11    7.03109E-11
    7.76180E-11    8.30477E-11    9.25172E-11    9.72717E-11
    1.04501E-10    1.11698E-10    1.20000E-10    1.27501E-10
    1.34101E-10    1.36199E-10    1.43799E-10    1.44997E-10
    1.45497E-10    1.45500E-10    1.43402E-10    1.38100E-10
    1.30103E-10    1.27601E-10    1.16298E-10    1.08902E-10
    9.91126E-11    8.94315E-11    7.61818E-11    6.42419E-11
    5.71680E-11    4.86602E-11    4.25697E-11    3.77297E-11
    3.33097E-11    2.95801E-11    2.62902E-11    2.31600E-11
    2.07299E-11    1.84099E-11    1.63499E-11    1.46402E-11
    1.30998E-11    1.16000E-11    1.04702E-11    9.40799E-12
    8.41395E-12    7.52108E-12    6.70506E-12    5.99326E-12
    5.37099E-12    4.81497E-12    4.33800E-12    3.92101E-12
    3.56702E-12    3.26503E-12    3.01001E-12    2.79503E-12
    2.61302E-12    2.46399E-12    2.34598E-12    2.25600E-12
    2.19498E-12    2.16501E-12    2.16598E-12    2.19800E-12
    2.26201E-12    2.36398E-12    2.50200E-12    2.68201E-12
    2.90799E-12    3.18702E-12    3.53298E-12    3.94598E-12
    4.41800E-12    5.01300E-12    5.70796E-12    6.37922E-12
    7.42983E-12    8.38984E-12    9.50993E-12    1.07799E-11
    1.25899E-11    1.43802E-11    1.63001E-11    1.81398E-11
    2.05501E-11    2.34799E-11    2.66401E-11    2.95601E-11
    3.30000E-11    3.67702E-11    4.03202E-11    4.49403E-11
    4.95099E-11    5.45200E-11    6.01422E-11    6.49973E-11
    6.91475E-11    7.45003E-11    7.97107E-11    8.46809E-11
    8.72574E-11    8.99510E-11    9.18192E-11    9.50898E-11
    9.33297E-11    9.38608E-11    9.45707E-11    9.21021E-11
    9.01900E-11    8.67987E-11    8.29826E-11    7.94688E-11
    7.45991E-11    7.08175E-11    6.13203E-11    5.85506E-11
    5.07297E-11    4.46402E-11    3.82500E-11    3.37501E-11
    2.91100E-11    2.53499E-11    2.16002E-11    1.90700E-11
    1.66502E-11    1.46299E-11    1.29102E-11    1.13299E-11
    9.99678E-12    8.83575E-12    7.83906E-12    6.94316E-12
    6.25402E-12    5.59989E-12    5.02901E-12    4.52900E-12
    4.10198E-12    3.73699E-12    3.42799E-12    3.16898E-12
    2.95902E-12    2.79797E-12    2.67500E-12    2.58199E-12
    2.64398E-12    2.55700E-12    2.61399E-12    2.71701E-12
    2.87402E-12    3.05597E-12    3.18700E-12    3.63098E-12
    3.97900E-12    4.24801E-12    4.81700E-12    5.26601E-12
    5.83598E-12    6.36489E-12    6.80708E-12    7.47015E-12
    7.95090E-12    8.63588E-12    8.97205E-12    9.31418E-12
    9.44521E-12    1.00300E-11    1.01300E-11    9.93688E-12
    9.72923E-12    9.06411E-12    9.11922E-12    9.12388E-12
    8.70409E-12    8.07813E-12    7.47013E-12    6.32897E-12
    5.67382E-12    4.80801E-12    4.11899E-12    3.55400E-12
    3.10298E-12    2.73102E-12    2.41498E-12    2.14997E-12
    1.92602E-12    1.73700E-12    1.57802E-12    1.44701E-12
    1.34001E-12    1.25502E-12    1.19101E-12    1.14597E-12
    1.12098E-12    1.11401E-12    1.12599E-12    1.15599E-12
    1.20699E-12    1.27799E-12    1.37200E-12    1.49002E-12
    1.63299E-12    1.80501E-12    2.01002E-12    2.24899E-12
    2.52802E-12    2.85199E-12    3.22799E-12    3.65801E-12
    4.15299E-12    4.72800E-12    5.39403E-12    6.17584E-12
    7.12590E-12    8.18798E-12    9.32803E-12    1.10298E-11
    1.27600E-11    1.41702E-11    1.61501E-11    1.83999E-11
    2.15502E-11    2.42900E-11    2.82602E-11    3.22202E-11
    3.66399E-11    4.14002E-11    4.90602E-11    5.53595E-11
    6.32722E-11    7.08813E-11    8.31619E-11    9.24224E-11
    1.06999E-10    1.22298E-10    1.34101E-10    1.55302E-10
    1.70299E-10    1.90000E-10    2.02201E-10    2.23300E-10
    2.34498E-10    2.43797E-10    2.54600E-10    2.59899E-10
    2.66102E-10    2.70298E-10    2.68601E-10    2.66199E-10
    2.55999E-10    2.55199E-10    2.37802E-10    2.25199E-10
    2.14602E-10    1.88500E-10    1.66801E-10    1.44098E-10
    1.29497E-10    1.11899E-10    9.89307E-11    8.68690E-11
    7.67803E-11    6.68521E-11    5.87876E-11    5.12719E-11
    4.50501E-11    3.99700E-11    3.51100E-11
*END
