*BEGIN_DATA

     Start of table                = -2.00000E+01     cm-1
     End of table                  =  2.00000E+04     cm-1
     Increment in table            =  1.00000E+01     cm-1
     Number of points in table     =  2003

     Continuum coefficients (cm^3.mol-1 * 1.0E-20)
    2.31929E-01    2.28812E-01    0.00000E+00    2.28812E-01
    2.31929E-01    2.24254E-01    2.19302E-01    2.06370E-01
    2.02034E-01    1.89002E-01    1.81085E-01    1.68087E-01
    1.51776E-01    1.41618E-01    1.26094E-01    1.15155E-01
    1.03629E-01    8.72543E-02    8.12643E-02    6.81834E-02
    6.29684E-02    5.49355E-02    4.69188E-02    4.31600E-02
    3.69890E-02    3.34925E-02    2.85146E-02    2.51822E-02
    2.20707E-02    1.92066E-02    1.68324E-02    1.48722E-02
    1.27328E-02    1.12731E-02    9.75333E-03    8.62284E-03
    7.44533E-03    6.61501E-03    5.72376E-03    4.98153E-03
    4.36701E-03    3.80995E-03    3.35518E-03    2.93107E-03
    2.59936E-03    2.26471E-03    1.99071E-03    1.75191E-03
    1.54633E-03    1.35976E-03    1.20201E-03    1.06120E-03
    9.36914E-04    8.29756E-04    7.36625E-04    6.52238E-04
    5.78513E-04    5.14166E-04    4.57429E-04    4.08016E-04
    3.63742E-04    3.25356E-04    2.91629E-04    2.61928E-04
    2.35533E-04    2.12308E-04    1.91937E-04    1.73832E-04
    1.57853E-04    1.43711E-04    1.31094E-04    1.19999E-04
    1.10120E-04    1.01256E-04    9.33718E-05    8.62977E-05
    7.99301E-05    7.42582E-05    6.91225E-05    6.44703E-05
    6.02510E-05    5.64156E-05    5.29220E-05    4.97103E-05
    4.68995E-05    4.44379E-05    4.21570E-05    4.01196E-05
    3.81360E-05    3.62135E-05    3.44206E-05    3.26750E-05
    3.09975E-05    2.95735E-05    2.77964E-05    2.61655E-05
    2.44485E-05    2.30507E-05    2.18732E-05    2.08014E-05
    1.98004E-05    1.88494E-05    1.79580E-05    1.71170E-05
    1.63368E-05    1.55957E-05    1.49052E-05    1.42646E-05
    1.36743E-05    1.31242E-05    1.26338E-05    1.21836E-05
    1.17826E-05    1.14330E-05    1.11225E-05    1.08821E-05
    1.07020E-05    1.05717E-05    1.05020E-05    1.05120E-05
    1.05919E-05    1.07618E-05    1.10018E-05    1.13316E-05
    1.18019E-05    1.23714E-05    1.30815E-05    1.39319E-05
    1.62934E-05    1.70370E-05    1.82959E-05    1.99637E-05
    2.19628E-05    2.42533E-05    2.68574E-05    2.99503E-05
    3.39154E-05    3.91928E-05    4.59573E-05    5.39666E-05
    6.28460E-05    7.25571E-05    8.36136E-05    9.68496E-05
    1.13037E-04    1.32708E-04    1.55993E-04    1.82344E-04
    2.10451E-04    2.39057E-04    2.67794E-04    2.96679E-04
    3.24956E-04    3.50813E-04    3.72006E-04    3.86134E-04
    3.91172E-04    3.87343E-04    3.78911E-04    3.72616E-04
    3.73167E-04    3.79837E-04    3.87362E-04    3.90032E-04
    3.85410E-04    3.75118E-04    3.62848E-04    3.51934E-04
    3.44306E-04    3.40179E-04    3.37716E-04    3.33518E-04
    3.24597E-04    3.10141E-04    2.91363E-04    2.70034E-04
    2.47450E-04    2.24628E-04    2.02498E-04    1.81411E-04
    1.60843E-04    1.39980E-04    1.18804E-04    9.85380E-05
    8.08309E-05    6.65592E-05    5.53840E-05    4.63699E-05
    3.88226E-05    3.24908E-05    2.73415E-05    2.33365E-05
    2.03498E-05    1.81683E-05    1.65462E-05    1.52787E-05
    1.42177E-05    1.32287E-05    1.21967E-05    1.10635E-05
    9.83716E-06    8.54630E-06    7.22637E-06    5.94247E-06
    4.79290E-06    3.86212E-06    3.17173E-06    2.68069E-06
    2.32409E-06    2.04805E-06    1.82284E-06    1.63639E-06
    1.48154E-06    1.34739E-06    1.22183E-06    1.09894E-06
    9.82536E-07    8.81121E-07    7.98563E-07    7.30914E-07
    6.71089E-07    6.15783E-07    5.66298E-07    5.25181E-07
    4.92948E-07    4.67686E-07    4.46847E-07    4.28517E-07
    4.11784E-07    3.96515E-07    3.83042E-07    3.71648E-07
    3.62084E-07    3.53719E-07    3.45884E-07    3.37957E-07
    3.29234E-07    3.19186E-07    3.07947E-07    2.96377E-07
    2.85518E-07    2.75963E-07    2.67696E-07    2.60357E-07
    2.53636E-07    2.47411E-07    2.41663E-07    2.36301E-07
    2.31084E-07    2.25760E-07    2.20269E-07    2.14874E-07
    2.09974E-07    2.05759E-07    2.02125E-07    1.98915E-07
    1.96187E-07    1.94127E-07    1.92681E-07    1.91426E-07
    1.89866E-07    1.87835E-07    1.85520E-07    1.83200E-07
    1.81081E-07    1.79423E-07    1.78728E-07    1.79578E-07
    1.82241E-07    1.86263E-07    1.90512E-07    1.93778E-07
    1.95534E-07    1.96222E-07    1.96765E-07    1.97748E-07
    1.99096E-07    2.00437E-07    2.01675E-07    2.03105E-07
    2.05191E-07    2.08359E-07    2.12979E-07    2.19374E-07
    2.27766E-07    2.38138E-07    2.50089E-07    2.62811E-07
    2.75235E-07    2.86422E-07    2.95889E-07    3.03717E-07
    3.10500E-07    3.17382E-07    3.25966E-07    3.37721E-07
    3.53436E-07    3.73831E-07    4.01250E-07    4.40573E-07
    4.98927E-07    5.82810E-07    6.93934E-07    8.25416E-07
    9.61855E-07    1.08591E-06    1.18760E-06    1.26918E-06
    1.34209E-06    1.42059E-06    1.51409E-06    1.61858E-06
    1.71639E-06    1.79531E-06    1.87157E-06    1.99112E-06
    2.20573E-06    2.54426E-06    2.99266E-06    3.48517E-06
    3.91604E-06    4.17774E-06    4.21375E-06    4.04860E-06
    3.76708E-06    3.46006E-06    3.18272E-06    2.95043E-06
    2.76028E-06    2.60670E-06    2.48058E-06    2.37146E-06
    2.27942E-06    2.22387E-06    2.23660E-06    2.34438E-06
    2.55686E-06    2.86376E-06    3.23423E-06    3.61128E-06
    3.91627E-06    4.08909E-06    4.14882E-06    4.20235E-06
    4.39357E-06    4.85656E-06    5.73052E-06    7.17159E-06
    9.24711E-06    1.17591E-05    1.42342E-05    1.62252E-05
    1.76809E-05    1.90160E-05    2.08543E-05    2.38266E-05
    2.87825E-05    3.73014E-05    5.18511E-05    7.48515E-05
    1.06489E-04    1.42808E-04    1.75953E-04    1.97216E-04
    2.01290E-04    1.89204E-04    1.67937E-04    1.46693E-04
    1.32582E-04    1.28589E-04    1.34397E-04    1.47921E-04
    1.65681E-04    1.82531E-04    1.92669E-04    1.92249E-04
    1.81473E-04    1.64176E-04    1.45447E-04    1.29297E-04
    1.17593E-04    1.10206E-04    1.05763E-04    1.02483E-04
    9.88901E-05    9.41123E-05    8.77917E-05    7.98935E-05
    7.07021E-05    6.07674E-05    5.07217E-05    4.11902E-05
    3.28282E-05    2.63146E-05    2.21202E-05    2.01941E-05
    1.98264E-05    1.99223E-05    1.95775E-05    1.84819E-05
    1.68417E-05    1.50211E-05    1.32745E-05    1.17035E-05
    1.03097E-05    9.04814E-06    7.84827E-06    6.63333E-06
    5.37266E-06    4.13071E-06    3.04951E-06    2.25222E-06
    1.76051E-06    1.49837E-06    1.35968E-06    1.26649E-06
    1.18575E-06    1.11518E-06    1.06005E-06    1.01830E-06
    9.81531E-07    9.42434E-07    8.99810E-07    8.57221E-07
    8.17915E-07    7.81395E-07    7.44505E-07    7.05059E-07
    6.63991E-07    6.24192E-07    5.88294E-07    5.57086E-07
    5.29651E-07    5.04501E-07    4.80856E-07    4.59030E-07
    4.39309E-07    4.20966E-07    4.02959E-07    3.84966E-07
    3.67671E-07    3.51708E-07    3.36909E-07    3.22766E-07
    3.08937E-07    2.95621E-07    2.83198E-07    2.71843E-07
    2.61413E-07    2.51700E-07    2.42500E-07    2.33786E-07
    2.25556E-07    2.17836E-07    2.10684E-07    2.04121E-07
    1.98150E-07    1.92688E-07    1.87673E-07    1.83177E-07
    1.79343E-07    1.76124E-07    1.73196E-07    1.70148E-07
    1.66799E-07    1.63382E-07    1.60381E-07    1.58183E-07
    1.56865E-07    1.56293E-07    1.56385E-07    1.57087E-07
    1.58128E-07    1.58824E-07    1.58303E-07    1.55930E-07
    1.51641E-07    1.45962E-07    1.39786E-07    1.33979E-07
    1.28994E-07    1.24802E-07    1.21158E-07    1.17904E-07
    1.15052E-07    1.12673E-07    1.10835E-07    1.09598E-07
    1.09053E-07    1.09314E-07    1.10389E-07    1.12045E-07
    1.13863E-07    1.15613E-07    1.17626E-07    1.20838E-07
    1.26403E-07    1.35119E-07    1.46829E-07    1.60137E-07
    1.72865E-07    1.83657E-07    1.94054E-07    2.09741E-07
    2.39442E-07    2.90736E-07    3.64623E-07    4.54158E-07
    5.49980E-07    6.47199E-07    7.47500E-07    8.55972E-07
    9.77745E-07    1.11661E-06    1.27580E-06    1.45869E-06
    1.66961E-06    1.91369E-06    2.19671E-06    2.52418E-06
    2.90000E-06    3.32428E-06    3.79308E-06    4.29962E-06
    4.83812E-06    5.40421E-06    5.99160E-06    6.58933E-06
    7.18251E-06    7.75712E-06    8.30549E-06    8.82457E-06
    9.30962E-06    9.74765E-06    1.01201E-05    1.04062E-05
    1.05848E-05    1.06378E-05    1.05556E-05    1.03412E-05
    1.00065E-05    9.56883E-06    9.04759E-06    8.46211E-06
    7.83137E-06    7.17403E-06    6.50919E-06    5.85486E-06
    5.22656E-06    4.63620E-06    4.09124E-06    3.59490E-06
    3.14764E-06    2.74828E-06    2.39493E-06    2.08553E-06
    1.81697E-06    1.58524E-06    1.38565E-06    1.21346E-06
    1.06444E-06    9.34669E-07    8.19911E-07    7.14884E-07
    6.13505E-07    5.11332E-07    4.09539E-07    3.16124E-07
    2.41484E-07    1.91270E-07    1.63187E-07    1.50174E-07
    1.45189E-07    1.43422E-07    1.42031E-07    1.39459E-07
    1.35085E-07    1.28758E-07    1.20231E-07    1.09307E-07
    9.67093E-08    8.42798E-08    7.38207E-08    6.58864E-08
    5.99553E-08    5.53945E-08    5.19178E-08    4.93880E-08
    4.76331E-08    4.64446E-08    4.55646E-08    4.46740E-08
    4.35288E-08    4.21083E-08    4.05524E-08    3.89646E-08
    3.73737E-08    3.58840E-08    3.47500E-08    3.42513E-08
    3.44732E-08    3.52104E-08    3.60267E-08    3.64725E-08
    3.63140E-08    3.56153E-08    3.46275E-08    3.36000E-08
    3.26848E-08    3.19176E-08    3.12730E-08    3.07028E-08
    3.01738E-08    2.96661E-08    2.91716E-08    2.86819E-08
    2.81840E-08    2.76618E-08    2.71071E-08    2.65300E-08
    2.59563E-08    2.54103E-08    2.49032E-08    2.44283E-08
    2.39695E-08    2.35217E-08    2.31042E-08    2.27488E-08
    2.24840E-08    2.23158E-08    2.22213E-08    2.21510E-08
    2.20556E-08    2.19002E-08    2.16820E-08    2.14202E-08
    2.11372E-08    2.08520E-08    2.05770E-08    2.03203E-08
    2.00862E-08    1.98842E-08    1.97281E-08    1.96443E-08
    1.96589E-08    1.98103E-08    2.01304E-08    2.06558E-08
    2.13978E-08    2.23539E-08    2.35093E-08    2.48475E-08
    2.63615E-08    2.80492E-08    2.99248E-08    3.19969E-08
    3.42706E-08    3.67450E-08    3.94177E-08    4.22922E-08
    4.53799E-08    4.86935E-08    5.22561E-08    5.61135E-08
    6.03807E-08    6.53424E-08    7.15994E-08    8.01549E-08
    9.23574E-08    1.09624E-07    1.33025E-07    1.62855E-07
    1.98358E-07    2.37854E-07    2.79152E-07    3.20074E-07
    3.58635E-07    3.93007E-07    4.21464E-07    4.42393E-07
    4.54676E-07    4.58100E-07    4.53971E-07    4.45110E-07
    4.35513E-07    4.29619E-07    4.31667E-07    4.44759E-07
    4.70029E-07    5.06172E-07    5.49564E-07    5.95007E-07
    6.37116E-07    6.71823E-07    6.97572E-07    7.15498E-07
    7.28660E-07    7.40993E-07    7.56394E-07    7.78178E-07
    8.08983E-07    8.51059E-07    9.06843E-07    9.79515E-07
    1.07248E-06    1.18799E-06    1.32484E-06    1.47560E-06
    1.62620E-06    1.76011E-06    1.86695E-06    1.95063E-06
    2.02986E-06    2.12855E-06    2.26475E-06    2.44250E-06
    2.65434E-06    2.88951E-06    3.14190E-06    3.40837E-06
    3.68412E-06    3.96050E-06    4.22514E-06    4.46574E-06
    4.67479E-06    4.85062E-06    4.99392E-06    5.10193E-06
    5.16818E-06    5.18762E-06    5.15810E-06    5.07942E-06
    4.95027E-06    4.76895E-06    4.53648E-06    4.25580E-06
    3.92902E-06    3.55714E-06    3.14579E-06    2.71289E-06
    2.28889E-06    1.90352E-06    1.57122E-06    1.28969E-06
    1.05071E-06    8.49583E-07    6.85013E-07    5.55490E-07
    4.57024E-07    3.83628E-07    3.28837E-07    2.87156E-07
    2.54587E-07    2.28469E-07    2.07168E-07    1.89509E-07
    1.74536E-07    1.61166E-07    1.48373E-07    1.35403E-07
    1.22084E-07    1.08897E-07    9.66539E-08    8.60867E-08
    7.75171E-08    7.07837E-08    6.54215E-08    6.09346E-08
    5.69883E-08    5.34342E-08    5.02474E-08    4.74421E-08
    4.50130E-08    4.29183E-08    4.10829E-08    3.94230E-08
    3.78760E-08    3.64168E-08    3.50528E-08    3.38018E-08
    3.26620E-08    3.15944E-08    3.05321E-08    2.94149E-08
    2.82212E-08    2.69745E-08    2.57283E-08    2.45325E-08
    2.34275E-08    2.24320E-08    2.15470E-08    2.07630E-08
    2.00658E-08    1.94450E-08    1.88914E-08    1.83897E-08
    1.79232E-08    1.74818E-08    1.70553E-08    1.66524E-08
    1.62820E-08    1.59549E-08    1.56737E-08    1.54370E-08
    1.52469E-08    1.51108E-08    1.50423E-08    1.50497E-08
    1.51377E-08    1.53086E-08    1.55532E-08    1.58603E-08
    1.62136E-08    1.65956E-08    1.69926E-08    1.73936E-08
    1.77961E-08    1.82025E-08    1.86213E-08    1.90771E-08
    1.95941E-08    2.01917E-08    2.08744E-08    2.16236E-08
    2.24002E-08    2.31580E-08    2.38653E-08    2.45067E-08
    2.50920E-08    2.56397E-08    2.61691E-08    2.66924E-08
    2.72169E-08    2.77473E-08    2.82861E-08    2.88367E-08
    2.94041E-08    3.00036E-08    3.06627E-08    3.14289E-08
    3.23628E-08    3.35280E-08    3.49726E-08    3.67146E-08
    3.87423E-08    4.10119E-08    4.34656E-08    4.60509E-08
    4.87340E-08    5.15136E-08    5.44198E-08    5.75018E-08
    6.08094E-08    6.43631E-08    6.81326E-08    7.20141E-08
    7.58525E-08    7.94690E-08    8.27056E-08    8.54574E-08
    8.76655E-08    8.93132E-08    9.04256E-08    9.10755E-08
    9.13875E-08    9.15365E-08    9.17650E-08    9.24705E-08
    9.42829E-08    9.79804E-08    1.04169E-07    1.12940E-07
    1.23862E-07    1.36338E-07    1.49862E-07    1.63963E-07
    1.78078E-07    1.91669E-07    2.04384E-07    2.16055E-07
    2.26469E-07    2.35392E-07    2.42659E-07    2.48150E-07
    2.51497E-07    2.52186E-07    2.49921E-07    2.44881E-07
    2.37528E-07    2.28219E-07    2.17095E-07    2.04207E-07
    1.89674E-07    1.73805E-07    1.57130E-07    1.40437E-07
    1.24485E-07    1.09855E-07    9.67533E-08    8.51126E-08
    7.47673E-08    6.56007E-08    5.52000E-08    4.84695E-08
    4.28204E-08    3.79601E-08    3.37699E-08    2.99602E-08
    2.67804E-08    2.40000E-08    2.13403E-08    1.90396E-08
    1.70495E-08    1.52305E-08    1.35000E-08    1.20405E-08
    1.07000E-08    9.40798E-09    8.47598E-09    7.47001E-09
    6.67898E-09    5.92905E-09    5.26696E-09    4.71097E-09
    4.17202E-09    3.76100E-09    3.28799E-09    2.92897E-09
    2.60896E-09    2.31499E-09    2.04203E-09    1.84403E-09
    1.64000E-09    1.47003E-09    1.30998E-09    1.17599E-09
    1.04900E-09    9.37701E-10    8.46197E-10    7.61601E-10
    6.81802E-10    6.11896E-10    5.55798E-10    5.15197E-10
    4.83195E-10    4.54602E-10    4.26695E-10    4.00899E-10
    3.76998E-10    3.54604E-10    3.33998E-10    3.14900E-10
    2.97105E-10    2.80505E-10    2.65200E-10    2.50902E-10
    2.37704E-10    2.25497E-10    2.14205E-10    2.03804E-10
    1.94301E-10    1.85495E-10    1.77604E-10    1.70302E-10
    1.64002E-10    1.58598E-10    1.53600E-10    1.49399E-10
    1.46605E-10    1.44602E-10    1.43998E-10    1.43901E-10
    1.45495E-10    1.46097E-10    1.47901E-10    1.51398E-10
    1.53799E-10    1.58995E-10    1.65205E-10    1.75005E-10
    1.81104E-10    1.87998E-10    1.93296E-10    2.02701E-10
    2.07800E-10    2.16999E-10    2.24898E-10    2.32305E-10
    2.40801E-10    2.46099E-10    2.53603E-10    2.58099E-10
    2.61495E-10    2.72099E-10    2.78196E-10    2.86596E-10
    2.93803E-10    2.95799E-10    3.01104E-10    3.15496E-10
    3.23697E-10    3.58899E-10    3.83800E-10    4.08302E-10
    4.35399E-10    4.74497E-10    5.14801E-10    5.64796E-10
    6.19404E-10    6.74796E-10    7.56597E-10    8.42101E-10
    9.42703E-10    1.04204E-09    1.16502E-09    1.34097E-09
    1.51805E-09    1.68601E-09    2.03602E-09    2.36205E-09
    2.81100E-09    3.29598E-09    4.07000E-09    4.69500E-09
    6.15196E-09    7.57204E-09    9.55703E-09    1.13502E-08
    1.27904E-08    1.36397E-08    1.43599E-08    1.54004E-08
    1.67204E-08    1.79302E-08    1.90601E-08    2.03601E-08
    2.14400E-08    2.29198E-08    2.37104E-08    2.49296E-08
    2.60597E-08    2.70597E-08    2.86596E-08    3.03602E-08
    3.13599E-08    3.40499E-08    3.66504E-08    3.83703E-08
    4.22897E-08    4.74804E-08    5.32004E-08    5.76301E-08
    6.67695E-08    7.21598E-08    7.71597E-08    8.95802E-08
    9.41898E-08    1.03602E-07    1.10795E-07    1.18903E-07
    1.24603E-07    1.34797E-07    1.31000E-07    1.36098E-07
    1.36403E-07    1.36303E-07    1.34305E-07    1.29296E-07
    1.25403E-07    1.23496E-07    1.15796E-07    1.10702E-07
    9.96075E-08    9.01102E-08    7.90998E-08    6.91603E-08
    6.33799E-08    5.56400E-08    4.82704E-08    4.19796E-08
    3.69499E-08    3.27600E-08    2.92898E-08    2.63302E-08
    2.39104E-08    2.19197E-08    2.02103E-08    1.88995E-08
    1.77201E-08    1.66697E-08    1.60303E-08    1.54702E-08
    1.53697E-08    1.49203E-08    1.51502E-08    1.47896E-08
    1.45000E-08    1.51297E-08    1.49498E-08    1.52899E-08
    1.56503E-08    1.56397E-08    1.55300E-08    1.56903E-08
    1.58403E-08    1.56999E-08    1.53804E-08    1.53104E-08
    1.34602E-08    1.19901E-08    1.04404E-08    8.89197E-09
    7.07604E-09    5.88398E-09    5.03903E-09    4.12902E-09
    3.66302E-09    2.99300E-09    2.62204E-09    2.23196E-09
    1.88399E-09    1.56899E-09    1.34804E-09    1.14398E-09
    1.00900E-09    8.83304E-10    7.90703E-10    7.07902E-10
    6.51403E-10    5.82298E-10    5.31197E-10    4.88299E-10
    4.45796E-10    4.09399E-10    3.73401E-10    3.45799E-10
    3.20503E-10    2.96203E-10    2.73301E-10    2.53201E-10
    2.35097E-10    2.18701E-10    2.03404E-10    1.88896E-10
    1.76401E-10    1.64803E-10    1.54100E-10    1.44297E-10
    1.35497E-10    1.27402E-10    1.19800E-10    1.13299E-10
    1.07096E-10    1.01503E-10    9.64757E-11    9.19514E-11
    8.79116E-11    8.43498E-11    8.12500E-11    7.85903E-11
    7.62098E-11    7.48102E-11    7.35103E-11    7.22799E-11
    7.29501E-11    7.33904E-11    7.58797E-11    7.70103E-11
    7.88602E-11    8.51097E-11    9.06079E-11    9.92558E-11
    1.08299E-10    1.24099E-10    1.46903E-10    1.73598E-10
    1.96601E-10    2.13200E-10    2.28002E-10    2.47298E-10
    2.71800E-10    2.92197E-10    3.12797E-10    3.36097E-10
    3.64103E-10    3.90997E-10    4.19603E-10    4.50101E-10
    4.93204E-10    5.25796E-10    5.75497E-10    6.25299E-10
    6.66403E-10    7.34400E-10    7.98498E-10    8.87678E-10
    1.00503E-09    1.11799E-09    1.25100E-09    1.42799E-09
    1.61002E-09    1.88799E-09    2.07700E-09    2.33097E-09
    2.75100E-09    3.06101E-09    3.52201E-09    3.80498E-09
    4.18101E-09    4.57498E-09    5.16697E-09    5.63400E-09
    6.00702E-09    6.50099E-09    6.82896E-09    7.21096E-09
    7.26203E-09    7.69597E-09    7.83199E-09    7.79901E-09
    7.65099E-09    7.30402E-09    7.15000E-09    6.97699E-09
    6.60303E-09    6.20899E-09    5.69003E-09    5.43200E-09
    4.76403E-09    4.18900E-09    3.63998E-09    3.20301E-09
    2.84797E-09    2.50999E-09    2.19399E-09    1.94599E-09
    1.75000E-09    1.56696E-09    1.42597E-09    1.30202E-09
    1.19701E-09    1.10904E-09    1.03500E-09    9.71878E-10
    9.20692E-10    8.95736E-10    8.57797E-10    8.26185E-10
    8.11717E-10    7.98701E-10    7.87500E-10    7.74099E-10
    7.76200E-10    7.53701E-10    7.42396E-10    7.47398E-10
    7.29402E-10    7.21602E-10    7.23296E-10    7.14002E-10
    7.08498E-10    6.43400E-10    5.58500E-10    5.01499E-10
    3.95602E-10    3.33698E-10    2.54502E-10    2.14103E-10
    1.76098E-10    1.68500E-10    1.50702E-10    1.24098E-10
    1.08102E-10    9.67506E-11    7.96384E-11    6.93001E-11
    5.79003E-11    5.06902E-11    4.45204E-11    3.97001E-11
    3.55102E-11    3.22799E-11    2.93898E-11    2.68197E-11
    2.47098E-11    2.27802E-11    2.10600E-11    1.95004E-11
    1.81096E-11    1.68197E-11    1.56297E-11    1.45803E-11
    1.36302E-11    1.27800E-11    1.20000E-11    1.12900E-11
    1.06600E-11    1.00703E-11    9.54475E-12    9.07479E-12
    8.65562E-12    8.28483E-12    7.95769E-12    7.67402E-12
    7.43103E-12    7.22701E-12    7.06097E-12    6.93402E-12
    6.84303E-12    6.78998E-12    6.77500E-12    6.79801E-12
    6.85901E-12    6.96003E-12    7.10198E-12    7.28698E-12
    7.51697E-12    7.79468E-12    8.12310E-12    8.50418E-12
    8.94537E-12    9.45034E-12    1.00303E-11    1.07002E-11
    1.14803E-11    1.23197E-11    1.32696E-11    1.44098E-11
    1.53499E-11    1.65501E-11    1.81401E-11    2.02002E-11
    2.30699E-11    2.62201E-11    2.96201E-11    3.36902E-11
    3.81897E-11    4.32899E-11    4.93204E-11    5.58901E-11
    6.36398E-11    7.28402E-11    8.23582E-11    9.44668E-11
    1.07802E-10    1.22897E-10    1.41696E-10    1.61398E-10
    1.84302E-10    2.10698E-10    2.40601E-10    2.72802E-10
    3.19504E-10    3.59497E-10    4.15303E-10    4.73599E-10
    5.40997E-10    6.08797E-10    6.76903E-10    7.69123E-10
    8.54492E-10    9.62104E-10    1.04699E-09    1.16098E-09
    1.29604E-09    1.42399E-09    1.57603E-09    1.73897E-09
    1.89297E-09    2.08003E-09    2.33596E-09    2.60402E-09
    2.76000E-09    3.00102E-09    3.36501E-09    3.54996E-09
    3.89498E-09    4.18298E-09    4.61403E-09    4.84597E-09
    5.06800E-09    5.42698E-09    5.54101E-09    5.86401E-09
    5.99703E-09    5.99704E-09    6.06098E-09    5.94397E-09
    5.85498E-09    5.66099E-09    5.52298E-09    5.37401E-09
    4.94000E-09    4.68799E-09    4.16997E-09    3.91299E-09
    3.42303E-09    2.99699E-09    2.59799E-09    2.25297E-09
    1.94599E-09    1.71001E-09    1.50700E-09    1.33597E-09
    1.19001E-09    1.06800E-09    9.62322E-10    8.77224E-10
    8.00711E-10    7.42004E-10    6.88402E-10    6.48297E-10
    6.16199E-10    5.92197E-10    5.68803E-10    5.65400E-10
    5.63699E-10    5.70099E-10    5.78100E-10    5.87403E-10
    6.26798E-10    6.35701E-10    6.52500E-10    7.13723E-10
    7.44093E-10    8.02389E-10    8.48525E-10    9.14316E-10
    9.53576E-10    9.71689E-10    1.01800E-09    1.04199E-09
    1.05399E-09    1.09203E-09    1.09302E-09    1.07202E-09
    1.04603E-09    9.28293E-10    8.05292E-10    6.68003E-10
    5.62997E-10    4.93301E-10    3.48799E-10    3.32401E-10
    2.82601E-10    2.42897E-10    2.05097E-10    1.67903E-10
    1.41100E-10    1.24001E-10    1.09800E-10    9.66805E-11
    8.52897E-11    7.84769E-11    7.09780E-11    6.11700E-11
    5.24601E-11    4.52103E-11    4.05900E-11    3.78298E-11
    3.50199E-11    3.27101E-11    2.95603E-11    2.63600E-11
    2.46402E-11    2.19002E-11    1.98600E-11    1.79099E-11
    1.63799E-11    1.49100E-11    1.38297E-11    1.27100E-11
    1.16599E-11    1.08199E-11    1.00197E-11    9.31704E-12
    8.69674E-12    8.15729E-12    7.67818E-12    7.25186E-12
    6.87415E-12    6.53901E-12    6.24297E-12    5.98501E-12
    5.76302E-12    5.57498E-12    5.42102E-12    5.30000E-12
    5.21198E-12    5.15703E-12    5.13797E-12    5.15601E-12
    5.21403E-12    5.31301E-12    5.45697E-12    5.68600E-12
    5.95301E-12    6.28401E-12    6.85628E-12    7.35070E-12
    8.00601E-12    8.95730E-12    1.03100E-11    1.17002E-11
    1.34501E-11    1.62302E-11    1.99900E-11    2.50698E-11
    3.00398E-11    3.37797E-11    3.68800E-11    4.11803E-11
    4.56901E-11    5.02502E-11    5.65999E-11    6.23100E-11
    6.88111E-11    7.99604E-11    8.52573E-11    9.69413E-11
    1.10599E-10    1.22199E-10    1.35500E-10    1.52498E-10
    1.77503E-10    1.92403E-10    2.18097E-10    2.37902E-10
    2.66199E-10    2.90701E-10    3.15399E-10    3.36599E-10
    3.57902E-10    3.85800E-10    4.04602E-10    4.19602E-10
    4.16597E-10    4.45700E-10    4.46602E-10    4.40397E-10
    4.33700E-10    4.14997E-10    4.08299E-10    3.90999E-10
    3.72302E-10    3.51400E-10    3.30298E-10    2.84699E-10
    2.54599E-10    2.22999E-10    1.99399E-10    1.73299E-10
    1.48800E-10    1.29697E-10    1.14401E-10    1.00399E-10
    8.74131E-11    7.92797E-11    7.03406E-11    6.32299E-11
    5.75398E-11    5.25003E-11    4.85000E-11    4.50199E-11
    4.28598E-11    4.02802E-11    3.89898E-11    3.82403E-11
    3.76098E-11    3.80402E-11    3.83903E-11    3.84500E-11
    4.24401E-11    4.38199E-11    4.58200E-11    4.84698E-11
    5.20902E-11    5.38400E-11    5.88699E-11    6.37096E-11
    6.73701E-11    7.16783E-11    7.41519E-11    7.82669E-11
    8.03729E-11    8.12003E-11    8.15404E-11    7.98107E-11
    7.78310E-11    6.89981E-11    6.02997E-11    4.90000E-11
    3.87799E-11    3.06801E-11    2.53298E-11    2.25499E-11
    2.05602E-11    1.56903E-11    1.39799E-11    1.14903E-11
    9.24906E-12    7.70607E-12    6.43625E-12    5.51399E-12
    4.78202E-12    4.20200E-12    3.72101E-12    3.33601E-12
    3.01501E-12    2.74400E-12    2.51200E-12    2.31200E-12
    2.13801E-12    1.98703E-12    1.85502E-12    1.74098E-12
    1.64201E-12    1.55703E-12    1.48298E-12    1.42202E-12
    1.37002E-12    1.32903E-12    1.29698E-12    1.27403E-12
    1.25900E-12    1.25299E-12    1.25499E-12    1.26597E-12
    1.28401E-12    1.31199E-12    1.34797E-12    1.39300E-12
    1.44798E-12    1.51202E-12    1.58701E-12    1.67201E-12
    1.77001E-12    1.88000E-12    1.98998E-12    2.11002E-12
    2.27399E-12    2.51599E-12    2.84402E-12    3.23102E-12
    3.66102E-12    4.15301E-12    4.71697E-12    5.36000E-12
    6.09417E-12    6.93018E-12    7.88228E-12    8.96604E-12
    1.02000E-11    1.16202E-11    1.32397E-11    1.50998E-11
    1.72001E-11    1.96502E-11    2.23702E-11    2.55999E-11
    2.92702E-11    3.37101E-11    3.84199E-11    4.42902E-11
    5.13899E-11    5.79802E-11    6.69712E-11    7.62583E-11
    8.64706E-11    1.02202E-10    1.13597E-10    1.30000E-10
    1.48102E-10    1.67199E-10    1.87099E-10    2.12600E-10
    2.35699E-10    2.58299E-10    2.99702E-10    3.28903E-10
    3.70203E-10    4.01197E-10    4.31899E-10    4.52701E-10
    5.00101E-10    5.44801E-10    5.61099E-10    5.76000E-10
    5.96501E-10    6.07884E-10    6.20675E-10    6.27590E-10
    6.22189E-10    6.13720E-10    6.00000E-10    5.81400E-10
    5.39298E-10    5.34997E-10    4.94699E-10    4.62899E-10
    4.11702E-10    3.71201E-10    3.37200E-10    2.92299E-10
    2.55000E-10    2.23200E-10    1.92899E-10    1.67900E-10
    1.46002E-10    1.28899E-10    1.12998E-10    9.95319E-11
    8.76316E-11    7.75979E-11    6.90012E-11    6.15995E-11
    5.52497E-11    4.95802E-11    4.48899E-11    4.07199E-11
    3.72800E-11    3.43799E-11    3.20500E-11    3.00598E-11
    2.84803E-11    2.76599E-11    2.68799E-11    2.66400E-11
    2.66999E-11    2.69600E-11    2.78600E-11    2.86102E-11
    3.00902E-11    3.17799E-11    3.38897E-11    3.58702E-11
    3.81897E-11    4.05401E-11    4.41699E-11    4.70299E-11
    5.13700E-11    5.45998E-11    6.05517E-11    6.33314E-11
    6.77325E-11    7.21916E-11    7.71674E-11    8.13123E-11
    8.49084E-11    8.57413E-11    9.00973E-11    9.01715E-11
    8.99886E-11    8.95888E-11    8.83790E-11    8.57901E-11
    8.16192E-11    8.09801E-11    7.47210E-11    7.10814E-11
    6.55916E-11    5.99375E-11    5.17199E-11    4.42402E-11
    3.95102E-11    3.33999E-11    2.90198E-11    2.54102E-11
    2.21501E-11    1.94499E-11    1.71601E-11    1.50300E-11
    1.33898E-11    1.18498E-11    1.05000E-11    9.33615E-12
    8.30722E-12    7.31211E-12    6.55011E-12    5.83624E-12
    5.17801E-12    4.60000E-12    4.08601E-12    3.63902E-12
    3.24703E-12    2.90398E-12    2.60398E-12    2.34101E-12
    2.11198E-12    1.91399E-12    1.74402E-12    1.59799E-12
    1.47598E-12    1.37398E-12    1.29302E-12    1.23001E-12
    1.18501E-12    1.15799E-12    1.14699E-12    1.15398E-12
    1.17697E-12    1.21901E-12    1.28000E-12    1.36002E-12
    1.46299E-12    1.59101E-12    1.75000E-12    1.94000E-12
    2.15598E-12    2.42999E-12    2.74801E-12    3.05202E-12
    3.53298E-12    3.96698E-12    4.47103E-12    5.04098E-12
    5.85998E-12    6.66391E-12    7.52203E-12    8.34177E-12
    9.41199E-12    1.07202E-11    1.21302E-11    1.34300E-11
    1.49599E-11    1.66402E-11    1.82198E-11    2.02899E-11
    2.23302E-11    2.45698E-11    2.70903E-11    2.92799E-11
    3.11497E-11    3.35598E-11    3.59198E-11    3.81800E-11
    3.93599E-11    4.06098E-11    4.14902E-11    4.29902E-11
    4.22301E-11    4.25101E-11    4.28701E-11    4.17702E-11
    4.09397E-11    3.94200E-11    3.77202E-11    3.61398E-11
    3.39399E-11    3.22198E-11    2.79102E-11    2.66501E-11
    2.30903E-11    2.03198E-11    1.74001E-11    1.53502E-11
    1.32298E-11    1.15100E-11    9.80280E-12    8.64997E-12
    7.53983E-12    6.61915E-12    5.83226E-12    5.11300E-12
    4.50301E-12    3.97499E-12    3.52001E-12    3.11201E-12
    2.79700E-12    2.50000E-12    2.23999E-12    2.01300E-12
    1.81898E-12    1.65302E-12    1.51298E-12    1.39498E-12
    1.29899E-12    1.22501E-12    1.16802E-12    1.12397E-12
    1.14798E-12    1.10703E-12    1.12798E-12    1.16901E-12
    1.23300E-12    1.30701E-12    1.35902E-12    1.54302E-12
    1.68600E-12    1.79401E-12    2.02802E-12    2.21001E-12
    2.44101E-12    2.65299E-12    2.82801E-12    3.09297E-12
    3.27999E-12    3.55098E-12    3.67700E-12    3.80300E-12
    3.84399E-12    4.06798E-12    4.09300E-12    4.00200E-12
    3.90400E-12    3.62401E-12    3.63298E-12    3.62199E-12
    3.44302E-12    3.18401E-12    2.93401E-12    2.47601E-12
    2.21199E-12    1.86698E-12    1.59399E-12    1.36999E-12
    1.19201E-12    1.04501E-12    9.21086E-13    8.17006E-13
    7.28989E-13    6.54977E-13    5.92917E-13    5.41489E-13
    4.99501E-13    4.66100E-13    4.40598E-13    4.22499E-13
    4.11599E-13    4.07499E-13    4.10202E-13    4.19798E-13
    4.36497E-13    4.60601E-13    4.92500E-13    5.32592E-13
    5.81799E-13    6.40724E-13    7.10382E-13    7.91998E-13
    8.86791E-13    9.96390E-13    1.12299E-12    1.26801E-12
    1.43399E-12    1.62599E-12    1.84799E-12    2.10699E-12
    2.42199E-12    2.77201E-12    3.14502E-12    3.70400E-12
    4.27000E-12    4.72101E-12    5.36117E-12    6.08295E-12
    7.09519E-12    7.96777E-12    9.22802E-12    1.04798E-11
    1.18698E-11    1.33599E-11    1.57699E-11    1.77200E-11
    2.01702E-11    2.24997E-11    2.62999E-11    2.91099E-11
    3.35600E-11    3.81998E-11    4.17302E-11    4.81102E-11
    5.25381E-11    5.83917E-11    6.18712E-11    6.80487E-11
    7.11803E-11    7.36911E-11    7.66397E-11    7.79413E-11
    7.94692E-11    8.03588E-11    7.95404E-11    7.84907E-11
    7.51816E-11    7.46193E-11    6.92591E-11    6.53098E-11
    6.19688E-11    5.42124E-11    4.77701E-11    4.11101E-11
    3.67899E-11    3.16600E-11    2.78599E-11    2.43598E-11
    2.14398E-11    1.85900E-11    1.62801E-11    1.41402E-11
    1.23699E-11    1.09300E-11    9.55800E-12
*END
