*BEGIN_DATA

     Start of table                = -2.00000E+01     cm-1
     End of table                  =  2.00000E+04     cm-1
     Increment in table            =  1.00000E+01     cm-1
     Number of points in table     =  2003

     Continuum coefficients (cm^3.molec-1 * 1.0E-20)
    2.31940e-01    2.28820e-01    2.29500e-01    2.28820e-01
    2.31940e-01    2.24260e-01    2.19310e-01    2.06370e-01
    2.02050e-01    1.89000e-01    1.81090e-01    1.68090e-01
    1.51780e-01    1.41620e-01    1.26100e-01    1.15160e-01
    1.03630e-01    8.72570e-02    8.12670e-02    6.81860e-02
    6.29710e-02    5.49370e-02    4.69200e-02    4.31620e-02
    3.69900e-02    3.34930e-02    2.85150e-02    2.51830e-02
    2.20710e-02    1.92070e-02    1.68330e-02    1.48730e-02
    1.27330e-02    1.12730e-02    9.75350e-03    8.62310e-03
    7.44550e-03    6.61500e-03    5.72390e-03    4.98170e-03
    4.36700e-03    3.81000e-03    3.35520e-03    2.93110e-03
    2.59940e-03    2.26480e-03    1.99080e-03    1.75190e-03
    1.54640e-03    1.35980e-03    1.20200e-03    1.06120e-03
    9.36920e-04    8.29770e-04    7.36640e-04    6.52250e-04
    5.78510e-04    5.14180e-04    4.57440e-04    4.08020e-04
    3.63740e-04    3.25360e-04    2.91640e-04    2.61940e-04
    2.35530e-04    2.12310e-04    1.91940e-04    1.73830e-04
    1.57850e-04    1.43710e-04    1.31100e-04    1.20000e-04
    1.10120e-04    1.01260e-04    9.33730e-05    8.62980e-05
    7.99310e-05    7.42590e-05    6.91230e-05    6.44710e-05
    6.02520e-05    5.64160e-05    5.29220e-05    4.97100e-05
    4.69000e-05    4.44380e-05    4.21570e-05    4.01200e-05
    3.81370e-05    3.62140e-05    3.44210e-05    3.26750e-05
    3.09980e-05    2.95730e-05    2.77960e-05    2.61660e-05
    2.44480e-05    2.30500e-05    2.18730e-05    2.08010e-05
    1.98000e-05    1.88490e-05    1.79580e-05    1.71170e-05
    1.63370e-05    1.55960e-05    1.49050e-05    1.42650e-05
    1.36740e-05    1.31240e-05    1.26340e-05    1.21830e-05
    1.17830e-05    1.14330e-05    1.11230e-05    1.08820e-05
    1.07020e-05    1.05720e-05    1.05020e-05    1.05120e-05
    1.05920e-05    1.07620e-05    1.10020e-05    1.13320e-05
    1.18020e-05    1.23720e-05    1.30820e-05    1.39320e-05
    1.48320e-05    1.61420e-05    1.75820e-05    1.93020e-05
    2.12320e-05    2.34620e-05    2.64720e-05    2.93020e-05
    3.27930e-05    3.74530e-05    4.15230e-05    4.81330e-05
    5.47740e-05    6.20340e-05    7.33140e-05    8.05650e-05
    9.88260e-05    1.05010e-04    1.21010e-04    1.34110e-04
    1.57210e-04    1.69810e-04    1.96810e-04    2.17510e-04
    2.43110e-04    2.73510e-04    2.86710e-04    3.19010e-04
    3.37110e-04    3.55410e-04    3.72610e-04    3.83710e-04
    3.87810e-04    3.86410e-04    3.85810e-04    3.84110e-04
    3.85210e-04    3.81510e-04    3.76210e-04    3.61810e-04
    3.57910e-04    3.45010e-04    3.20210e-04    3.01810e-04
    2.78510e-04    2.60200e-04    2.41600e-04    2.09700e-04
    1.93900e-04    1.68900e-04    1.49800e-04    1.30800e-04
    1.17000e-04    1.01100e-04    9.23710e-05    7.90910e-05
    7.00610e-05    6.11210e-05    5.40110e-05    4.91410e-05
    4.26600e-05    3.96300e-05    3.31600e-05    3.03700e-05
    2.59800e-05    2.29400e-05    2.06600e-05    1.81300e-05
    1.58300e-05    1.42300e-05    1.24700e-05    1.11600e-05
    9.76010e-06    8.59610e-06    7.72010e-06    7.09100e-06
    6.49900e-06    5.80100e-06    5.15000e-06    4.50000e-06
    4.00000e-06    3.50900e-06    3.10000e-06    2.71400e-06
    2.40600e-06    2.10800e-06    1.87500e-06    1.66900e-06
    1.55500e-06    1.44400e-06    1.34500e-06    1.25700e-06
    1.17500e-06    1.10200e-06    1.03500e-06    9.74500e-07
    9.19400e-07    8.68500e-07    8.22200e-07    7.79800e-07
    7.41200e-07    7.05200e-07    6.72400e-07    6.42000e-07
    6.14300e-07    5.88600e-07    5.64900e-07    5.43000e-07
    5.22800e-07    5.04100e-07    4.86800e-07    4.70800e-07
    4.55900e-07    4.42100e-07    4.29300e-07    4.17400e-07
    4.06400e-07    3.96100e-07    3.86500e-07    3.77500e-07
    3.69200e-07    3.61400e-07    3.54200e-07    3.47400e-07
    3.41100e-07    3.35300e-07    3.29800e-07    3.24800e-07
    3.20100e-07    3.15800e-07    3.11900e-07    3.08400e-07
    3.05300e-07    3.02500e-07    3.00300e-07    2.98800e-07
    2.97600e-07    2.97700e-07    2.98900e-07    3.01500e-07
    3.05700e-07    3.11200e-07    3.16100e-07    3.18600e-07
    3.17600e-07    3.14200e-07    3.09900e-07    3.06500e-07
    3.01100e-07    2.95500e-07    2.91400e-07    2.88400e-07
    2.86400e-07    2.85800e-07    2.85100e-07    2.85700e-07
    2.87000e-07    2.88800e-07    2.91400e-07    2.94800e-07
    2.99000e-07    3.04200e-07    3.10500e-07    3.18500e-07
    3.27600e-07    3.38500e-07    3.51100e-07    3.64600e-07
    3.85800e-07    4.08100e-07    4.33500e-07    4.64300e-07
    5.01100e-07    5.49400e-07    5.95300e-07    6.35400e-07
    7.11600e-07    7.49800e-07    8.61300e-07    9.35000e-07
    1.00200e-06    1.09000e-06    1.17400e-06    1.23000e-06
    1.28800e-06    1.33400e-06    1.38300e-06    1.38000e-06
    1.39000e-06    1.37300e-06    1.35400e-06    1.33500e-06
    1.34300e-06    1.32300e-06    1.34900e-06    1.35300e-06
    1.36200e-06    1.34400e-06    1.32900e-06    1.33600e-06
    1.32700e-06    1.32500e-06    1.35900e-06    1.37400e-06
    1.41500e-06    1.46200e-06    1.52600e-06    1.61900e-06
    1.73500e-06    1.86300e-06    2.03400e-06    2.26500e-06
    2.48200e-06    2.75600e-06    3.10300e-06    3.46600e-06
    3.83200e-06    4.37800e-06    4.91300e-06    5.65100e-06
    6.31100e-06    7.16900e-06    8.05700e-06    9.25300e-06
    1.04700e-05    1.21200e-05    1.36000e-05    1.56900e-05
    1.77600e-05    2.02000e-05    2.28100e-05    2.68300e-05
    2.99400e-05    3.48800e-05    3.89600e-05    4.49900e-05
    5.17500e-05    6.03500e-05    6.34000e-05    7.28100e-05
    7.92300e-05    8.34800e-05    9.63100e-05    1.04400e-04
    1.10200e-04    1.17600e-04    1.24400e-04    1.28300e-04
    1.32600e-04    1.40000e-04    1.39500e-04    1.38700e-04
    1.36300e-04    1.31400e-04    1.24100e-04    1.22800e-04
    1.14800e-04    1.08600e-04    1.01800e-04    8.89000e-05
    8.31600e-05    7.29200e-05    6.45200e-05    5.62500e-05
    5.04500e-05    4.38000e-05    3.76200e-05    3.29000e-05
    2.83600e-05    2.48500e-05    2.16800e-05    1.89500e-05
    1.65900e-05    1.45300e-05    1.28200e-05    1.13200e-05
    1.00100e-05    8.83600e-06    7.80400e-06    6.92200e-06
    6.11600e-06    5.42900e-06    4.82400e-06    4.27800e-06
    3.78800e-06    3.37100e-06    2.98500e-06    2.64900e-06
    2.35700e-06    2.09000e-06    1.85800e-06    1.64700e-06
    1.46200e-06    1.29900e-06    1.15500e-06    1.02800e-06
    9.14200e-07    8.13200e-07    7.24600e-07    6.41800e-07
    5.72600e-07    5.22100e-07    4.89000e-07    4.66600e-07
    4.44300e-07    4.20300e-07    3.97800e-07    3.77000e-07
    3.57500e-07    3.39500e-07    3.22700e-07    3.07000e-07
    2.92400e-07    2.78800e-07    2.66100e-07    2.54300e-07
    2.43300e-07    2.32900e-07    2.23300e-07    2.14300e-07
    2.05800e-07    1.98000e-07    1.90600e-07    1.83700e-07
    1.77300e-07    1.71300e-07    1.65700e-07    1.60500e-07
    1.55700e-07    1.51400e-07    1.47200e-07    1.43500e-07
    1.40400e-07    1.37700e-07    1.35400e-07    1.33200e-07
    1.30800e-07    1.28200e-07    1.25600e-07    1.22700e-07
    1.19200e-07    1.15900e-07    1.13400e-07    1.11400e-07
    1.09800e-07    1.08100e-07    1.06600e-07    1.05500e-07
    1.04500e-07    1.03600e-07    1.03000e-07    1.02600e-07
    1.02500e-07    1.02500e-07    1.02800e-07    1.03300e-07
    1.04100e-07    1.04900e-07    1.06000e-07    1.07500e-07
    1.09300e-07    1.11400e-07    1.13900e-07    1.16600e-07
    1.19900e-07    1.23900e-07    1.28200e-07    1.31600e-07
    1.35500e-07    1.43600e-07    1.58800e-07    1.80700e-07
    2.06000e-07    2.33700e-07    2.64500e-07    2.99600e-07
    3.39300e-07    3.84300e-07    4.36300e-07    4.93500e-07
    5.60700e-07    6.36300e-07    7.24200e-07    8.23000e-07
    9.41100e-07    1.07100e-06    1.23200e-06    1.40200e-06
    1.60000e-06    1.82000e-06    2.12800e-06    2.38600e-06
    2.78100e-06    3.24200e-06    3.65300e-06    4.32300e-06
    4.74700e-06    5.32100e-06    5.91900e-06    6.68100e-06
    7.10100e-06    7.98300e-06    8.34200e-06    8.74100e-06
    9.43100e-06    9.95200e-06    1.02600e-05    1.05500e-05
    1.09500e-05    1.09500e-05    1.08700e-05    1.05600e-05
    1.02600e-05    9.71500e-06    9.25200e-06    8.45200e-06
    7.95800e-06    7.26800e-06    6.29500e-06    6.00300e-06
    5.00000e-06    4.59100e-06    3.98300e-06    3.47900e-06
    3.05800e-06    2.66700e-06    2.29300e-06    1.99500e-06
    1.74700e-06    1.51700e-06    1.33500e-06    1.16500e-06
    1.02800e-06    9.00700e-07    7.95600e-07    7.01500e-07
    6.19200e-07    5.49100e-07    4.85900e-07    4.29700e-07
    3.79900e-07    3.38000e-07    3.00200e-07    2.65900e-07
    2.36600e-07    2.10300e-07    1.86100e-07    1.65500e-07
    1.46900e-07    1.30900e-07    1.16200e-07    1.03200e-07
    9.19800e-08    8.18100e-08    7.29400e-08    6.51600e-08
    5.78700e-08    5.16300e-08    4.61200e-08    4.09600e-08
    3.65400e-08    3.29900e-08    3.05200e-08    2.85600e-08
    2.68300e-08    2.50700e-08    2.34600e-08    2.19400e-08
    2.05300e-08    1.92100e-08    1.79900e-08    1.68600e-08
    1.58000e-08    1.48100e-08    1.38900e-08    1.30400e-08
    1.22600e-08    1.15100e-08    1.08300e-08    1.02000e-08
    9.61800e-09    9.08000e-09    8.57500e-09    8.08000e-09
    7.62400e-09    7.17600e-09    6.76100e-09    6.37000e-09
    6.00400e-09    5.67200e-09    5.37100e-09    5.09700e-09
    4.84500e-09    4.60800e-09    4.39000e-09    4.19200e-09
    4.01100e-09    3.84600e-09    3.69800e-09    3.56800e-09
    3.45000e-09    3.35100e-09    3.26800e-09    3.19500e-09
    3.13100e-09    3.09100e-09    3.06000e-09    3.03900e-09
    3.03400e-09    3.04500e-09    3.07200e-09    3.11600e-09
    3.17600e-09    3.25300e-09    3.34700e-09    3.46700e-09
    3.60500e-09    3.76300e-09    3.94600e-09    4.16200e-09
    4.39900e-09    4.67700e-09    4.98300e-09    5.33600e-09
    5.72800e-09    6.16800e-09    6.68400e-09    7.21400e-09
    7.86100e-09    8.62000e-09    9.48100e-09    1.03200e-08
    1.13500e-08    1.26400e-08    1.39600e-08    1.56700e-08
    1.74000e-08    1.97700e-08    2.20000e-08    2.56300e-08
    2.93500e-08    3.38600e-08    3.99300e-08    4.82800e-08
    5.71400e-08    6.87700e-08    8.13500e-08    9.77900e-08
    1.13200e-07    1.34400e-07    1.54400e-07    1.82000e-07
    2.20700e-07    2.50900e-07    2.85400e-07    3.02600e-07
    3.27800e-07    3.47400e-07    3.69300e-07    3.93000e-07
    4.10400e-07    4.22000e-07    4.43900e-07    4.54500e-07
    4.77800e-07    4.81200e-07    5.01800e-07    4.89900e-07
    5.07500e-07    5.07300e-07    5.17100e-07    5.13100e-07
    5.25000e-07    5.61700e-07    5.84600e-07    6.23900e-07
    6.69600e-07    7.39800e-07    8.07300e-07    9.15000e-07
    1.00900e-06    1.11600e-06    1.26400e-06    1.43900e-06
    1.64400e-06    1.85600e-06    2.14700e-06    2.31700e-06
    2.71300e-06    2.88200e-06    2.99000e-06    3.48900e-06
    3.58100e-06    4.03300e-06    4.26000e-06    4.54300e-06
    4.84000e-06    4.82600e-06    5.01300e-06    5.25200e-06
    5.27700e-06    5.30600e-06    5.23400e-06    5.11100e-06
    5.13400e-06    4.74800e-06    4.43400e-06    4.10900e-06
    3.60500e-06    3.25200e-06    2.73100e-06    2.36900e-06
    1.92200e-06    1.55800e-06    1.32100e-06    1.05800e-06
    8.51500e-07    6.81100e-07    5.43100e-07    4.34800e-07
    3.51000e-07    2.85300e-07    2.34400e-07    1.94900e-07
    1.64900e-07    1.40900e-07    1.23200e-07    1.09800e-07
    9.86600e-08    8.89900e-08    8.13500e-08    7.40900e-08
    6.80900e-08    6.23700e-08    5.72800e-08    5.26700e-08
    4.86500e-08    4.48200e-08    4.16900e-08    3.84100e-08
    3.57300e-08    3.30400e-08    3.06500e-08    2.85100e-08
    2.63400e-08    2.44800e-08    2.27500e-08    2.11400e-08
    1.96500e-08    1.83000e-08    1.70700e-08    1.59100e-08
    1.48400e-08    1.38600e-08    1.29400e-08    1.20900e-08
    1.13100e-08    1.05600e-08    9.90100e-09    9.26300e-09
    8.68000e-09    8.13700e-09    7.62700e-09    7.15800e-09
    6.71500e-09    6.30500e-09    5.92700e-09    5.56800e-09
    5.24200e-09    4.93500e-09    4.64800e-09    4.38300e-09
    4.13700e-09    3.90900e-09    3.69700e-09    3.50000e-09
    3.32100e-09    3.15600e-09    3.00600e-09    2.86800e-09
    2.74500e-09    2.63800e-09    2.54500e-09    2.46900e-09
    2.40500e-09    2.36900e-09    2.34400e-09    2.35000e-09
    2.37100e-09    2.49100e-09    2.53500e-09    2.73000e-09
    3.06700e-09    3.32200e-09    3.63000e-09    4.04500e-09
    4.52400e-09    4.98100e-09    5.61300e-09    6.05100e-09
    6.53800e-09    6.89200e-09    7.60100e-09    8.19400e-09
    8.80600e-09    9.45000e-09    9.74500e-09    1.00900e-08
    1.01700e-08    1.03900e-08    1.06100e-08    1.07600e-08
    1.08600e-08    1.11100e-08    1.14200e-08    1.16000e-08
    1.17400e-08    1.18000e-08    1.18700e-08    1.19400e-08
    1.19200e-08    1.22400e-08    1.24500e-08    1.24600e-08
    1.31800e-08    1.37700e-08    1.47100e-08    1.58200e-08
    1.71300e-08    1.85300e-08    2.06300e-08    2.27000e-08
    2.56700e-08    2.89100e-08    3.26400e-08    3.74400e-08
    4.28600e-08    4.91500e-08    5.62300e-08    6.33600e-08
    7.29300e-08    8.30900e-08    9.31900e-08    1.09100e-07
    1.24300e-07    1.34800e-07    1.44900e-07    1.62000e-07
    1.84600e-07    1.93700e-07    2.04000e-07    2.17900e-07
    2.29800e-07    2.43300e-07    2.43900e-07    2.46400e-07
    2.61100e-07    2.61700e-07    2.58200e-07    2.45300e-07
    2.40100e-07    2.34900e-07    2.20300e-07    2.06600e-07
    1.93900e-07    1.78000e-07    1.55800e-07    1.39100e-07
    1.20300e-07    1.04800e-07    9.46400e-08    8.30600e-08
    7.23900e-08    6.31700e-08    5.52000e-08    4.84700e-08
    4.28200e-08    3.79600e-08    3.37700e-08    2.99600e-08
    2.67800e-08    2.40000e-08    2.13400e-08    1.90400e-08
    1.70500e-08    1.52300e-08    1.35000e-08    1.20400e-08
    1.07000e-08    9.40800e-09    8.47600e-09    7.47000e-09
    6.67900e-09    5.92900e-09    5.26700e-09    4.71100e-09
    4.17200e-09    3.76100e-09    3.28800e-09    2.92900e-09
    2.60900e-09    2.31500e-09    2.04200e-09    1.84400e-09
    1.64000e-09    1.47000e-09    1.31000e-09    1.17600e-09
    1.04900e-09    9.37700e-10    8.46200e-10    7.61600e-10
    6.81800e-10    6.11900e-10    5.55800e-10    5.15200e-10
    4.83200e-10    4.54600e-10    4.26700e-10    4.00900e-10
    3.77000e-10    3.54600e-10    3.34000e-10    3.14900e-10
    2.97100e-10    2.80500e-10    2.65200e-10    2.50900e-10
    2.37700e-10    2.25500e-10    2.14200e-10    2.03800e-10
    1.94300e-10    1.85500e-10    1.77600e-10    1.70300e-10
    1.64000e-10    1.58600e-10    1.53600e-10    1.49400e-10
    1.46600e-10    1.44600e-10    1.44000e-10    1.43900e-10
    1.45500e-10    1.46100e-10    1.47900e-10    1.51400e-10
    1.53800e-10    1.59000e-10    1.65200e-10    1.75000e-10
    1.81100e-10    1.88000e-10    1.93300e-10    2.02700e-10
    2.07800e-10    2.17000e-10    2.24900e-10    2.32300e-10
    2.40800e-10    2.46100e-10    2.53600e-10    2.58100e-10
    2.61500e-10    2.72100e-10    2.78200e-10    2.86600e-10
    2.93800e-10    2.95800e-10    3.01100e-10    3.15500e-10
    3.23700e-10    3.58900e-10    3.83800e-10    4.08300e-10
    4.35400e-10    4.74500e-10    5.14800e-10    5.64800e-10
    6.19400e-10    6.74800e-10    7.56600e-10    8.42100e-10
    9.42700e-10    1.04200e-09    1.16500e-09    1.34100e-09
    1.51800e-09    1.68600e-09    2.03600e-09    2.36200e-09
    2.81100e-09    3.29600e-09    4.07000e-09    4.69500e-09
    6.15200e-09    7.57200e-09    9.55700e-09    1.13500e-08
    1.27900e-08    1.36400e-08    1.43600e-08    1.54000e-08
    1.67200e-08    1.79300e-08    1.90600e-08    2.03600e-08
    2.14400e-08    2.29200e-08    2.37100e-08    2.49300e-08
    2.60600e-08    2.70600e-08    2.86600e-08    3.03600e-08
    3.13600e-08    3.40500e-08    3.66500e-08    3.83700e-08
    4.22900e-08    4.74800e-08    5.32000e-08    5.76300e-08
    6.67700e-08    7.21600e-08    7.71600e-08    8.95800e-08
    9.41900e-08    1.03600e-07    1.10800e-07    1.18900e-07
    1.24600e-07    1.34800e-07    1.31000e-07    1.36100e-07
    1.36400e-07    1.36300e-07    1.34300e-07    1.29300e-07
    1.25400e-07    1.23500e-07    1.15800e-07    1.10700e-07
    9.96100e-08    9.01100e-08    7.91000e-08    6.91600e-08
    6.33800e-08    5.56400e-08    4.82700e-08    4.19800e-08
    3.69500e-08    3.27600e-08    2.92900e-08    2.63300e-08
    2.39100e-08    2.19200e-08    2.02100e-08    1.89000e-08
    1.77200e-08    1.66700e-08    1.60300e-08    1.54700e-08
    1.53700e-08    1.49200e-08    1.51500e-08    1.47900e-08
    1.45000e-08    1.51300e-08    1.49500e-08    1.52900e-08
    1.56500e-08    1.56400e-08    1.55300e-08    1.56900e-08
    1.58400e-08    1.57000e-08    1.53800e-08    1.53100e-08
    1.34600e-08    1.19900e-08    1.04400e-08    8.89200e-09
    7.07600e-09    5.88400e-09    5.03900e-09    4.12900e-09
    3.66300e-09    2.99300e-09    2.62200e-09    2.23200e-09
    1.88400e-09    1.56900e-09    1.34800e-09    1.14400e-09
    1.00900e-09    8.83300e-10    7.90700e-10    7.07900e-10
    6.51400e-10    5.82300e-10    5.31200e-10    4.88300e-10
    4.45800e-10    4.09400e-10    3.73400e-10    3.45800e-10
    3.20500e-10    2.96200e-10    2.73300e-10    2.53200e-10
    2.35100e-10    2.18700e-10    2.03400e-10    1.88900e-10
    1.76400e-10    1.64800e-10    1.54100e-10    1.44300e-10
    1.35500e-10    1.27400e-10    1.19800e-10    1.13300e-10
    1.07100e-10    1.01500e-10    9.64800e-11    9.19500e-11
    8.79100e-11    8.43500e-11    8.12500e-11    7.85900e-11
    7.62100e-11    7.48100e-11    7.35100e-11    7.22800e-11
    7.29500e-11    7.33900e-11    7.58800e-11    7.70100e-11
    7.88600e-11    8.51100e-11    9.06100e-11    9.92600e-11
    1.08300e-10    1.24100e-10    1.46900e-10    1.73600e-10
    1.96600e-10    2.13200e-10    2.28000e-10    2.47300e-10
    2.71800e-10    2.92200e-10    3.12800e-10    3.36100e-10
    3.64100e-10    3.91000e-10    4.19600e-10    4.50100e-10
    4.93200e-10    5.25800e-10    5.75500e-10    6.25300e-10
    6.66400e-10    7.34400e-10    7.98500e-10    8.87700e-10
    1.00500e-09    1.11800e-09    1.25100e-09    1.42800e-09
    1.61000e-09    1.88800e-09    2.07700e-09    2.33100e-09
    2.75100e-09    3.06100e-09    3.52200e-09    3.80500e-09
    4.18100e-09    4.57500e-09    5.16700e-09    5.63400e-09
    6.00700e-09    6.50100e-09    6.82900e-09    7.21100e-09
    7.26200e-09    7.69600e-09    7.83200e-09    7.79900e-09
    7.65100e-09    7.30400e-09    7.15000e-09    6.97700e-09
    6.60300e-09    6.20900e-09    5.69000e-09    5.43200e-09
    4.76400e-09    4.18900e-09    3.64000e-09    3.20300e-09
    2.84800e-09    2.51000e-09    2.19400e-09    1.94600e-09
    1.75000e-09    1.56700e-09    1.42600e-09    1.30200e-09
    1.19700e-09    1.10900e-09    1.03500e-09    9.71900e-10
    9.20700e-10    8.95700e-10    8.57800e-10    8.26200e-10
    8.11700e-10    7.98700e-10    7.87500e-10    7.74100e-10
    7.76200e-10    7.53700e-10    7.42400e-10    7.47400e-10
    7.29400e-10    7.21600e-10    7.23300e-10    7.14000e-10
    7.08500e-10    6.43400e-10    5.58500e-10    5.01500e-10
    3.95600e-10    3.33700e-10    2.54500e-10    2.14100e-10
    1.76100e-10    1.68500e-10    1.50700e-10    1.24100e-10
    1.08100e-10    9.67500e-11    7.96400e-11    6.93000e-11
    5.79000e-11    5.06900e-11    4.45200e-11    3.97000e-11
    3.55100e-11    3.22800e-11    2.93900e-11    2.68200e-11
    2.47100e-11    2.27800e-11    2.10600e-11    1.95000e-11
    1.81100e-11    1.68200e-11    1.56300e-11    1.45800e-11
    1.36300e-11    1.27800e-11    1.20000e-11    1.12900e-11
    1.06600e-11    1.00700e-11    9.54500e-12    9.07500e-12
    8.65600e-12    8.28500e-12    7.95800e-12    7.67400e-12
    7.43100e-12    7.22700e-12    7.06100e-12    6.93400e-12
    6.84300e-12    6.79000e-12    6.77500e-12    6.79800e-12
    6.85900e-12    6.96000e-12    7.10200e-12    7.28700e-12
    7.51700e-12    7.79500e-12    8.12300e-12    8.50400e-12
    8.94500e-12    9.45000e-12    1.00300e-11    1.07000e-11
    1.14800e-11    1.23200e-11    1.32700e-11    1.44100e-11
    1.53500e-11    1.65500e-11    1.81400e-11    2.02000e-11
    2.30700e-11    2.62200e-11    2.96200e-11    3.36900e-11
    3.81900e-11    4.32900e-11    4.93200e-11    5.58900e-11
    6.36400e-11    7.28400e-11    8.23600e-11    9.44700e-11
    1.07800e-10    1.22900e-10    1.41700e-10    1.61400e-10
    1.84300e-10    2.10700e-10    2.40600e-10    2.72800e-10
    3.19500e-10    3.59500e-10    4.15300e-10    4.73600e-10
    5.41000e-10    6.08800e-10    6.76900e-10    7.69100e-10
    8.54500e-10    9.62100e-10    1.04700e-09    1.16100e-09
    1.29600e-09    1.42400e-09    1.57600e-09    1.73900e-09
    1.89300e-09    2.08000e-09    2.33600e-09    2.60400e-09
    2.76000e-09    3.00100e-09    3.36500e-09    3.55000e-09
    3.89500e-09    4.18300e-09    4.61400e-09    4.84600e-09
    5.06800e-09    5.42700e-09    5.54100e-09    5.86400e-09
    5.99700e-09    5.99700e-09    6.06100e-09    5.94400e-09
    5.85500e-09    5.66100e-09    5.52300e-09    5.37400e-09
    4.94000e-09    4.68800e-09    4.17000e-09    3.91300e-09
    3.42300e-09    2.99700e-09    2.59800e-09    2.25300e-09
    1.94600e-09    1.71000e-09    1.50700e-09    1.33600e-09
    1.19000e-09    1.06800e-09    9.62300e-10    8.77200e-10
    8.00700e-10    7.42000e-10    6.88400e-10    6.48300e-10
    6.16200e-10    5.92200e-10    5.68800e-10    5.65400e-10
    5.63700e-10    5.70100e-10    5.78100e-10    5.87400e-10
    6.26800e-10    6.35700e-10    6.52500e-10    7.13700e-10
    7.44100e-10    8.02400e-10    8.48500e-10    9.14300e-10
    9.53600e-10    9.71700e-10    1.01800e-09    1.04200e-09
    1.05400e-09    1.09200e-09    1.09300e-09    1.07200e-09
    1.04600e-09    9.28300e-10    8.05300e-10    6.68000e-10
    5.63000e-10    4.93300e-10    3.48800e-10    3.32400e-10
    2.82600e-10    2.42900e-10    2.05100e-10    1.67900e-10
    1.41100e-10    1.24000e-10    1.09800e-10    9.66800e-11
    8.52900e-11    7.84800e-11    7.09800e-11    6.11700e-11
    5.24600e-11    4.52100e-11    4.05900e-11    3.78300e-11
    3.50200e-11    3.27100e-11    2.95600e-11    2.63600e-11
    2.46400e-11    2.19000e-11    1.98600e-11    1.79100e-11
    1.63800e-11    1.49100e-11    1.38300e-11    1.27100e-11
    1.16600e-11    1.08200e-11    1.00200e-11    9.31700e-12
    8.69700e-12    8.15700e-12    7.67800e-12    7.25200e-12
    6.87400e-12    6.53900e-12    6.24300e-12    5.98500e-12
    5.76300e-12    5.57500e-12    5.42100e-12    5.30000e-12
    5.21200e-12    5.15700e-12    5.13800e-12    5.15600e-12
    5.21400e-12    5.31300e-12    5.45700e-12    5.68600e-12
    5.95300e-12    6.28400e-12    6.85600e-12    7.35100e-12
    8.00600e-12    8.95700e-12    1.03100e-11    1.17000e-11
    1.34500e-11    1.62300e-11    1.99900e-11    2.50700e-11
    3.00400e-11    3.37800e-11    3.68800e-11    4.11800e-11
    4.56900e-11    5.02500e-11    5.66000e-11    6.23100e-11
    6.88100e-11    7.99600e-11    8.52600e-11    9.69400e-11
    1.10600e-10    1.22200e-10    1.35500e-10    1.52500e-10
    1.77500e-10    1.92400e-10    2.18100e-10    2.37900e-10
    2.66200e-10    2.90700e-10    3.15400e-10    3.36600e-10
    3.57900e-10    3.85800e-10    4.04600e-10    4.19600e-10
    4.16600e-10    4.45700e-10    4.46600e-10    4.40400e-10
    4.33700e-10    4.15000e-10    4.08300e-10    3.91000e-10
    3.72300e-10    3.51400e-10    3.30300e-10    2.84700e-10
    2.54600e-10    2.23000e-10    1.99400e-10    1.73300e-10
    1.48800e-10    1.29700e-10    1.14400e-10    1.00400e-10
    8.74100e-11    7.92800e-11    7.03400e-11    6.32300e-11
    5.75400e-11    5.25000e-11    4.85000e-11    4.50200e-11
    4.28600e-11    4.02800e-11    3.89900e-11    3.82400e-11
    3.76100e-11    3.80400e-11    3.83900e-11    3.84500e-11
    4.24400e-11    4.38200e-11    4.58200e-11    4.84700e-11
    5.20900e-11    5.38400e-11    5.88700e-11    6.37100e-11
    6.73700e-11    7.16800e-11    7.41500e-11    7.82700e-11
    8.03700e-11    8.12000e-11    8.15400e-11    7.98100e-11
    7.78300e-11    6.90000e-11    6.03000e-11    4.90000e-11
    3.87800e-11    3.06800e-11    2.53300e-11    2.25500e-11
    2.05600e-11    1.56900e-11    1.39800e-11    1.14900e-11
    9.24900e-12    7.70600e-12    6.43600e-12    5.51400e-12
    4.78200e-12    4.20200e-12    3.72100e-12    3.33600e-12
    3.01500e-12    2.74400e-12    2.51200e-12    2.31200e-12
    2.13800e-12    1.98700e-12    1.85500e-12    1.74100e-12
    1.64200e-12    1.55700e-12    1.48300e-12    1.42200e-12
    1.37000e-12    1.32900e-12    1.29700e-12    1.27400e-12
    1.25900e-12    1.25300e-12    1.25500e-12    1.26600e-12
    1.28400e-12    1.31200e-12    1.34800e-12    1.39300e-12
    1.44800e-12    1.51200e-12    1.58700e-12    1.67200e-12
    1.77000e-12    1.88000e-12    1.99000e-12    2.11000e-12
    2.27400e-12    2.51600e-12    2.84400e-12    3.23100e-12
    3.66100e-12    4.15300e-12    4.71700e-12    5.36000e-12
    6.09400e-12    6.93000e-12    7.88200e-12    8.96600e-12
    1.02000e-11    1.16200e-11    1.32400e-11    1.51000e-11
    1.72000e-11    1.96500e-11    2.23700e-11    2.56000e-11
    2.92700e-11    3.37100e-11    3.84200e-11    4.42900e-11
    5.13900e-11    5.79800e-11    6.69700e-11    7.62600e-11
    8.64700e-11    1.02200e-10    1.13600e-10    1.30000e-10
    1.48100e-10    1.67200e-10    1.87100e-10    2.12600e-10
    2.35700e-10    2.58300e-10    2.99700e-10    3.28900e-10
    3.70200e-10    4.01200e-10    4.31900e-10    4.52700e-10
    5.00100e-10    5.44800e-10    5.61100e-10    5.76000e-10
    5.96500e-10    6.07900e-10    6.20700e-10    6.27600e-10
    6.22200e-10    6.13700e-10    6.00000e-10    5.81400e-10
    5.39300e-10    5.35000e-10    4.94700e-10    4.62900e-10
    4.11700e-10    3.71200e-10    3.37200e-10    2.92300e-10
    2.55000e-10    2.23200e-10    1.92900e-10    1.67900e-10
    1.46000e-10    1.28900e-10    1.13000e-10    9.95300e-11
    8.76300e-11    7.76000e-11    6.90000e-11    6.16000e-11
    5.52500e-11    4.95800e-11    4.48900e-11    4.07200e-11
    3.72800e-11    3.43800e-11    3.20500e-11    3.00600e-11
    2.84800e-11    2.76600e-11    2.68800e-11    2.66400e-11
    2.67000e-11    2.69600e-11    2.78600e-11    2.86100e-11
    3.00900e-11    3.17800e-11    3.38900e-11    3.58700e-11
    3.81900e-11    4.05400e-11    4.41700e-11    4.70300e-11
    5.13700e-11    5.46000e-11    6.05500e-11    6.33300e-11
    6.77300e-11    7.21900e-11    7.71700e-11    8.13100e-11
    8.49100e-11    8.57400e-11    9.01000e-11    9.01700e-11
    8.99900e-11    8.95900e-11    8.83800e-11    8.57900e-11
    8.16200e-11    8.09800e-11    7.47200e-11    7.10800e-11
    6.55900e-11    5.99400e-11    5.17200e-11    4.42400e-11
    3.95100e-11    3.34000e-11    2.90200e-11    2.54100e-11
    2.21500e-11    1.94500e-11    1.71600e-11    1.50300e-11
    1.33900e-11    1.18500e-11    1.05000e-11    9.33600e-12
    8.30700e-12    7.31200e-12    6.55000e-12    5.83600e-12
    5.17800e-12    4.60000e-12    4.08600e-12    3.63900e-12
    3.24700e-12    2.90400e-12    2.60400e-12    2.34100e-12
    2.11200e-12    1.91400e-12    1.74400e-12    1.59800e-12
    1.47600e-12    1.37400e-12    1.29300e-12    1.23000e-12
    1.18500e-12    1.15800e-12    1.14700e-12    1.15400e-12
    1.17700e-12    1.21900e-12    1.28000e-12    1.36000e-12
    1.46300e-12    1.59100e-12    1.75000e-12    1.94000e-12
    2.15600e-12    2.43000e-12    2.74800e-12    3.05200e-12
    3.53300e-12    3.96700e-12    4.47100e-12    5.04100e-12
    5.86000e-12    6.66400e-12    7.52200e-12    8.34200e-12
    9.41200e-12    1.07200e-11    1.21300e-11    1.34300e-11
    1.49600e-11    1.66400e-11    1.82200e-11    2.02900e-11
    2.23300e-11    2.45700e-11    2.70900e-11    2.92800e-11
    3.11500e-11    3.35600e-11    3.59200e-11    3.81800e-11
    3.93600e-11    4.06100e-11    4.14900e-11    4.29900e-11
    4.22300e-11    4.25100e-11    4.28700e-11    4.17700e-11
    4.09400e-11    3.94200e-11    3.77200e-11    3.61400e-11
    3.39400e-11    3.22200e-11    2.79100e-11    2.66500e-11
    2.30900e-11    2.03200e-11    1.74000e-11    1.53500e-11
    1.32300e-11    1.15100e-11    9.80300e-12    8.65000e-12
    7.54000e-12    6.61900e-12    5.83200e-12    5.11300e-12
    4.50300e-12    3.97500e-12    3.52000e-12    3.11200e-12
    2.79700e-12    2.50000e-12    2.24000e-12    2.01300e-12
    1.81900e-12    1.65300e-12    1.51300e-12    1.39500e-12
    1.29900e-12    1.22500e-12    1.16800e-12    1.12400e-12
    1.14800e-12    1.10700e-12    1.12800e-12    1.16900e-12
    1.23300e-12    1.30700e-12    1.35900e-12    1.54300e-12
    1.68600e-12    1.79400e-12    2.02800e-12    2.21000e-12
    2.44100e-12    2.65300e-12    2.82800e-12    3.09300e-12
    3.28000e-12    3.55100e-12    3.67700e-12    3.80300e-12
    3.84400e-12    4.06800e-12    4.09300e-12    4.00200e-12
    3.90400e-12    3.62400e-12    3.63300e-12    3.62200e-12
    3.44300e-12    3.18400e-12    2.93400e-12    2.47600e-12
    2.21200e-12    1.86700e-12    1.59400e-12    1.37000e-12
    1.19200e-12    1.04500e-12    9.21100e-13    8.17000e-13
    7.29000e-13    6.55000e-13    5.92900e-13    5.41500e-13
    4.99500e-13    4.66100e-13    4.40600e-13    4.22500e-13
    4.11600e-13    4.07500e-13    4.10200e-13    4.19800e-13
    4.36500e-13    4.60600e-13    4.92500e-13    5.32600e-13
    5.81800e-13    6.40700e-13    7.10400e-13    7.92000e-13
    8.86800e-13    9.96400e-13    1.12300e-12    1.26800e-12
    1.43400e-12    1.62600e-12    1.84800e-12    2.10700e-12
    2.42200e-12    2.77200e-12    3.14500e-12    3.70400e-12
    4.27000e-12    4.72100e-12    5.36100e-12    6.08300e-12
    7.09500e-12    7.96800e-12    9.22800e-12    1.04800e-11
    1.18700e-11    1.33600e-11    1.57700e-11    1.77200e-11
    2.01700e-11    2.25000e-11    2.63000e-11    2.91100e-11
    3.35600e-11    3.82000e-11    4.17300e-11    4.81100e-11
    5.25400e-11    5.83900e-11    6.18700e-11    6.80500e-11
    7.11800e-11    7.36900e-11    7.66400e-11    7.79400e-11
    7.94700e-11    8.03600e-11    7.95400e-11    7.84900e-11
    7.51800e-11    7.46200e-11    6.92600e-11    6.53100e-11
    6.19700e-11    5.42100e-11    4.77700e-11    4.11100e-11
    3.67900e-11    3.16600e-11    2.78600e-11    2.43600e-11
    2.14400e-11    1.85900e-11    1.62800e-11    1.41400e-11
    1.23700e-11    1.09300e-11    9.55800e-12
*END
