*BEGIN_DATA

     Start of table                = -2.00000E+01     cm-1
     End of table                  =  2.00000E+04     cm-1
     Increment in table            =  1.00000E+01     cm-1
     Number of points in table     =  2003

     Continuum coefficients (cm^3.molec-1 * 1.0E-20)
    1.00380e-02    9.37960e-03    9.30750e-03    9.37960e-03
    9.41110e-03    9.96790e-03    1.16970e-02    1.37650e-02
    1.54490e-02    1.50790e-02    1.38640e-02    1.21510e-02
    1.06260e-02    9.15140e-03    8.00800e-03    6.97030e-03
    6.05470e-03    5.24310e-03    4.55940e-03    3.76280e-03
    3.05490e-03    2.56260e-03    2.19720e-03    1.80930e-03
    1.48340e-03    1.16380e-03    8.76550e-04    7.09510e-04
    5.89720e-04    5.16670e-04    4.19080e-04    3.40360e-04
    2.67520e-04    2.06490e-04    1.84340e-04    1.46280e-04
    1.08960e-04    8.49490e-05    6.41540e-05    4.79790e-05
    3.79600e-05    2.93910e-05    2.21900e-05    1.97290e-05
    1.67550e-05    1.50280e-05    1.34100e-05    1.11410e-05
    9.66400e-06    8.72610e-06    7.47460e-06    6.30170e-06
    5.31110e-06    4.82570e-06    4.20860e-06    3.60640e-06
    3.05860e-06    2.66740e-06    2.30260e-06    1.97170e-06
    1.63280e-06    1.36830e-06    1.17250e-06    1.00440e-06
    8.61780e-07    7.34260e-07    6.36540e-07    5.50020e-07
    4.74910e-07    4.09790e-07    3.55840e-07    3.08910e-07
    2.67760e-07    2.33920e-07    2.03780e-07    1.75480e-07
    1.49720e-07    1.29370e-07    1.12880e-07    9.87770e-08
    8.60340e-08    7.49420e-08    6.56780e-08    5.74690e-08
    5.02500e-08    4.34460e-08    3.75840e-08    3.27190e-08
    2.86160e-08    2.50790e-08    2.19830e-08    1.91770e-08
    1.68010e-08    1.47110e-08    1.28860e-08    1.13470e-08
    9.96180e-09    8.76690e-09    7.69920e-09    6.79770e-09
    6.00670e-09    5.33620e-09    4.74970e-09    4.23190e-09
    3.80700e-09    3.47570e-09    3.23700e-09    3.00150e-09
    2.82130e-09    2.75660e-09    2.81620e-09    2.92000e-09
    3.04380e-09    3.42010e-09    3.74520e-09    4.19660e-09
    4.81610e-09    5.98740e-09    7.09850e-09    8.08210e-09
    9.62240e-09    1.21150e-08    1.50170e-08    1.76590e-08
    2.22320e-08    2.90070e-08    3.95150e-08    5.07220e-08
    6.23180e-08    7.90370e-08    1.03370e-07    1.43790e-07
    1.89010e-07    2.59050e-07    3.59190e-07    4.97350e-07
    7.15940e-07    9.98750e-07    1.38160e-06    1.92980e-06
    2.59200e-06    3.45420e-06    4.57150e-06    5.93190e-06
    7.55430e-06    9.55870e-06    1.18330e-05    1.42540e-05
    1.68140e-05    1.97840e-05    2.33550e-05    2.66850e-05
    3.02260e-05    3.37160e-05    3.71560e-05    3.96770e-05
    4.06060e-05    4.01060e-05    3.80950e-05    3.49150e-05
    3.15540e-05    2.84830e-05    2.67830e-05    2.66030e-05
    2.81130e-05    3.07130e-05    3.29430e-05    3.45930e-05
    3.56930e-05    3.56030e-05    3.43430e-05    3.18620e-05
    2.91620e-05    2.62220e-05    2.27510e-05    1.91810e-05
    1.62010e-05    1.37310e-05    1.18210e-05    1.00610e-05
    8.55640e-06    7.26030e-06    6.11030e-06    5.04020e-06
    4.23020e-06    3.45610e-06    2.90310e-06    2.48610e-06
    2.03910e-06    1.67210e-06    1.28500e-06    1.05400e-06
    8.30220e-07    6.66720e-07    5.50310e-07    4.56210e-07
    3.94810e-07    3.19810e-07    2.58610e-07    2.22500e-07
    1.80700e-07    1.53000e-07    1.29400e-07    1.12600e-07
    9.60420e-08    7.85010e-08    6.81310e-08    5.58310e-08
    4.69010e-08    3.99610e-08    3.37300e-08    2.93000e-08
    2.41700e-08    2.06100e-08    1.74300e-08    1.47500e-08
    1.27300e-08    1.08400e-08    9.36810e-09    7.98510e-09
    6.78510e-09    5.80410e-09    4.97500e-09    4.31100e-09
    3.73800e-09    3.27500e-09    2.84700e-09    2.46900e-09
    2.14900e-09    1.88400e-09    1.63100e-09    1.39300e-09
    1.20100e-09    1.02700e-09    8.80710e-10    7.52100e-10
    6.43600e-10    5.50900e-10    4.72900e-10    4.05500e-10
    3.49000e-10    3.00600e-10    2.59900e-10    2.24600e-10
    1.94200e-10    1.68500e-10    1.46400e-10    1.27300e-10
    1.11500e-10    9.79400e-11    8.72900e-11    7.89300e-11
    7.31300e-11    7.06900e-11    7.19000e-11    7.82800e-11
    9.29500e-11    1.17400e-10    1.57800e-10    2.18400e-10
    3.05300e-10    4.21200e-10    5.73300e-10    7.49700e-10
    9.48700e-10    1.15300e-09    1.34300e-09    1.50300e-09
    1.62300e-09    1.69600e-09    1.74600e-09    1.78900e-09
    1.85200e-09    1.86200e-09    1.88600e-09    1.91200e-09
    1.94200e-09    1.93800e-09    1.91400e-09    1.89800e-09
    1.86400e-09    1.77000e-09    1.63500e-09    1.46400e-09
    1.27900e-09    1.09900e-09    9.52800e-10    8.43300e-10
    7.79400e-10    7.79300e-10    8.24100e-10    9.41700e-10
    1.17900e-09    1.61600e-09    2.14400e-09    2.99200e-09
    4.34400e-09    6.41500e-09    9.24200e-09    1.31000e-08
    1.84700e-08    2.56700e-08    3.39000e-08    4.35700e-08
    5.30100e-08    6.36400e-08    7.43800e-08    8.38100e-08
    9.29400e-08    1.01300e-07    1.10300e-07    1.17000e-07
    1.20000e-07    1.19000e-07    1.13300e-07    1.04000e-07
    9.47500e-08    8.60100e-08    8.07400e-08    8.02300e-08
    8.47300e-08    9.25600e-08    9.98900e-08    1.05600e-07
    1.07900e-07    1.07900e-07    1.04900e-07    1.00000e-07
    9.35000e-08    8.66200e-08    7.88000e-08    7.13700e-08
    6.43800e-08    5.70600e-08    5.13200e-08    4.81500e-08
    4.73600e-08    4.70900e-08    4.91800e-08    5.22700e-08
    5.60300e-08    6.02300e-08    6.56700e-08    7.40300e-08
    8.69500e-08    9.92900e-08    1.16300e-07    1.37900e-07
    1.65800e-07    2.01000e-07    2.42500e-07    2.92000e-07
    3.56200e-07    4.27400e-07    5.17300e-07    6.28500e-07
    7.78700e-07    9.56300e-07    1.19400e-06    1.51700e-06
    1.93400e-06    2.51100e-06    3.19700e-06    4.02400e-06
    4.98100e-06    6.09000e-06    7.22900e-06    8.43900e-06
    9.36700e-06    1.01600e-05    1.05700e-05    1.08800e-05
    1.10800e-05    1.12900e-05    1.15900e-05    1.19000e-05
    1.21000e-05    1.21000e-05    1.20000e-05    1.19000e-05
    1.18000e-05    1.19000e-05    1.23000e-05    1.28000e-05
    1.30000e-05    1.29000e-05    1.21000e-05    1.09000e-05
    9.44000e-06    7.79000e-06    6.22000e-06    4.64000e-06
    3.40000e-06    2.47000e-06    1.78000e-06    1.29000e-06
    9.26000e-07    7.00000e-07    5.36000e-07    4.26000e-07
    3.41000e-07    2.79000e-07    2.36000e-07    2.01000e-07
    1.75000e-07    1.52000e-07    1.33000e-07    1.16000e-07
    1.01000e-07    8.83000e-08    7.71000e-08    6.77000e-08
    6.01000e-08    5.34000e-08    4.72000e-08    4.20000e-08
    3.69000e-08    3.27000e-08    2.92000e-08    2.57000e-08
    2.27000e-08    2.00000e-08    1.77000e-08    1.56000e-08
    1.37000e-08    1.20000e-08    1.05000e-08    9.18000e-09
    8.00000e-09    6.98000e-09    6.08000e-09    5.27000e-09
    4.56000e-09    3.94000e-09    3.40000e-09    2.93000e-09
    2.51000e-09    2.15000e-09    1.84000e-09    1.57000e-09
    1.34000e-09    1.14000e-09    9.66000e-10    8.19000e-10
    6.93000e-10    5.86000e-10    4.95000e-10    4.19000e-10
    3.56000e-10    3.06000e-10    2.67000e-10    2.41000e-10
    2.26000e-10    2.25000e-10    2.36000e-10    2.57000e-10
    2.84000e-10    3.18000e-10    3.49000e-10    3.71000e-10
    3.81000e-10    3.84000e-10    3.80000e-10    3.59000e-10
    3.37000e-10    3.08000e-10    2.77000e-10    2.47000e-10
    2.20000e-10    2.05000e-10    1.99000e-10    2.03000e-10
    2.13000e-10    2.25000e-10    2.34000e-10    2.41000e-10
    2.47000e-10    2.48000e-10    2.50000e-10    2.52000e-10
    2.58000e-10    2.64000e-10    2.69000e-10    2.79000e-10
    2.95000e-10    3.13000e-10    3.34000e-10    3.57000e-10
    3.84000e-10    4.20000e-10    4.66000e-10    5.21000e-10
    5.96000e-10    6.89000e-10    8.01000e-10    9.32000e-10
    1.08000e-09    1.24000e-09    1.45000e-09    1.71000e-09
    2.01000e-09    2.36000e-09    2.82000e-09    3.38000e-09
    4.01000e-09    4.79000e-09    5.74000e-09    6.92000e-09
    8.33800e-09    1.01500e-08    1.24600e-08    1.51200e-08
    1.85100e-08    2.32000e-08    2.98800e-08    3.98900e-08
    5.35100e-08    7.25600e-08    1.01100e-07    1.38800e-07
    1.91400e-07    2.51200e-07    3.25700e-07    4.07500e-07
    4.99100e-07    5.91400e-07    6.63800e-07    7.16000e-07
    7.45000e-07    7.59000e-07    7.54000e-07    7.47000e-07
    7.53000e-07    7.94000e-07    8.46000e-07    8.95000e-07
    9.36000e-07    9.84000e-07    1.02000e-06    1.05000e-06
    1.06000e-06    1.07000e-06    1.07000e-06    1.04000e-06
    9.79000e-07    8.80000e-07    7.66000e-07    6.38000e-07
    5.14200e-07    3.98200e-07    2.94000e-07    2.17700e-07
    1.61200e-07    1.18500e-07    8.96600e-08    6.73500e-08
    5.21900e-08    4.14000e-08    3.40300e-08    2.81100e-08
    2.35800e-08    1.96900e-08    1.68400e-08    1.46200e-08
    1.28500e-08    1.13400e-08    9.91600e-09    8.65000e-09
    7.55000e-09    6.62000e-09    5.83000e-09    5.14000e-09
    4.51000e-09    3.98000e-09    3.53000e-09    3.12000e-09
    2.78000e-09    2.48000e-09    2.18000e-09    1.93000e-09
    1.70000e-09    1.50000e-09    1.33000e-09    1.16000e-09
    1.03000e-09    9.01000e-10    7.86000e-10    6.88000e-10
    6.02000e-10    5.25000e-10    4.57000e-10    3.96000e-10
    3.44000e-10    2.98000e-10    2.57000e-10    2.21000e-10
    1.90000e-10    1.63000e-10    1.40000e-10    1.21000e-10
    1.04000e-10    9.09000e-11    7.96000e-11    7.05000e-11
    6.30000e-11    5.67000e-11    5.09000e-11    4.55000e-11
    4.04000e-11    3.55000e-11    3.09000e-11    2.64000e-11
    2.26000e-11    1.90000e-11    1.60000e-11    1.34000e-11
    1.14000e-11    1.01000e-11    9.17000e-12    8.69000e-12
    8.47000e-12    8.33000e-12    8.20000e-12    8.04000e-12
    7.95000e-12    7.98000e-12    8.25000e-12    8.47000e-12
    8.74000e-12    8.87000e-12    8.92000e-12    8.71000e-12
    8.30000e-12    7.89000e-12    7.59000e-12    7.50000e-12
    7.63000e-12    8.06000e-12    8.89000e-12    1.00000e-11
    1.14000e-11    1.28000e-11    1.45000e-11    1.64000e-11
    1.87000e-11    2.12000e-11    2.44000e-11    2.85000e-11
    3.31000e-11    3.83000e-11    4.46000e-11    5.23000e-11
    6.15000e-11    7.35000e-11    8.84000e-11    1.07000e-10
    1.29000e-10    1.59000e-10    1.99000e-10    2.49000e-10
    3.12000e-10    3.91000e-10    4.98000e-10    6.28000e-10
    7.86000e-10    9.66000e-10    1.16000e-09    1.41000e-09
    1.70000e-09    2.06000e-09    2.54000e-09    3.17000e-09
    4.08000e-09    5.24000e-09    6.80000e-09    8.92000e-09
    1.13000e-08    1.40000e-08    1.70000e-08    2.05000e-08
    2.37000e-08    2.61000e-08    2.77000e-08    2.85000e-08
    2.86000e-08    2.78000e-08    2.72000e-08    2.74000e-08
    2.83000e-08    3.01000e-08    3.22000e-08    3.52000e-08
    3.78000e-08    4.03000e-08    4.21000e-08    4.33000e-08
    4.39000e-08    4.34000e-08    4.25000e-08    4.07000e-08
    3.88000e-08    3.67000e-08    3.56000e-08    3.52000e-08
    3.67000e-08    4.02000e-08    4.64000e-08    5.63000e-08
    6.89000e-08    8.82000e-08    1.11000e-07    1.41000e-07
    1.73000e-07    2.12000e-07    2.57000e-07    2.99000e-07
    3.45000e-07    3.79000e-07    4.09000e-07    4.23000e-07
    4.30000e-07    4.33000e-07    4.35000e-07    4.44000e-07
    4.54000e-07    4.62000e-07    4.67000e-07    4.71000e-07
    4.77000e-07    4.93000e-07    5.19000e-07    5.54000e-07
    5.90000e-07    6.12000e-07    6.15000e-07    5.81000e-07
    5.21000e-07    4.51000e-07    3.69000e-07    2.89000e-07
    2.14000e-07    1.55000e-07    1.11000e-07    7.78000e-08
    5.46000e-08    3.93000e-08    2.93000e-08    2.26000e-08
    1.82000e-08    1.52000e-08    1.31000e-08    1.15000e-08
    1.02000e-08    9.01000e-09    7.95000e-09    7.04000e-09
    6.20000e-09    5.49000e-09    4.86000e-09    4.34000e-09
    3.88000e-09    3.46000e-09    3.07000e-09    2.71000e-09
    2.38000e-09    2.09000e-09    1.82000e-09    1.59000e-09
    1.38000e-09    1.20000e-09    1.04000e-09    9.08000e-10
    7.88000e-10    6.85000e-10    5.96000e-10    5.20000e-10
    4.53000e-10    3.94000e-10    3.43000e-10    2.97000e-10
    2.58000e-10    2.23000e-10    1.92000e-10    1.66000e-10
    1.43000e-10    1.24000e-10    1.06000e-10    9.10000e-11
    7.79000e-11    6.65000e-11    5.68000e-11    4.84000e-11
    4.11000e-11    3.51000e-11    2.99000e-11    2.54000e-11
    2.17000e-11    1.86000e-11    1.59000e-11    1.37000e-11
    1.18000e-11    1.04000e-11    9.24000e-12    8.39000e-12
    7.86000e-12    7.70000e-12    7.85000e-12    8.41000e-12
    9.62000e-12    1.16000e-11    1.47000e-11    1.94000e-11
    2.58000e-11    3.51000e-11    4.73000e-11    6.26000e-11
    7.98000e-11    9.95000e-11    1.21000e-10    1.40000e-10
    1.58000e-10    1.77000e-10    1.98000e-10    2.22000e-10
    2.47000e-10    2.79000e-10    3.14000e-10    3.55000e-10
    4.00000e-10    4.51000e-10    5.15000e-10    5.73000e-10
    6.25000e-10    6.65000e-10    6.91000e-10    6.98000e-10
    6.83000e-10    6.67000e-10    6.57000e-10    6.60000e-10
    6.84000e-10    7.39000e-10    8.04000e-10    8.73000e-10
    9.44000e-10    9.95000e-10    1.03000e-09    1.01000e-09
    9.80000e-10    9.32000e-10    8.67000e-10    7.99000e-10
    7.29000e-10    6.67000e-10    6.14000e-10    5.78000e-10
    5.65000e-10    5.65000e-10    5.88000e-10    6.43000e-10
    7.50000e-10    9.16000e-10    1.16000e-09    1.51000e-09
    1.99000e-09    2.70000e-09    3.66000e-09    4.95000e-09
    6.41000e-09    8.16000e-09    1.02000e-08    1.24000e-08
    1.46000e-08    1.64000e-08    1.79000e-08    1.87000e-08
    1.93000e-08    1.93000e-08    1.93000e-08    1.95000e-08
    2.07000e-08    2.23000e-08    2.34000e-08    2.44000e-08
    2.55000e-08    2.67000e-08    2.76000e-08    2.81000e-08
    2.90000e-08    2.94000e-08    2.91000e-08    2.77000e-08
    2.52000e-08    2.21000e-08    1.84000e-08    1.49000e-08
    1.15000e-08    8.64000e-09    6.44000e-09    4.79000e-09
    3.64000e-09    2.75000e-09    2.14000e-09    1.75000e-09
    1.48000e-09    1.30000e-09    1.16000e-09    1.05000e-09
    9.46000e-10    8.55000e-10    7.66000e-10    6.79000e-10
    6.01000e-10    5.30000e-10    4.67000e-10    4.13000e-10
    3.67000e-10    3.29000e-10    2.92000e-10    2.57000e-10
    2.27000e-10    1.96000e-10    1.70000e-10    1.47000e-10
    1.27000e-10    1.10000e-10    9.19000e-11    7.79000e-11
    6.59000e-11    5.61000e-11    4.81000e-11    4.07000e-11
    3.54000e-11    3.04000e-11    2.62000e-11    2.30000e-11
    1.97000e-11    1.71000e-11    1.48000e-11    1.28000e-11
    1.10000e-11    9.44000e-12    8.08000e-12    6.94000e-12
    5.93000e-12    5.06000e-12    4.31000e-12    3.66000e-12
    3.12000e-12    2.67000e-12    2.28000e-12    1.95000e-12
    1.67000e-12    1.43000e-12    1.22000e-12    1.05000e-12
    9.06000e-13    7.86000e-13    6.87000e-13    6.09000e-13
    5.50000e-13    5.07000e-13    4.78000e-13    4.66000e-13
    4.77000e-13    5.21000e-13    5.94000e-13    7.44000e-13
    9.71000e-13    1.35000e-12    1.87000e-12    2.63000e-12
    3.67000e-12    4.95000e-12    6.39000e-12    8.00000e-12
    9.88000e-12    1.15000e-11    1.28000e-11    1.37000e-11
    1.43000e-11    1.47000e-11    1.45000e-11    1.42000e-11
    1.40000e-11    1.41000e-11    1.43000e-11    1.51000e-11
    1.65000e-11    1.83000e-11    2.07000e-11    2.25000e-11
    2.38000e-11    2.42000e-11    2.38000e-11    2.27000e-11
    2.10000e-11    1.98000e-11    1.89000e-11    1.79000e-11
    1.72000e-11    1.62000e-11    1.54000e-11    1.43000e-11
    1.35000e-11    1.35000e-11    1.42000e-11    1.57000e-11
    1.77000e-11    2.06000e-11    2.42000e-11    2.85000e-11
    3.43000e-11    4.16000e-11    5.24000e-11    6.82000e-11
    8.92000e-11    1.20000e-10    1.60000e-10    2.15000e-10
    2.89000e-10    3.77000e-10    4.80000e-10    5.93000e-10
    7.25000e-10    8.53000e-10    9.60000e-10    1.04000e-09
    1.08000e-09    1.10000e-09    1.09000e-09    1.07000e-09
    1.07000e-09    1.12000e-09    1.21000e-09    1.33000e-09
    1.48000e-09    1.64000e-09    1.79000e-09    1.94000e-09
    2.05000e-09    2.17000e-09    2.28000e-09    2.40000e-09
    2.53000e-09    2.74000e-09    3.03000e-09    3.42000e-09
    3.87000e-09    4.47000e-09    5.19000e-09    5.91000e-09
    6.77000e-09    7.50000e-09    8.28000e-09    8.83000e-09
    9.36000e-09    9.91000e-09    1.03000e-08    1.09000e-08
    1.14000e-08    1.17000e-08    1.18000e-08    1.18000e-08
    1.18000e-08    1.21000e-08    1.26000e-08    1.35000e-08
    1.43000e-08    1.49000e-08    1.49000e-08    1.40000e-08
    1.25000e-08    1.07000e-08    8.61000e-09    6.57000e-09
    4.80000e-09    3.47000e-09    2.47000e-09    1.78000e-09
    1.33000e-09    1.05000e-09    8.72000e-10    7.51000e-10
    6.76000e-10    6.27000e-10    6.00000e-10    5.99000e-10
    6.26000e-10    6.86000e-10    7.58000e-10    8.49000e-10
    9.53000e-10    1.05000e-09    1.14000e-09    1.20000e-09
    1.25000e-09    1.28000e-09    1.30000e-09    1.31000e-09
    1.32000e-09    1.33000e-09    1.33000e-09    1.31000e-09
    1.27000e-09    1.23000e-09    1.19000e-09    1.20000e-09
    1.25000e-09    1.33000e-09    1.42000e-09    1.48000e-09
    1.49000e-09    1.41000e-09    1.26000e-09    1.08000e-09
    8.80000e-10    6.78000e-10    4.95000e-10    3.58000e-10
    2.54000e-10    1.78000e-10    1.26000e-10    9.28000e-11
    7.13000e-11    5.56000e-11    4.50000e-11    3.75000e-11
    3.21000e-11    2.76000e-11    2.41000e-11    2.09000e-11
    1.82000e-11    1.59000e-11    1.36000e-11    1.18000e-11
    1.03000e-11    9.01000e-12    7.94000e-12    6.90000e-12
    6.02000e-12    5.26000e-12    4.62000e-12    4.06000e-12
    3.55000e-12    3.13000e-12    2.76000e-12    2.43000e-12
    2.15000e-12    1.90000e-12    1.68000e-12    1.49000e-12
    1.32000e-12    1.17000e-12    1.04000e-12    9.35000e-13
    8.47000e-13    7.79000e-13    7.30000e-13    6.96000e-13
    6.88000e-13    7.11000e-13    7.60000e-13    8.67000e-13
    1.04000e-12    1.31000e-12    1.71000e-12    2.20000e-12
    2.93000e-12    3.80000e-12    4.97000e-12    6.22000e-12
    7.63000e-12    9.29000e-12    1.10000e-11    1.24000e-11
    1.34000e-11    1.41000e-11    1.44000e-11    1.44000e-11
    1.39000e-11    1.38000e-11    1.41000e-11    1.49000e-11
    1.64000e-11    1.86000e-11    2.11000e-11    2.38000e-11
    2.65000e-11    2.89000e-11    3.04000e-11    3.14000e-11
    3.29000e-11    3.43000e-11    3.60000e-11    3.91000e-11
    4.44000e-11    5.21000e-11    6.43000e-11    8.18000e-11
    1.06000e-10    1.40000e-10    1.78000e-10    2.24000e-10
    2.77000e-10    3.35000e-10    3.95000e-10    4.47000e-10
    4.92000e-10    5.20000e-10    5.39000e-10    5.46000e-10
    5.53000e-10    5.66000e-10    6.02000e-10    6.43000e-10
    6.68000e-10    6.91000e-10    7.12000e-10    7.42000e-10
    7.55000e-10    7.75000e-10    8.09000e-10    8.30000e-10
    8.35000e-10    7.95000e-10    7.22000e-10    6.30000e-10
    5.23000e-10    4.20000e-10    3.19000e-10    2.39000e-10
    1.79000e-10    1.36000e-10    1.05000e-10    8.32000e-11
    6.89000e-11    5.89000e-11    5.14000e-11    4.60000e-11
    4.19000e-11    3.94000e-11    3.90000e-11    4.07000e-11
    4.39000e-11    4.82000e-11    5.29000e-11    5.75000e-11
    6.09000e-11    6.28000e-11    6.31000e-11    6.19000e-11
    6.04000e-11    5.85000e-11    5.71000e-11    5.68000e-11
    5.68000e-11    5.64000e-11    5.58000e-11    5.51000e-11
    5.48000e-11    5.45000e-11    5.57000e-11    5.77000e-11
    5.96000e-11    6.05000e-11    5.89000e-11    5.43000e-11
    4.77000e-11    4.02000e-11    3.25000e-11    2.50000e-11
    1.82000e-11    1.31000e-11    9.32000e-12    6.58000e-12
    4.64000e-12    3.35000e-12    2.53000e-12    1.96000e-12
    1.58000e-12    1.31000e-12    1.11000e-12    9.58000e-13
    8.32000e-13    7.31000e-13    6.43000e-13    5.62000e-13
    4.89000e-13    4.27000e-13    3.73000e-13    3.25000e-13
    2.84000e-13    2.50000e-13    2.21000e-13    1.95000e-13
    1.72000e-13    1.52000e-13    1.34000e-13    1.18000e-13
    1.05000e-13    9.26000e-14    8.21000e-14    7.29000e-14
    6.48000e-14    5.77000e-14    5.15000e-14    4.62000e-14
    4.17000e-14    3.79000e-14    3.49000e-14    3.26000e-14
    3.09000e-14    3.00000e-14    2.98000e-14    3.04000e-14
    3.20000e-14    3.49000e-14    3.96000e-14    4.68000e-14
    5.78000e-14    7.42000e-14    9.80000e-14    1.32000e-13
    1.79000e-13    2.23000e-13    2.65000e-13    3.02000e-13
    3.38000e-13    3.74000e-13    4.05000e-13    4.42000e-13
    4.94000e-13    5.48000e-13    6.11000e-13    6.77000e-13
    7.56000e-13    8.49000e-13    9.59000e-13    1.09000e-12
    1.27000e-12    1.48000e-12    1.73000e-12    2.08000e-12
    2.48000e-12    3.03000e-12    3.88000e-12    4.86000e-12
    6.25000e-12    8.05000e-12    1.04000e-11    1.37000e-11
    1.75000e-11    2.20000e-11    2.75000e-11    3.35000e-11
    4.08000e-11    4.79000e-11    5.44000e-11    5.99000e-11
    6.46000e-11    6.82000e-11    7.13000e-11    7.62000e-11
    8.36000e-11    9.59000e-11    1.15000e-10    1.38000e-10
    1.67000e-10    1.99000e-10    2.35000e-10    2.74000e-10
    3.11000e-10    3.51000e-10    3.89000e-10    4.21000e-10
    4.49000e-10    4.66000e-10    4.86000e-10    4.96000e-10
    5.08000e-10    5.20000e-10    5.29000e-10    5.30000e-10
    5.22000e-10    5.16000e-10    5.18000e-10    5.35000e-10
    5.68000e-10    6.07000e-10    6.42000e-10    6.60000e-10
    6.39000e-10    5.83000e-10    5.03000e-10    4.11000e-10
    3.20000e-10    2.35000e-10    1.70000e-10    1.20000e-10
    8.54000e-11    6.31000e-11    4.92000e-11    4.01000e-11
    3.38000e-11    2.97000e-11    2.71000e-11    2.55000e-11
    2.45000e-11    2.42000e-11    2.43000e-11    2.49000e-11
    2.60000e-11    2.73000e-11    2.91000e-11    3.16000e-11
    3.45000e-11    3.81000e-11    4.14000e-11    4.54000e-11
    5.02000e-11    5.48000e-11    6.11000e-11    6.72000e-11
    7.37000e-11    7.99000e-11    8.50000e-11    9.01000e-11
    9.30000e-11    9.52000e-11    9.64000e-11    9.59000e-11
    9.39000e-11    9.14000e-11    8.95000e-11    8.97000e-11
    9.30000e-11    9.91000e-11    1.06000e-10    1.12000e-10
    1.14000e-10    1.10000e-10    1.00000e-10    8.68000e-11
    7.14000e-11    5.61000e-11    4.17000e-11    3.05000e-11
    2.18000e-11    1.55000e-11    1.11000e-11    8.29000e-12
    6.38000e-12    5.07000e-12    4.20000e-12    3.64000e-12
    3.28000e-12    3.03000e-12    2.90000e-12    2.78000e-12
    2.67000e-12    2.52000e-12    2.34000e-12    2.15000e-12
    1.95000e-12    1.75000e-12    1.54000e-12    1.32000e-12
    1.13000e-12    9.55000e-13    7.90000e-13    6.44000e-13
    5.18000e-13    4.14000e-13    3.32000e-13    2.67000e-13
    2.18000e-13    1.83000e-13    1.56000e-13    1.35000e-13
    1.18000e-13    1.05000e-13    9.31000e-14    8.35000e-14
    7.55000e-14    6.89000e-14    6.36000e-14    5.96000e-14
    5.69000e-14    5.56000e-14    5.60000e-14    5.86000e-14
    6.42000e-14    7.33000e-14    8.85000e-14    1.14000e-13
    1.49000e-13    1.97000e-13    2.69000e-13    3.61000e-13
    4.79000e-13    6.04000e-13    7.51000e-13    9.20000e-13
    1.09000e-12    1.26000e-12    1.39000e-12    1.53000e-12
    1.64000e-12    1.71000e-12    1.77000e-12    1.88000e-12
    2.08000e-12    2.37000e-12    2.82000e-12    3.42000e-12
    4.18000e-12    5.18000e-12    6.47000e-12    7.98000e-12
    9.97000e-12    1.22000e-11    1.47000e-11    1.75000e-11
    2.05000e-11    2.38000e-11    2.66000e-11    2.91000e-11
    3.09000e-11    3.21000e-11    3.29000e-11    3.31000e-11
    3.37000e-11    3.49000e-11    3.69000e-11    3.82000e-11
    3.92000e-11    4.05000e-11    4.17000e-11    4.30000e-11
    4.42000e-11    4.61000e-11    4.78000e-11    4.83000e-11
    4.69000e-11    4.31000e-11    3.81000e-11    3.21000e-11
    2.61000e-11    2.04000e-11    1.56000e-11    1.20000e-11
    9.20000e-12    7.10000e-12    5.65000e-12    4.63000e-12
    3.86000e-12    3.27000e-12    2.83000e-12    2.48000e-12
    2.22000e-12    2.03000e-12    1.91000e-12    1.84000e-12
    1.82000e-12    1.82000e-12    1.86000e-12    1.94000e-12
    2.11000e-12    2.36000e-12    2.60000e-12    2.94000e-12
    3.31000e-12    3.73000e-12    4.17000e-12    4.57000e-12
    4.98000e-12    5.26000e-12    5.54000e-12    5.79000e-12
    6.05000e-12    6.38000e-12    6.71000e-12    6.93000e-12
    7.03000e-12    7.05000e-12    7.05000e-12    7.16000e-12
    7.37000e-12    7.79000e-12    8.30000e-12    8.65000e-12
    8.76000e-12    8.32000e-12    7.51000e-12    6.48000e-12
    5.31000e-12    4.18000e-12    3.07000e-12    2.22000e-12
    1.57000e-12    1.09000e-12    7.39000e-13    5.11000e-13
    3.66000e-13    2.68000e-13    2.00000e-13    1.56000e-13
    1.27000e-13    1.06000e-13    9.05000e-14    7.85000e-14
    6.90000e-14    6.10000e-14    5.42000e-14    4.84000e-14
    4.32000e-14    3.87000e-14    3.47000e-14    3.12000e-14
    2.80000e-14    2.52000e-14    2.27000e-14    2.05000e-14
    1.86000e-14    1.69000e-14    1.55000e-14    1.43000e-14
    1.33000e-14    1.25000e-14    1.20000e-14    1.16000e-14
    1.15000e-14    1.16000e-14    1.19000e-14    1.25000e-14
    1.34000e-14    1.45000e-14    1.60000e-14    1.78000e-14
    2.01000e-14    2.27000e-14    2.59000e-14    2.96000e-14
    3.40000e-14    3.92000e-14    4.53000e-14    5.24000e-14
    6.08000e-14    7.09000e-14    8.31000e-14    9.81000e-14
    1.17000e-13    1.42000e-13    1.78000e-13    2.25000e-13
    2.79000e-13    3.50000e-13    4.40000e-13    5.53000e-13
    6.92000e-13    8.92000e-13    1.15000e-12    1.48000e-12
    1.92000e-12    2.54000e-12    3.37000e-12    4.37000e-12
    5.71000e-12    7.26000e-12    8.98000e-12    1.10000e-11
    1.34000e-11    1.59000e-11    1.86000e-11    2.14000e-11
    2.40000e-11    2.69000e-11    2.98000e-11    3.33000e-11
    3.77000e-11    4.25000e-11    4.75000e-11    5.11000e-11
    5.37000e-11    5.56000e-11    5.61000e-11    5.67000e-11
    5.68000e-11    5.78000e-11    5.86000e-11    5.91000e-11
    5.93000e-11    5.91000e-11    5.92000e-11    5.93000e-11
    5.94000e-11    5.87000e-11    5.65000e-11    5.21000e-11
    4.54000e-11    3.82000e-11    3.07000e-11    2.37000e-11
    1.78000e-11    1.32000e-11    9.82000e-12    7.34000e-12
    5.59000e-12    4.33000e-12    3.42000e-12    2.74000e-12
    2.23000e-12    1.86000e-12    1.56000e-12    1.35000e-12
    1.17000e-12    1.05000e-12    9.54000e-13    8.83000e-13
    8.34000e-13    8.10000e-13    8.11000e-13    8.20000e-13
    8.46000e-13    8.83000e-13    9.33000e-13    9.92000e-13
    1.07000e-12    1.19000e-12    1.35000e-12    1.58000e-12
    1.86000e-12    2.17000e-12    2.52000e-12    2.92000e-12
    3.36000e-12    3.83000e-12    4.30000e-12    4.83000e-12
    5.37000e-12    5.81000e-12    6.23000e-12    6.48000e-12
    6.77000e-12    6.99000e-12    7.17000e-12    7.47000e-12
    7.66000e-12    7.77000e-12    7.77000e-12    7.72000e-12
    7.77000e-12    7.97000e-12    8.40000e-12    8.90000e-12
    9.42000e-12    9.71000e-12    9.55000e-12    8.85000e-12
    7.68000e-12    6.39000e-12    5.02000e-12    3.74000e-12
    2.68000e-12    1.87000e-12    1.33000e-12    9.48000e-13
    7.00000e-13    5.37000e-13    4.17000e-13    3.33000e-13
    2.76000e-13    2.35000e-13    2.04000e-13    1.78000e-13
    1.59000e-13    1.42000e-13    1.23000e-13    1.06000e-13
    8.95000e-14    7.45000e-14    6.06000e-14    5.02000e-14
    4.22000e-14    3.61000e-14    3.13000e-14    2.75000e-14
    2.45000e-14    2.19000e-14    1.97000e-14    1.79000e-14
    1.63000e-14    1.49000e-14    1.38000e-14    1.29000e-14
    1.22000e-14    1.17000e-14    1.14000e-14    1.14000e-14
    1.18000e-14    1.26000e-14    1.41000e-14    1.65000e-14
    2.04000e-14    2.65000e-14    3.59000e-14    4.87000e-14
    6.41000e-14    8.47000e-14    1.07000e-13    1.32000e-13
    1.66000e-13    2.07000e-13    2.62000e-13    3.21000e-13
    3.94000e-13    4.84000e-13    5.81000e-13    6.84000e-13
    7.73000e-13    8.67000e-13    9.62000e-13    1.06000e-12
    1.19000e-12    1.35000e-12    1.56000e-12    1.85000e-12
    2.21000e-12    2.66000e-12    3.14000e-12    3.60000e-12
    3.99000e-12    4.22000e-12    4.36000e-12    4.35000e-12
    4.25000e-12    4.10000e-12    3.99000e-12    3.95000e-12
    3.87000e-12    3.83000e-12    3.82000e-12    3.89000e-12
    3.98000e-12    4.06000e-12    4.19000e-12    4.22000e-12
    4.17000e-12    3.90000e-12    3.50000e-12    3.03000e-12
    2.49000e-12    1.99000e-12    1.51000e-12    1.15000e-12
    8.68000e-13    6.53000e-13    4.89000e-13    3.78000e-13
    2.92000e-13    2.25000e-13    1.74000e-13    1.35000e-13
    1.07000e-13    8.54000e-14    7.02000e-14    5.95000e-14
    5.13000e-14    4.48000e-14    3.89000e-14    3.34000e-14
    2.94000e-14    2.63000e-14    2.42000e-14    2.30000e-14
    2.27000e-14    2.37000e-14    2.56000e-14    2.78000e-14
    3.16000e-14    3.80000e-14    4.86000e-14    6.25000e-14
    8.15000e-14    1.01000e-13    1.24000e-13    1.49000e-13
    1.73000e-13    1.99000e-13    2.22000e-13    2.44000e-13
    2.61000e-13    2.72000e-13    2.85000e-13    2.94000e-13
    3.10000e-13    3.29000e-13    3.50000e-13    3.62000e-13
    3.66000e-13    3.70000e-13    3.72000e-13    3.83000e-13
    4.01000e-13    4.26000e-13    4.51000e-13    4.64000e-13
    4.49000e-13    4.05000e-13    3.45000e-13    2.79000e-13
    2.12000e-13    1.46000e-13    9.67000e-14    6.18000e-14
    3.98000e-14    2.63000e-14    1.81000e-14    1.32000e-14
    1.03000e-14    8.42000e-15    7.22000e-15    6.39000e-15
    5.78000e-15    5.33000e-15    5.00000e-15    4.76000e-15
    4.61000e-15    4.54000e-15    4.55000e-15    4.64000e-15
    4.81000e-15    5.06000e-15    5.41000e-15    5.87000e-15
    6.44000e-15    7.15000e-15    8.02000e-15    9.10000e-15
    1.05000e-14    1.22000e-14    1.46000e-14    1.80000e-14
    2.28000e-14    2.98000e-14    4.02000e-14    5.53000e-14
    7.81000e-14    1.04000e-13    1.31000e-13    1.58000e-13
    1.89000e-13    2.20000e-13    2.54000e-13    3.01000e-13
    3.67000e-13    4.43000e-13    5.42000e-13    6.85000e-13
    8.44000e-13    1.04000e-12    1.31000e-12    1.61000e-12
    1.95000e-12    2.38000e-12    2.88000e-12    3.42000e-12
    4.03000e-12    4.65000e-12    5.24000e-12    5.70000e-12
    6.09000e-12    6.39000e-12    6.48000e-12    6.58000e-12
    6.66000e-12    6.70000e-12    6.66000e-12    6.65000e-12
    6.80000e-12    7.09000e-12    7.54000e-12    8.06000e-12
    8.62000e-12    8.89000e-12    8.68000e-12    8.04000e-12
    7.00000e-12    5.83000e-12    4.58000e-12    3.49000e-12
    2.71000e-12    2.10000e-12    1.65000e-12    1.31000e-12
    1.06000e-12    8.35000e-13    6.45000e-13    5.02000e-13
    3.94000e-13    3.09000e-13    2.46000e-13
*END
