*BEGIN_DATA

     Start of table                = -2.00000E+01     cm-1
     End of table                  =  2.00000E+04     cm-1
     Increment in table            =  1.00000E+01     cm-1
     Number of points in table     =  2003

     Continuum coefficients (cm^3.molec-1 * 1.0E-20)
    3.70690e-01    3.68810e-01    3.71520e-01    3.68810e-01
    3.70690e-01    3.57220e-01    3.46710e-01    3.23410e-01
    3.14140e-01    2.91650e-01    2.77580e-01    2.54640e-01
    2.28170e-01    2.11750e-01    1.87080e-01    1.69050e-01
    1.51130e-01    1.26600e-01    1.17350e-01    9.78470e-02
    8.96120e-02    7.76860e-02    6.58790e-02    6.01220e-02
    5.11240e-02    4.59920e-02    3.88910e-02    3.39960e-02
    2.95130e-02    2.54690e-02    2.21050e-02    1.94980e-02
    1.65650e-02    1.46660e-02    1.27130e-02    1.12360e-02
    9.82050e-03    8.75140e-03    7.68760e-03    6.73540e-03
    5.96980e-03    5.33010e-03    4.75480e-03    4.23520e-03
    3.80560e-03    3.37920e-03    3.01610e-03    2.70000e-03
    2.42470e-03    2.16200e-03    1.93520e-03    1.73340e-03
    1.55180e-03    1.39320e-03    1.25110e-03    1.12110e-03
    1.00610e-03    9.05480e-04    8.15210e-04    7.34830e-04
    6.62040e-04    5.97980e-04    5.40980e-04    4.90890e-04
    4.46070e-04    4.06180e-04    3.70600e-04    3.38600e-04
    3.10180e-04    2.84710e-04    2.61690e-04    2.41310e-04
    2.22950e-04    2.06230e-04    1.91420e-04    1.77930e-04
    1.65760e-04    1.54790e-04    1.44640e-04    1.35400e-04
    1.26960e-04    1.19220e-04    1.12090e-04    1.05470e-04
    9.96670e-05    9.45240e-05    8.97510e-05    8.54110e-05
    8.11560e-05    7.70290e-05    7.31080e-05    6.93030e-05
    6.56490e-05    6.24860e-05    5.86200e-05    5.50550e-05
    5.12920e-05    4.82260e-05    4.56270e-05    4.32440e-05
    4.10410e-05    3.89390e-05    3.69770e-05    3.51250e-05
    3.34040e-05    3.17820e-05    3.02710e-05    2.88700e-05
    2.75690e-05    2.63680e-05    2.52770e-05    2.42770e-05
    2.33760e-05    2.25760e-05    2.18550e-05    2.12750e-05
    2.08040e-05    2.04140e-05    2.01340e-05    2.00040e-05
    1.99730e-05    2.00930e-05    2.03130e-05    2.06830e-05
    2.12430e-05    2.18930e-05    2.26730e-05    2.36430e-05
    2.46330e-05    2.61830e-05    2.77430e-05    2.93730e-05
    3.14430e-05    3.35930e-05    3.69530e-05    4.00230e-05
    4.37430e-05    4.94740e-05    5.43140e-05    6.28140e-05
    7.16950e-05    8.15750e-05    9.72860e-05    1.07910e-04
    1.33710e-04    1.44210e-04    1.68310e-04    1.87910e-04
    2.22310e-04    2.42510e-04    2.83810e-04    3.14310e-04
    3.52710e-04    4.01220e-04    4.23720e-04    4.74720e-04
    5.05720e-04    5.40920e-04    5.73420e-04    5.94420e-04
    6.07720e-04    6.17520e-04    6.23820e-04    6.22620e-04
    6.24820e-04    6.19220e-04    6.09810e-04    5.81810e-04
    5.70910e-04    5.46510e-04    5.04310e-04    4.69910e-04
    4.29410e-04    3.98410e-04    3.67210e-04    3.15210e-04
    2.88300e-04    2.50300e-04    2.21100e-04    1.92000e-04
    1.71400e-04    1.48500e-04    1.35800e-04    1.15600e-04
    1.02100e-04    8.88710e-05    7.84210e-05    7.12010e-05
    6.18610e-05    5.73010e-05    4.79200e-05    4.36400e-05
    3.72000e-05    3.28000e-05    2.94600e-05    2.59100e-05
    2.26100e-05    2.04800e-05    1.81300e-05    1.63000e-05
    1.44700e-05    1.28200e-05    1.15600e-05    1.07200e-05
    9.92210e-06    8.91910e-06    7.97410e-06    7.05000e-06
    6.30100e-06    5.55900e-06    4.97800e-06    4.37100e-06
    3.94100e-06    3.47900e-06    3.11900e-06    2.79500e-06
    2.62400e-06    2.45800e-06    2.32100e-06    2.19200e-06
    2.07700e-06    1.96600e-06    1.86300e-06    1.77500e-06
    1.69100e-06    1.61700e-06    1.54500e-06    1.48400e-06
    1.42200e-06    1.37100e-06    1.32000e-06    1.27500e-06
    1.23300e-06    1.18700e-06    1.14500e-06    1.11800e-06
    1.08200e-06    1.04800e-06    1.02000e-06    9.88900e-07
    9.64900e-07    9.36800e-07    9.17400e-07    8.96000e-07
    8.76300e-07    8.56600e-07    8.38100e-07    8.19200e-07
    8.03300e-07    7.86400e-07    7.71500e-07    7.56300e-07
    7.42900e-07    7.28200e-07    7.14900e-07    7.01100e-07
    6.90100e-07    6.77100e-07    6.67100e-07    6.57700e-07
    6.47600e-07    6.37600e-07    6.31300e-07    6.23300e-07
    6.17100e-07    6.16300e-07    6.16200e-07    6.18600e-07
    6.24100e-07    6.33700e-07    6.42000e-07    6.42100e-07
    6.36800e-07    6.26900e-07    6.14100e-07    6.02300e-07
    5.88600e-07    5.73000e-07    5.60100e-07    5.49600e-07
    5.41400e-07    5.35400e-07    5.28500e-07    5.23300e-07
    5.19900e-07    5.16800e-07    5.14500e-07    5.12500e-07
    5.11200e-07    5.12500e-07    5.13500e-07    5.20900e-07
    5.25600e-07    5.35700e-07    5.50300e-07    5.63600e-07
    5.89100e-07    6.19400e-07    6.51100e-07    6.91500e-07
    7.40100e-07    8.00400e-07    8.60600e-07    9.08700e-07
    1.00300e-06    1.04300e-06    1.19000e-06    1.29300e-06
    1.39800e-06    1.50800e-06    1.64900e-06    1.73500e-06
    1.85200e-06    1.95500e-06    2.05600e-06    2.07900e-06
    2.12700e-06    2.11700e-06    2.10900e-06    2.10100e-06
    2.12200e-06    2.09700e-06    2.14200e-06    2.13900e-06
    2.13800e-06    2.09700e-06    2.06900e-06    2.07200e-06
    2.03800e-06    2.02000e-06    2.05200e-06    2.04600e-06
    2.07700e-06    2.10300e-06    2.16300e-06    2.24400e-06
    2.38800e-06    2.55200e-06    2.77300e-06    3.06700e-06
    3.36000e-06    3.71400e-06    4.17200e-06    4.64300e-06
    5.11600e-06    5.83100e-06    6.52200e-06    7.47800e-06
    8.31200e-06    9.40700e-06    1.05100e-05    1.20700e-05
    1.35900e-05    1.56800e-05    1.75900e-05    2.02900e-05
    2.28400e-05    2.60200e-05    2.94000e-05    3.48300e-05
    3.92800e-05    4.61800e-05    5.24000e-05    6.13200e-05
    7.18300e-05    8.52100e-05    9.11100e-05    1.07000e-04
    1.18400e-04    1.26400e-04    1.47500e-04    1.61200e-04
    1.70400e-04    1.81800e-04    1.92400e-04    1.99400e-04
    2.06100e-04    2.18000e-04    2.18700e-04    2.20000e-04
    2.19600e-04    2.13100e-04    2.01500e-04    1.98800e-04
    1.84700e-04    1.72900e-04    1.59700e-04    1.37300e-04
    1.26200e-04    1.08700e-04    9.43900e-05    8.06100e-05
    7.09300e-05    6.04900e-05    5.12000e-05    4.43500e-05
    3.81700e-05    3.34000e-05    2.92700e-05    2.57300e-05
    2.29100e-05    2.04000e-05    1.82700e-05    1.63600e-05
    1.46300e-05    1.30900e-05    1.17000e-05    1.04700e-05
    9.31500e-06    8.32800e-06    7.45800e-06    6.66500e-06
    5.94000e-06    5.31600e-06    4.75200e-06    4.25200e-06
    3.82500e-06    3.42100e-06    3.06400e-06    2.74600e-06
    2.46500e-06    2.21600e-06    1.99000e-06    1.79000e-06
    1.60900e-06    1.44900e-06    1.30600e-06    1.17100e-06
    1.05600e-06    9.73800e-07    9.21200e-07    8.89400e-07
    8.56100e-07    8.18300e-07    7.82400e-07    7.48400e-07
    7.16800e-07    6.87200e-07    6.59000e-07    6.32500e-07
    6.07000e-07    5.83300e-07    5.61000e-07    5.40000e-07
    5.19700e-07    5.00500e-07    4.82300e-07    4.65200e-07
    4.48300e-07    4.32900e-07    4.17700e-07    4.02900e-07
    3.88800e-07    3.74900e-07    3.61800e-07    3.49200e-07
    3.37700e-07    3.26900e-07    3.16600e-07    3.08100e-07
    3.01000e-07    2.94700e-07    2.89000e-07    2.84400e-07
    2.78900e-07    2.73100e-07    2.67000e-07    2.60400e-07
    2.52500e-07    2.44400e-07    2.38400e-07    2.32800e-07
    2.28000e-07    2.23000e-07    2.18300e-07    2.14400e-07
    2.10500e-07    2.07300e-07    2.04600e-07    2.02200e-07
    2.00200e-07    1.98500e-07    1.97500e-07    1.96500e-07
    1.96000e-07    1.95400e-07    1.95400e-07    1.96000e-07
    1.97100e-07    1.98400e-07    2.00300e-07    2.02600e-07
    2.05800e-07    2.09900e-07    2.14200e-07    2.17100e-07
    2.20600e-07    2.31200e-07    2.52300e-07    2.83400e-07
    3.19500e-07    3.58700e-07    4.01500e-07    4.49700e-07
    5.04900e-07    5.66500e-07    6.36600e-07    7.12100e-07
    7.99600e-07    8.94600e-07    1.00200e-06    1.11700e-06
    1.26200e-06    1.41600e-06    1.61100e-06    1.80700e-06
    2.05600e-06    2.35100e-06    2.76900e-06    3.13800e-06
    3.69900e-06    4.38600e-06    5.04100e-06    6.07400e-06
    6.81200e-06    7.79000e-06    8.85500e-06    1.01400e-05
    1.09500e-05    1.24500e-05    1.31600e-05    1.39000e-05
    1.50400e-05    1.58300e-05    1.61700e-05    1.65200e-05
    1.71300e-05    1.72400e-05    1.71500e-05    1.66800e-05
    1.62900e-05    1.55200e-05    1.47800e-05    1.34000e-05
    1.24500e-05    1.12100e-05    9.57500e-06    8.95600e-06
    7.34500e-06    6.59700e-06    5.61200e-06    4.81800e-06
    4.16500e-06    3.57900e-06    3.04100e-06    2.62300e-06
    2.29000e-06    1.98400e-06    1.74800e-06    1.53400e-06
    1.36900e-06    1.21900e-06    1.09200e-06    9.80000e-07
    8.76200e-07    7.89600e-07    7.10400e-07    6.36400e-07
    5.69100e-07    5.10700e-07    4.57500e-07    4.09000e-07
    3.66700e-07    3.28700e-07    2.93100e-07    2.63300e-07
    2.35600e-07    2.11100e-07    1.89500e-07    1.69700e-07
    1.52500e-07    1.36900e-07    1.23300e-07    1.11400e-07
    9.98800e-08    9.00400e-08    8.14900e-08    7.31100e-08
    6.58700e-08    6.01400e-08    5.61800e-08    5.32000e-08
    5.05200e-08    4.76800e-08    4.51400e-08    4.26700e-08
    4.03200e-08    3.81500e-08    3.60500e-08    3.40900e-08
    3.21900e-08    3.03800e-08    2.86900e-08    2.71000e-08
    2.56300e-08    2.41800e-08    2.28800e-08    2.16600e-08
    2.05100e-08    1.94500e-08    1.84400e-08    1.74500e-08
    1.65000e-08    1.55800e-08    1.47100e-08    1.38700e-08
    1.30800e-08    1.23500e-08    1.16900e-08    1.10700e-08
    1.05000e-08    9.96300e-09    9.46100e-09    9.00400e-09
    8.58000e-09    8.19100e-09    7.83500e-09    7.52500e-09
    7.24200e-09    7.00400e-09    6.79800e-09    6.61700e-09
    6.46300e-09    6.35500e-09    6.26700e-09    6.19400e-09
    6.15600e-09    6.14400e-09    6.15900e-09    6.21000e-09
    6.28800e-09    6.39800e-09    6.53600e-09    6.71900e-09
    6.92900e-09    7.17600e-09    7.45900e-09    7.78700e-09
    8.14700e-09    8.57300e-09    9.02400e-09    9.54700e-09
    1.01100e-08    1.07300e-08    1.14600e-08    1.21700e-08
    1.30600e-08    1.41100e-08    1.52500e-08    1.63700e-08
    1.77600e-08    1.95800e-08    2.13600e-08    2.37200e-08
    2.61200e-08    2.94400e-08    3.24900e-08    3.74000e-08
    4.24400e-08    4.84500e-08    5.63000e-08    6.72800e-08
    7.90800e-08    9.51100e-08    1.12800e-07    1.35800e-07
    1.58700e-07    1.90400e-07    2.22400e-07    2.66000e-07
    3.27800e-07    3.77500e-07    4.35500e-07    4.67200e-07
    5.11000e-07    5.46100e-07    5.82800e-07    6.23300e-07
    6.50900e-07    6.67200e-07    6.96900e-07    7.10400e-07
    7.43900e-07    7.46300e-07    7.70800e-07    7.46600e-07
    7.66800e-07    7.54900e-07    7.58600e-07    7.38400e-07
    7.43900e-07    7.78500e-07    7.91500e-07    8.31000e-07
    8.74500e-07    9.55800e-07    1.03800e-06    1.17300e-06
    1.30400e-06    1.45200e-06    1.67100e-06    1.93100e-06
    2.23900e-06    2.57800e-06    3.03200e-06    3.33400e-06
    3.98000e-06    4.30000e-06    4.51800e-06    5.32100e-06
    5.50800e-06    6.21100e-06    6.59000e-06    7.04600e-06
    7.55500e-06    7.55800e-06    7.87500e-06    8.31900e-06
    8.43300e-06    8.59000e-06    8.49900e-06    8.28400e-06
    8.27600e-06    7.58700e-06    7.01400e-06    6.39700e-06
    5.52000e-06    4.88800e-06    4.02400e-06    3.43300e-06
    2.72600e-06    2.16900e-06    1.81100e-06    1.43800e-06
    1.15600e-06    9.27200e-07    7.45500e-07    6.05600e-07
    4.98000e-07    4.11600e-07    3.42500e-07    2.87800e-07
    2.45500e-07    2.11400e-07    1.86200e-07    1.66700e-07
    1.50700e-07    1.37000e-07    1.26000e-07    1.15300e-07
    1.06500e-07    9.81200e-08    9.04500e-08    8.33400e-08
    7.71900e-08    7.13300e-08    6.65300e-08    6.16000e-08
    5.75300e-08    5.34900e-08    5.00500e-08    4.69300e-08
    4.38800e-08    4.12700e-08    3.88300e-08    3.65300e-08
    3.44300e-08    3.25600e-08    3.07500e-08    2.89900e-08
    2.73500e-08    2.58600e-08    2.44300e-08    2.30500e-08
    2.17700e-08    2.04900e-08    1.93800e-08    1.83300e-08
    1.73400e-08    1.63800e-08    1.54800e-08    1.46400e-08
    1.38600e-08    1.31000e-08    1.23900e-08    1.17300e-08
    1.11000e-08    1.05100e-08    9.94700e-09    9.41400e-09
    8.91100e-09    8.43500e-09    7.98900e-09    7.56700e-09
    7.17400e-09    6.80400e-09    6.46000e-09    6.13200e-09
    5.82800e-09    5.55000e-09    5.28600e-09    5.04900e-09
    4.83100e-09    4.65800e-09    4.50500e-09    4.41300e-09
    4.36200e-09    4.48900e-09    4.48700e-09    4.76100e-09
    5.27800e-09    5.63000e-09    6.05600e-09    6.63300e-09
    7.33700e-09    7.95400e-09    8.86900e-09    9.50000e-09
    1.02700e-08    1.08700e-08    1.20400e-08    1.30400e-08
    1.41300e-08    1.52900e-08    1.58600e-08    1.64900e-08
    1.66100e-08    1.70300e-08    1.74100e-08    1.76600e-08
    1.77900e-08    1.81600e-08    1.86600e-08    1.88900e-08
    1.90400e-08    1.89700e-08    1.89300e-08    1.88800e-08
    1.86800e-08    1.89500e-08    1.89900e-08    1.87600e-08
    1.96000e-08    2.02000e-08    2.12100e-08    2.23900e-08
    2.37900e-08    2.52600e-08    2.76600e-08    2.99400e-08
    3.33200e-08    3.70300e-08    4.15800e-08    4.77400e-08
    5.49900e-08    6.35500e-08    7.34900e-08    8.41400e-08
    9.84600e-08    1.14300e-07    1.30700e-07    1.56200e-07
    1.81700e-07    2.01100e-07    2.19200e-07    2.48500e-07
    2.86700e-07    3.03500e-07    3.22300e-07    3.44300e-07
    3.61700e-07    3.79300e-07    3.79300e-07    3.83900e-07
    4.08100e-07    4.11700e-07    4.08500e-07    3.92000e-07
    3.85100e-07    3.75400e-07    3.49000e-07    3.22900e-07
    2.97800e-07    2.69100e-07    2.31200e-07    2.02900e-07
    1.72100e-07    1.47200e-07    1.30800e-07    1.13200e-07
    9.73600e-08    8.45800e-08    7.40200e-08    6.53400e-08
    5.81100e-08    5.23500e-08    4.76200e-08    4.29300e-08
    3.89600e-08    3.52600e-08    3.16500e-08    2.83300e-08
    2.55100e-08    2.28800e-08    2.03600e-08    1.82000e-08
    1.62600e-08    1.43800e-08    1.29900e-08    1.14900e-08
    1.03000e-08    9.14800e-09    8.12200e-09    7.26400e-09
    6.42500e-09    5.77700e-09    5.06000e-09    4.50200e-09
    4.01300e-09    3.56700e-09    3.14500e-09    2.86400e-09
    2.55300e-09    2.31100e-09    2.08700e-09    1.88600e-09
    1.71600e-09    1.55600e-09    1.43200e-09    1.31100e-09
    1.19600e-09    1.09100e-09    1.00600e-09    9.42800e-10
    8.90000e-10    8.43800e-10    8.00500e-10    7.59700e-10
    7.20100e-10    6.81800e-10    6.55000e-10    6.28600e-10
    6.00400e-10    5.73000e-10    5.46600e-10    5.20300e-10
    4.96800e-10    4.74100e-10    4.52000e-10    4.31400e-10
    4.12400e-10    3.94400e-10    3.77700e-10    3.61900e-10
    3.47700e-10    3.34400e-10    3.21700e-10    3.09600e-10
    2.99900e-10    2.89800e-10    2.82600e-10    2.75000e-10
    2.70100e-10    2.65100e-10    2.64100e-10    2.67100e-10
    2.67000e-10    2.74800e-10    2.86300e-10    3.05100e-10
    3.16300e-10    3.28400e-10    3.40800e-10    3.60100e-10
    3.71000e-10    3.87800e-10    4.02800e-10    4.15900e-10
    4.29600e-10    4.37100e-10    4.46300e-10    4.52000e-10
    4.55400e-10    4.71600e-10    4.79100e-10    4.90000e-10
    5.00100e-10    4.99900e-10    5.06100e-10    5.29100e-10
    5.41600e-10    5.99400e-10    6.39400e-10    6.80700e-10
    7.25000e-10    7.84700e-10    8.43000e-10    9.14600e-10
    9.90700e-10    1.06200e-09    1.17000e-09    1.27700e-09
    1.40100e-09    1.52400e-09    1.67400e-09    1.88800e-09
    2.11200e-09    2.32200e-09    2.80800e-09    3.26900e-09
    3.90200e-09    4.61400e-09    5.76300e-09    6.74700e-09
    8.97200e-09    1.11800e-08    1.42800e-08    1.71300e-08
    1.94800e-08    2.09000e-08    2.21100e-08    2.36200e-08
    2.55600e-08    2.72900e-08    2.88000e-08    3.04600e-08
    3.16700e-08    3.36700e-08    3.45700e-08    3.59000e-08
    3.71100e-08    3.82600e-08    4.00100e-08    4.21100e-08
    4.31500e-08    4.66100e-08    5.01000e-08    5.24900e-08
    5.84000e-08    6.62800e-08    7.51200e-08    8.25300e-08
    9.72200e-08    1.06700e-07    1.15300e-07    1.34700e-07
    1.42800e-07    1.57700e-07    1.69400e-07    1.83300e-07
    1.93800e-07    2.10800e-07    2.05900e-07    2.15700e-07
    2.18500e-07    2.20800e-07    2.18200e-07    2.09300e-07
    2.01400e-07    1.96200e-07    1.81900e-07    1.71300e-07
    1.51000e-07    1.34000e-07    1.15400e-07    9.89000e-08
    8.88000e-08    7.67300e-08    6.59900e-08    5.73000e-08
    5.08100e-08    4.56700e-08    4.14700e-08    3.77300e-08
    3.46000e-08    3.19400e-08    2.95300e-08    2.75900e-08
    2.59400e-08    2.44200e-08    2.35500e-08    2.28300e-08
    2.27900e-08    2.23100e-08    2.27900e-08    2.23900e-08
    2.21000e-08    2.30900e-08    2.29300e-08    2.35200e-08
    2.41500e-08    2.43000e-08    2.42600e-08    2.46500e-08
    2.50000e-08    2.49600e-08    2.46500e-08    2.47500e-08
    2.17900e-08    1.93400e-08    1.67600e-08    1.41500e-08
    1.11500e-08    9.14800e-09    7.69200e-09    6.19300e-09
    5.40100e-09    4.34100e-09    3.73400e-09    3.12700e-09
    2.61900e-09    2.18100e-09    1.88700e-09    1.62500e-09
    1.45600e-09    1.30400e-09    1.19000e-09    1.08300e-09
    1.01200e-09    9.15300e-10    8.43400e-10    7.82800e-10
    7.21000e-10    6.66500e-10    6.13600e-10    5.72800e-10
    5.35100e-10    4.98500e-10    4.63300e-10    4.33700e-10
    4.06900e-10    3.82500e-10    3.59600e-10    3.37400e-10
    3.18600e-10    3.00600e-10    2.83700e-10    2.68100e-10
    2.53800e-10    2.40500e-10    2.27700e-10    2.16700e-10
    2.06000e-10    1.96100e-10    1.87100e-10    1.78800e-10
    1.71100e-10    1.63900e-10    1.57400e-10    1.51500e-10
    1.45600e-10    1.41100e-10    1.36500e-10    1.31500e-10
    1.29600e-10    1.26200e-10    1.26400e-10    1.25700e-10
    1.25200e-10    1.32700e-10    1.39200e-10    1.51900e-10
    1.66400e-10    1.91100e-10    2.27600e-10    2.70200e-10
    3.08600e-10    3.37800e-10    3.63200e-10    3.95700e-10
    4.36000e-10    4.70100e-10    5.03000e-10    5.38100e-10
    5.79300e-10    6.19000e-10    6.59600e-10    7.00400e-10
    7.56100e-10    7.93400e-10    8.55200e-10    9.14200e-10
    9.57000e-10    1.02700e-09    1.09700e-09    1.19300e-09
    1.33400e-09    1.47000e-09    1.63600e-09    1.87100e-09
    2.12200e-09    2.51900e-09    2.80600e-09    3.20300e-09
    3.84600e-09    4.36200e-09    5.11400e-09    5.64300e-09
    6.30500e-09    6.98100e-09    7.98300e-09    8.78300e-09
    9.41900e-09    1.01700e-08    1.06300e-08    1.12100e-08
    1.13000e-08    1.20100e-08    1.22500e-08    1.23200e-08
    1.22300e-08    1.17700e-08    1.15100e-08    1.11600e-08
    1.04700e-08    9.69800e-09    8.73400e-09    8.20200e-09
    7.04100e-09    6.07400e-09    5.17200e-09    4.46800e-09
    3.91300e-09    3.41400e-09    2.97500e-09    2.65000e-09
    2.40600e-09    2.17300e-09    2.00900e-09    1.86100e-09
    1.72700e-09    1.61200e-09    1.51400e-09    1.43000e-09
    1.36200e-09    1.33300e-09    1.28800e-09    1.24900e-09
    1.23800e-09    1.22800e-09    1.21700e-09    1.20200e-09
    1.20900e-09    1.17700e-09    1.15700e-09    1.16500e-09
    1.14200e-09    1.13100e-09    1.13800e-09    1.12700e-09
    1.13100e-09    1.03900e-09    9.04900e-10    8.11800e-10
    6.36900e-10    5.32900e-10    4.01600e-10    3.32900e-10
    2.69800e-10    2.53900e-10    2.23600e-10    1.81400e-10
    1.56000e-10    1.38500e-10    1.13500e-10    9.91800e-11
    8.39100e-11    7.49600e-11    6.71500e-11    6.10500e-11
    5.58500e-11    5.16000e-11    4.76400e-11    4.40100e-11
    4.09900e-11    3.81600e-11    3.56500e-11    3.34200e-11
    3.14200e-11    2.95400e-11    2.77600e-11    2.62400e-11
    2.48500e-11    2.35500e-11    2.23700e-11    2.12800e-11
    2.03100e-11    1.94200e-11    1.85900e-11    1.78500e-11
    1.71800e-11    1.65800e-11    1.60300e-11    1.55500e-11
    1.51400e-11    1.47700e-11    1.44700e-11    1.42300e-11
    1.40500e-11    1.39300e-11    1.38800e-11    1.38800e-11
    1.39600e-11    1.40900e-11    1.43000e-11    1.45900e-11
    1.49400e-11    1.53800e-11    1.59000e-11    1.65000e-11
    1.71900e-11    1.80000e-11    1.89000e-11    1.99600e-11
    2.11800e-11    2.24700e-11    2.39100e-11    2.56300e-11
    2.69500e-11    2.86600e-11    3.09600e-11    3.39200e-11
    3.80600e-11    4.26100e-11    4.74800e-11    5.32300e-11
    5.93500e-11    6.61900e-11    7.41800e-11    8.29400e-11
    9.26000e-11    1.03900e-10    1.15600e-10    1.29700e-10
    1.46000e-10    1.64100e-10    1.85800e-10    2.10000e-10
    2.38300e-10    2.72400e-10    3.11600e-10    3.53800e-10
    4.17300e-10    4.72700e-10    5.50300e-10    6.33700e-10
    7.32000e-10    8.29800e-10    9.32800e-10    1.05900e-09
    1.17600e-09    1.32800e-09    1.44500e-09    1.59300e-09
    1.77000e-09    1.95400e-09    2.17500e-09    2.40500e-09
    2.62200e-09    2.90600e-09    3.29400e-09    3.71300e-09
    3.98000e-09    4.38400e-09    4.98700e-09    5.31100e-09
    5.87400e-09    6.33700e-09    7.02700e-09    7.39000e-09
    7.76900e-09    8.37400e-09    8.60500e-09    9.16500e-09
    9.41500e-09    9.51100e-09    9.70400e-09    9.58800e-09
    9.45000e-09    9.08600e-09    8.79800e-09    8.46900e-09
    7.69700e-09    7.16800e-09    6.25500e-09    5.77200e-09
    4.97000e-09    4.27100e-09    3.65300e-09    3.15400e-09
    2.74200e-09    2.43500e-09    2.16600e-09    1.93600e-09
    1.73100e-09    1.55600e-09    1.39900e-09    1.27200e-09
    1.15700e-09    1.06600e-09    9.84400e-10    9.25800e-10
    8.78700e-10    8.42100e-10    8.08300e-10    8.04600e-10
    8.06700e-10    8.18100e-10    8.32500e-10    8.51700e-10
    9.15100e-10    9.35100e-10    9.67700e-10    1.07100e-09
    1.12600e-09    1.21900e-09    1.29700e-09    1.40800e-09
    1.47600e-09    1.51700e-09    1.60000e-09    1.64900e-09
    1.67800e-09    1.74600e-09    1.76400e-09    1.74100e-09
    1.70300e-09    1.50600e-09    1.29800e-09    1.06600e-09
    8.87200e-10    7.67600e-10    5.31300e-10    4.97800e-10
    4.16300e-10    3.52700e-10    2.92900e-10    2.37200e-10
    1.99200e-10    1.76700e-10    1.58800e-10    1.41900e-10
    1.27500e-10    1.18600e-10    1.08200e-10    9.39000e-11
    8.11000e-11    7.03900e-11    6.36600e-11    5.96800e-11
    5.54700e-11    5.20200e-11    4.73000e-11    4.24000e-11
    3.96900e-11    3.53500e-11    3.21900e-11    2.91600e-11
    2.67700e-11    2.44500e-11    2.27900e-11    2.10700e-11
    1.95000e-11    1.83000e-11    1.71600e-11    1.61700e-11
    1.53600e-11    1.46300e-11    1.39400e-11    1.33100e-11
    1.27300e-11    1.22000e-11    1.17100e-11    1.12900e-11
    1.09100e-11    1.05700e-11    1.02800e-11    1.00200e-11
    9.80100e-12    9.61800e-12    9.47100e-12    9.37100e-12
    9.31300e-12    9.31100e-12    9.38700e-12    9.54700e-12
    9.79900e-12    1.01300e-11    1.08200e-11    1.14100e-11
    1.22000e-11    1.35200e-11    1.53800e-11    1.73200e-11
    1.97800e-11    2.36600e-11    2.89600e-11    3.60100e-11
    4.25900e-11    4.73700e-11    5.08900e-11    5.59200e-11
    6.10900e-11    6.62800e-11    7.38100e-11    8.08800e-11
    8.96600e-11    1.04500e-10    1.12000e-10    1.28700e-10
    1.48600e-10    1.66200e-10    1.86600e-10    2.13300e-10
    2.52400e-10    2.77600e-10    3.20400e-10    3.55900e-10
    4.02800e-10    4.44800e-10    4.88200e-10    5.24400e-10
    5.60500e-10    6.01800e-10    6.32800e-10    6.57900e-10
    6.54100e-10    7.02400e-10    7.07400e-10    7.06800e-10
    7.00900e-10    6.69800e-10    6.54500e-10    6.20900e-10
    5.83400e-10    5.41200e-10    5.00100e-10    4.23100e-10
    3.72700e-10    3.21100e-10    2.83300e-10    2.44700e-10
    2.09700e-10    1.84300e-10    1.63900e-10    1.44900e-10
    1.27000e-10    1.16100e-10    1.03300e-10    9.28200e-11
    8.40700e-11    7.63900e-11    7.02300e-11    6.47400e-11
    6.14200e-11    5.76000e-11    5.56800e-11    5.47200e-11
    5.39000e-11    5.45500e-11    5.54000e-11    5.58700e-11
    6.23000e-11    6.49000e-11    6.86800e-11    7.38200e-11
    8.02200e-11    8.37200e-11    9.24300e-11    1.00400e-10
    1.06200e-10    1.13000e-10    1.17600e-10    1.24400e-10
    1.27900e-10    1.29800e-10    1.31500e-10    1.30800e-10
    1.28400e-10    1.13800e-10    9.89800e-11    7.97200e-11
    6.26100e-11    4.86000e-11    3.91600e-11    3.41600e-11
    3.04300e-11    2.27700e-11    1.99900e-11    1.63200e-11
    1.32600e-11    1.12700e-11    9.68000e-12    8.47400e-12
    7.49000e-12    6.68800e-12    6.01200e-12    5.46800e-12
    5.01000e-12    4.62300e-12    4.28500e-12    3.99400e-12
    3.74100e-12    3.51900e-12    3.32600e-12    3.15700e-12
    3.01100e-12    2.88500e-12    2.77300e-12    2.68300e-12
    2.60400e-12    2.54200e-12    2.49300e-12    2.45800e-12
    2.43400e-12    2.42300e-12    2.42400e-12    2.44000e-12
    2.46500e-12    2.50600e-12    2.56000e-12    2.62600e-12
    2.70700e-12    2.80300e-12    2.91400e-12    3.03900e-12
    3.18400e-12    3.34500e-12    3.50100e-12    3.67000e-12
    3.91000e-12    4.27300e-12    4.77000e-12    5.34700e-12
    5.97800e-12    6.68200e-12    7.46700e-12    8.34000e-12
    9.29300e-12    1.03500e-11    1.15200e-11    1.28500e-11
    1.42800e-11    1.58600e-11    1.76400e-11    1.97200e-11
    2.21400e-11    2.47800e-11    2.77600e-11    3.15100e-11
    3.59100e-11    4.10300e-11    4.66000e-11    5.39500e-11
    6.30600e-11    7.17200e-11    8.35800e-11    9.67000e-11
    1.11000e-10    1.32500e-10    1.49400e-10    1.73600e-10
    2.00700e-10    2.29600e-10    2.60800e-10    3.00400e-10
    3.36100e-10    3.72700e-10    4.37300e-10    4.83800e-10
    5.48300e-10    6.00600e-10    6.53500e-10    6.89900e-10
    7.68700e-10    8.44400e-10    8.79800e-10    9.13500e-10
    9.53200e-10    9.75700e-10    9.96800e-10    1.00600e-09
    9.94900e-10    9.78900e-10    9.56400e-10    9.21500e-10
    8.51000e-10    8.39400e-10    7.70700e-10    7.15200e-10
    6.27400e-10    5.59800e-10    5.02800e-10    4.30000e-10
    3.71000e-10    3.24500e-10    2.80900e-10    2.46100e-10
    2.15400e-10    1.91000e-10    1.68500e-10    1.48700e-10
    1.31300e-10    1.16300e-10    1.03100e-10    9.17200e-11
    8.22100e-11    7.38200e-11    6.69300e-11    6.07900e-11
    5.58100e-11    5.16700e-11    4.81100e-11    4.50600e-11
    4.25500e-11    4.08300e-11    3.94900e-11    3.88100e-11
    3.86100e-11    3.85800e-11    3.95100e-11    4.04500e-11
    4.24000e-11    4.48700e-11    4.80600e-11    5.13300e-11
    5.51800e-11    5.91900e-11    6.53300e-11    7.03100e-11
    7.76200e-11    8.30500e-11    9.25200e-11    9.72700e-11
    1.04500e-10    1.11700e-10    1.20000e-10    1.27500e-10
    1.34100e-10    1.36200e-10    1.43800e-10    1.45000e-10
    1.45500e-10    1.45500e-10    1.43400e-10    1.38100e-10
    1.30100e-10    1.27600e-10    1.16300e-10    1.08900e-10
    9.91100e-11    8.94300e-11    7.61800e-11    6.42400e-11
    5.71700e-11    4.86600e-11    4.25700e-11    3.77300e-11
    3.33100e-11    2.95800e-11    2.62900e-11    2.31600e-11
    2.07300e-11    1.84100e-11    1.63500e-11    1.46400e-11
    1.31000e-11    1.16000e-11    1.04700e-11    9.40800e-12
    8.41400e-12    7.52100e-12    6.70500e-12    5.99300e-12
    5.37100e-12    4.81500e-12    4.33800e-12    3.92100e-12
    3.56700e-12    3.26500e-12    3.01000e-12    2.79500e-12
    2.61300e-12    2.46400e-12    2.34600e-12    2.25600e-12
    2.19500e-12    2.16500e-12    2.16600e-12    2.19800e-12
    2.26200e-12    2.36400e-12    2.50200e-12    2.68200e-12
    2.90800e-12    3.18700e-12    3.53300e-12    3.94600e-12
    4.41800e-12    5.01300e-12    5.70800e-12    6.37900e-12
    7.43000e-12    8.39000e-12    9.51000e-12    1.07800e-11
    1.25900e-11    1.43800e-11    1.63000e-11    1.81400e-11
    2.05500e-11    2.34800e-11    2.66400e-11    2.95600e-11
    3.30000e-11    3.67700e-11    4.03200e-11    4.49400e-11
    4.95100e-11    5.45200e-11    6.01400e-11    6.50000e-11
    6.91500e-11    7.45000e-11    7.97100e-11    8.46800e-11
    8.72600e-11    8.99500e-11    9.18200e-11    9.50900e-11
    9.33300e-11    9.38600e-11    9.45700e-11    9.21000e-11
    9.01900e-11    8.68000e-11    8.29800e-11    7.94700e-11
    7.46000e-11    7.08200e-11    6.13200e-11    5.85500e-11
    5.07300e-11    4.46400e-11    3.82500e-11    3.37500e-11
    2.91100e-11    2.53500e-11    2.16000e-11    1.90700e-11
    1.66500e-11    1.46300e-11    1.29100e-11    1.13300e-11
    9.99700e-12    8.83600e-12    7.83900e-12    6.94300e-12
    6.25400e-12    5.60000e-12    5.02900e-12    4.52900e-12
    4.10200e-12    3.73700e-12    3.42800e-12    3.16900e-12
    2.95900e-12    2.79800e-12    2.67500e-12    2.58200e-12
    2.64400e-12    2.55700e-12    2.61400e-12    2.71700e-12
    2.87400e-12    3.05600e-12    3.18700e-12    3.63100e-12
    3.97900e-12    4.24800e-12    4.81700e-12    5.26600e-12
    5.83600e-12    6.36500e-12    6.80700e-12    7.47000e-12
    7.95100e-12    8.63600e-12    8.97200e-12    9.31400e-12
    9.44500e-12    1.00300e-11    1.01300e-11    9.93700e-12
    9.72900e-12    9.06400e-12    9.11900e-12    9.12400e-12
    8.70400e-12    8.07800e-12    7.47000e-12    6.32900e-12
    5.67400e-12    4.80800e-12    4.11900e-12    3.55400e-12
    3.10300e-12    2.73100e-12    2.41500e-12    2.15000e-12
    1.92600e-12    1.73700e-12    1.57800e-12    1.44700e-12
    1.34000e-12    1.25500e-12    1.19100e-12    1.14600e-12
    1.12100e-12    1.11400e-12    1.12600e-12    1.15600e-12
    1.20700e-12    1.27800e-12    1.37200e-12    1.49000e-12
    1.63300e-12    1.80500e-12    2.01000e-12    2.24900e-12
    2.52800e-12    2.85200e-12    3.22800e-12    3.65800e-12
    4.15300e-12    4.72800e-12    5.39400e-12    6.17600e-12
    7.12600e-12    8.18800e-12    9.32800e-12    1.10300e-11
    1.27600e-11    1.41700e-11    1.61500e-11    1.84000e-11
    2.15500e-11    2.42900e-11    2.82600e-11    3.22200e-11
    3.66400e-11    4.14000e-11    4.90600e-11    5.53600e-11
    6.32700e-11    7.08800e-11    8.31600e-11    9.24200e-11
    1.07000e-10    1.22300e-10    1.34100e-10    1.55300e-10
    1.70300e-10    1.90000e-10    2.02200e-10    2.23300e-10
    2.34500e-10    2.43800e-10    2.54600e-10    2.59900e-10
    2.66100e-10    2.70300e-10    2.68600e-10    2.66200e-10
    2.56000e-10    2.55200e-10    2.37800e-10    2.25200e-10
    2.14600e-10    1.88500e-10    1.66800e-10    1.44100e-10
    1.29500e-10    1.11900e-10    9.89300e-11    8.68700e-11
    7.67800e-11    6.68500e-11    5.87900e-11    5.12700e-11
    4.50500e-11    3.99700e-11    3.51100e-11
*END
