*PROFILE
PRESS(PA) TEMP(K) H2O(NONE) O3(NONE) CO2(NONE) O2(NONE) CLFRAC(NONE)
0.5e4	220	4.e-6	1.e-6	5.e-4	0.2	0.0
1.5e4	210	1.e-5	1.e-8	5.e-4	0.2	0.0
2.5e4	220	2.e-5	1.e-8	5.e-4	0.2	0.0
3.5e4	230	5.e-5	1.e-8	5.e-4	0.2	0.0
4.5e4	240	1.e-4	1.e-8	5.e-4	0.2	0.0
5.5e4	250	2.e-4	1.e-8	5.e-4	0.2	0.0
6.5e4	260	5.e-4	1.e-8	5.e-4	0.2	0.0
7.5e4	270	1.e-3	1.e-8	5.e-4	0.2	1.0
8.5e4	280	2.e-3	1.e-8	5.e-4	0.2	0.0
9.5e4	290	5.e-3	1.e-8	5.e-4	0.2	0.0
*END
*PROFILE
PRESS(PA) TLEV(K) 
0.0e4	240
1.0e4	200
2.0e4	215
3.0e4	225
4.0e4	235
5.0e4	245
6.0e4	255
7.0e4	265
8.0e4	275
9.0e4	285
1.0e5	295
*END
*PROFILE
TSTAR(K) PSTAR(PA) PRESS(PA)
300 1.e5 1.e5
*END
