SW: flux down (Wm-2) | flux up (Wm-2) | heating rate (K/day)
       962.30069431      88.45571039       8.49099520
       960.59965674      88.40769733      15.76683526
       958.58478526      88.37339263      20.63998242
       955.36599271      88.32704773      17.03582522
       951.75352106      88.26217686       9.37588826
       947.35387890      88.15171135       5.41334659
       942.13692939      87.84747809       2.85641985
       940.94564394      87.73601162       2.02305089
       939.64669382      87.59313569       1.80492979
       938.29539505      87.42241955       1.63167972
       936.81459591      87.20320951       1.45701302
       935.26677791      86.92283173       1.25712054
       933.63328735      86.56334285       1.07408428
       931.92110627      86.10841288       0.90595063
       930.11092143      85.53375572       0.75481714
       928.19830331      84.83491444       0.63956874
       926.10258803      83.97813823       0.54974933
       923.74321914      82.91929291       0.47671493
       921.22224760      81.70011397       0.42212086
       918.14758808      80.26876334       0.46181317
       913.61595953      78.63062433       0.71748258
       906.69947099      76.78846919       1.12580654
       897.75343016      74.69706197       1.34395322
       887.19254316      72.35989788       1.44442699
       874.60792561      69.73115708       1.55436896
       860.40571343      66.76657115       1.55314897
       844.46609143      63.52146235       1.59738504
       825.86541269      59.96541351       1.71402895
       804.42757057      56.08908573       1.80557891
       779.08049888      51.86655563       1.93583273
       751.09146605      47.52210427       1.99342543
       721.94942584      43.31696458       1.89403438

Supplying surface skin temperature
LW: flux down (Wm-2) | flux up (Wm-2) | heating rate (K/day)
         0.07507910     280.47707650      -6.41218917
         1.10211334     280.77031819      -6.99904111
         1.92830990     280.51490836     -11.27169101
         2.92567346     280.03142799      -7.95202984
         4.21427580     279.36932731      -5.15547680
         6.18301063     278.64597882      -3.39766376
         9.09638391     278.13421055      -1.99149346
         9.81304199     278.17140337      -1.27298447
        10.62843507     278.22685243      -1.18646849
        11.41148223     278.31264358      -0.96367544
        12.26297591     278.53510931      -0.72646627
        13.16311641     278.82856831      -0.60174180
        14.11328633     279.21345247      -0.47658066
        15.07647770     279.72723221      -0.32383726
        16.15281863     280.41608228      -0.23672861
        17.32228428     281.19412203      -0.20625189
        18.58727492     282.12231487      -0.14944590
        20.00289408     283.31399067      -0.08208782
        21.70158656     284.99902762      -0.00442796
        26.13945807     288.12235531      -0.36942151
        35.70973749     292.25700905      -1.34784201
        50.39861920     297.37817071      -2.12272251
        68.28689628     304.28317956      -2.15343366
        86.56321781     312.05370344      -1.84525401
       108.64681009     321.87110027      -1.91506926
       132.73163065     332.45073026      -1.86654836
       159.36411431     344.51690969      -1.83291758
       190.56436415     358.41081830      -1.97170486
       227.11873573     374.58297569      -2.09558785
       265.69180744     392.86357236      -1.85958295
       304.81635997     409.92968615      -1.85970104
       348.90376643     423.52962538      -2.31561701

Supplying surface emission per band for single gridpoint
LW: flux down (Wm-2) | flux up (Wm-2) | heating rate (K/day)
         0.07507910     280.47707407      -6.41218996
         1.10211338     280.77031572      -6.99904178
         1.92830994     280.51490589     -11.27169100
         2.92567349     280.03142552      -7.95202984
         4.21427584     279.36932484      -5.15547681
         6.18301066     278.64597634      -3.39766376
         9.09638395     278.13420806      -1.99149347
         9.81304203     278.17140087      -1.27298448
        10.62843511     278.22684992      -1.18646850
        11.41148227     278.31264107      -0.96367546
        12.26297595     278.53510678      -0.72646628
        13.16311645     278.82856578      -0.60174181
        14.11328637     279.21344991      -0.47658067
        15.07647774     279.72722964      -0.32383727
        16.15281867     280.41607969      -0.23672862
        17.32228432     281.19411943      -0.20625190
        18.58727496     282.12231225      -0.14944591
        20.00289411     283.31398803      -0.08208782
        21.70158659     284.99902496      -0.00442796
        26.13945810     288.12235263      -0.36942151
        35.70973752     292.25700636      -1.34784201
        50.39861923     297.37816800      -2.12272252
        68.28689631     304.28317685      -2.15343367
        86.56321785     312.05370071      -1.84525401
       108.64681013     321.87109752      -1.91506926
       132.73163069     332.45072748      -1.86654836
       159.36411435     344.51690688      -1.83291759
       190.56436420     358.41081543      -1.97170486
       227.11873577     374.58297271      -2.09558786
       265.69180749     392.86356913      -1.85958298
       304.81636002     409.92968231      -1.85970109
       348.90376671     423.52962303      -2.31561691

Supplying mix of emission and skin temperature for tiles
LW: flux down (Wm-2) | flux up (Wm-2) | heating rate (K/day)
         0.07507910     280.47707699      -6.41219001
         1.10211337     280.77031865      -6.99904155
         1.92830992     280.51490883     -11.27169098
         2.92567348     280.03142845      -7.95202984
         4.21427582     279.36932777      -5.15547680
         6.18301065     278.64597928      -3.39766376
         9.09638393     278.13421102      -1.99149346
         9.81304201     278.17140384      -1.27298447
        10.62843509     278.22685289      -1.18646849
        11.41148225     278.31264405      -0.96367544
        12.26297594     278.53510978      -0.72646627
        13.16311643     278.82856878      -0.60174180
        14.11328635     279.21345294      -0.47658066
        15.07647772     279.72723268      -0.32383725
        16.15281865     280.41608275      -0.23672861
        17.32228430     281.19412250      -0.20625189
        18.58727494     282.12231534      -0.14944590
        20.00289410     283.31399114      -0.08208782
        21.70158658     284.99902809      -0.00442796
        26.13945808     288.12235578      -0.36942151
        35.70973751     292.25700953      -1.34784201
        50.39861921     297.37817119      -2.12272251
        68.28689629     304.28318004      -2.15343366
        86.56321782     312.05370392      -1.84525401
       108.64681009     321.87110076      -1.91506925
       132.73163064     332.45073074      -1.86654835
       159.36411430     344.51691018      -1.83291758
       190.56436414     358.41081880      -1.97170486
       227.11873571     374.58297621      -2.09558785
       265.69180743     392.86357294      -1.85958295
       304.81635997     409.92968686      -1.85970103
       348.90376655     423.52963122      -2.31561663
