File of refractive index of soot based on Bond and Bergstrom (200)
*BEGIN_DATA     
     2.00000e-07     1.58600e+00     5.65000e-01
     2.50000e-07     1.71300e+00     7.26000e-01
     3.00000e-07     1.83900e+00     7.58000e-01
     3.37000e-07     1.85000e+00     7.58000e-01
     4.00000e-07     1.85000e+00     7.42000e-01
     4.88000e-07     1.85000e+00     7.26000e-01
     5.15000e-07     1.85000e+00     7.26000e-01
     5.50000e-07     1.85000e+00     7.10000e-01
     6.33000e-07     1.85000e+00     6.94000e-01
     6.94000e-07     1.85000e+00     6.94000e-01
     8.60000e-07     1.85000e+00     6.94000e-01
     1.06000e-06     1.85000e+00     7.10000e-01
     1.30000e-06     1.86100e+00     7.26000e-01
     1.53600e-06     1.87100e+00     7.42000e-01
     1.80000e-06     1.89200e+00     7.75000e-01
     2.00000e-06     1.90300e+00     7.91000e-01
     2.25000e-06     1.91300e+00     8.07000e-01
     2.50000e-06     1.92400e+00     8.23000e-01
     2.70000e-06     1.93500e+00     8.39000e-01
     3.00000e-06     1.94500e+00     8.71000e-01
     3.20000e-06     1.96600e+00     8.71000e-01
     3.39200e-06     1.97700e+00     8.88000e-01
     3.50000e-06     1.98700e+00     9.04000e-01
     3.75000e-06     2.00100e+00     9.20000e-01
     4.00000e-06     2.03000e+00     9.36000e-01
     4.50000e-06     2.00000e+00     7.68000e-01
     5.00000e-06     1.97000e+00     6.00000e-01
     5.50000e-06     1.99000e+00     6.10000e-01
     6.00000e-06     2.02000e+00     6.20000e-01
     6.20000e-06     2.03000e+00     6.25000e-01
     6.50000e-06     2.04000e+00     6.30000e-01
     7.20000e-06     2.06000e+00     6.50000e-01
     7.90000e-06     2.12000e+00     6.70000e-01
     8.20000e-06     2.13000e+00     6.80000e-01
     8.50000e-06     2.15000e+00     6.90000e-01
     8.70000e-06     2.16000e+00     6.90000e-01
     9.00000e-06     2.17000e+00     7.00000e-01
     9.20000e-06     2.18000e+00     7.00000e-01
     9.50000e-06     2.19000e+00     7.10000e-01
     9.80000e-06     2.20000e+00     7.15000e-01
     1.00000e-05     2.21000e+00     7.20000e-01
     1.05910e-05     2.22000e+00     7.30000e-01
     1.10000e-05     2.23000e+00     7.30000e-01
     1.15000e-05     2.24000e+00     7.40000e-01
     1.25000e-05     2.27000e+00     7.50000e-01
     1.30000e-05     2.28000e+00     7.60000e-01
     1.40000e-05     2.31000e+00     7.75000e-01
     1.48000e-05     2.33000e+00     7.90000e-01
     1.50000e-05     2.33000e+00     7.90000e-01
     1.64000e-05     2.36000e+00     8.10000e-01
     1.72000e-05     2.38000e+00     8.20000e-01
     1.80000e-05     2.40000e+00     8.25000e-01
     1.85000e-05     2.41000e+00     8.30000e-01
     2.00000e-05     2.45000e+00     8.50000e-01
     2.13000e-05     2.46000e+00     8.60000e-01
     2.25000e-05     2.48000e+00     8.70000e-01
     2.50000e-05     2.51000e+00     8.90000e-01
     2.79000e-05     2.54000e+00     9.10000e-01
     3.00000e-05     2.57000e+00     9.30000e-01
     3.50000e-05     2.63000e+00     9.70000e-01
     4.00000e-05     2.69000e+00     1.00000e+00
     1.00000e-01     1.00000e+00     0.00000e+00 
*END