*BEGIN_DATA
  2.00000e-07      1.53202    0.0191821
  2.50000e-07      1.53502    0.0191821
  3.00000e-07      1.54029    0.0192835
  3.37000e-07      1.54071    0.0192148
  4.00000e-07      1.54064    0.0187974
  4.88000e-07      1.54058    0.0183806
  5.15000e-07      1.54058    0.0183806
  5.50000e-07      1.54051    0.0179642
  6.33000e-07      1.54045    0.0175484
  6.94000e-07      1.54045    0.0175484
  8.60000e-07      1.54045    0.0175484
  1.06000e-06      1.54051    0.0179642
  1.30000e-06      1.54099    0.0183148
  1.53600e-06      1.54148    0.0186619
  1.80000e-06      1.54244    0.0193454
  2.00000e-06      1.54292    0.0196816
  2.25000e-06      1.54341    0.0200142
  2.50000e-06      1.54390    0.0203429
  2.70000e-06      1.54438    0.0206680
  3.00000e-06      1.54495    0.0213927
  3.20000e-06      1.54576    0.0212199
  3.39200e-06      1.54624    0.0215310
  3.50000e-06      1.54673    0.0218382
  3.75000e-06      1.54761    0.0220477
  4.00000e-06      1.54849    0.0222485
  4.50000e-06      1.54936    0.0224407
  5.00000e-06      1.55061    0.0225234
  5.50000e-06      1.55146    0.0226963
  6.00000e-06      1.55269    0.0227557
  6.20000e-06      1.55311    0.0228339
  6.50000e-06      1.55353    0.0229101
  7.20000e-06      1.55447    0.0234175
  7.90000e-06      1.55683    0.0234488
  8.20000e-06      1.55729    0.0236807
  8.50000e-06      1.55809    0.0237905
  8.70000e-06      1.55844    0.0236725
  9.00000e-06      1.55889    0.0238928
  9.20000e-06      1.55923    0.0237733
  9.50000e-06      1.55969    0.0239880
  9.80000e-06      1.56008    0.0240330
  1.00000e-05      1.56047    0.0240761
  1.05910e-05      1.56092    0.0242813
  1.10000e-05      1.56125    0.0241573
  1.15000e-05      1.56170    0.0243570
  1.25000e-05      1.56278    0.0242995
  1.30000e-05      1.56323    0.0244883
  1.40000e-05      1.56435    0.0245700
  1.48000e-05      1.56516    0.0247686
  1.50000e-05      1.56516    0.0247686
  1.64000e-05      1.56633    0.0249729
  1.72000e-05      1.56705    0.0250006
  1.80000e-05      1.56770    0.0248780
  1.85000e-05      1.56806    0.0248880
  2.00000e-05      1.56946    0.0249146
  2.13000e-05      1.56987    0.0250564
  2.25000e-05      1.57056    0.0250574
  2.50000e-05      1.57164    0.0251829
  2.79000e-05      1.57271    0.0252918
  3.00000e-05      1.57376    0.0253847
  3.50000e-05      1.57582    0.0255245
  4.00000e-05      1.57766    0.0253772
  1.00000E-01      1.00000    0.0000000
*END
