Complex refractive index of ammonium nitrate aerosol.
Sources:
 Re(m) and Im(m) in [2, 20] microns from Jarzembski 
  et al., Appl. Opt., 2003. Values for > 20 microns
  are assumed to be that at 20 microns.
 Re(m) at 0.5876 microns is 1.611 from CRC Handbook
  of Chem and Phys, 58th edition, 1971 and is
  extended to cover [0.1, 2] microns.
 Im(m) in [0.7-2] microns from Gosse et al., Appl.
  Opt., 1997 for a solution at 25%.
 Im(m) in [0.1, 0.7] is set to a small value (using
 0 can lead to negative absorptions in the scattering
 code).
 
     Wavelength (m)  Real Part       Imaginary Part
*BEGIN_DATA
     1.00000e-07     1.61100e+00     1.00e-8
     3.00000e-07     1.61100e+00     1.00e-8
     4.05000e-07     1.61100e+00     1.00e-8
     5.35000e-07     1.61100e+00     1.00e-8
     5.87600e-07     1.61100e+00     1.00e-8
     6.56000e-07     1.61100e+00     1.00e-8
     7.06000e-07     1.61100e+00     1.48e-8
     8.00000e-07     1.61100e+00     1.06e-7
     1.00000e-06     1.61100e+00     3.15e-6
     1.07000e-06     1.61100e+00     1.57e-6
     1.15000e-06     1.61100e+00     8.06e-6
     1.20000e-06     1.61100e+00     1.08e-5
     1.30000e-06     1.61100e+00     1.34e-5
     1.40000e-06     1.61100e+00     1.51e-4
     1.50000e-06     1.61100e+00     1.99e-4
     1.58000e-06     1.61100e+00     1.10e-4
     1.60000e-06     1.61100e+00     9.58e-4
     1.70000e-06     1.61100e+00     6.82e-5
     1.80000e-06     1.61100e+00     1.23e-4
     1.90000e-06     1.61100e+00     1.26e-3
     2.00000e-06     1.61100e+00     1.08e-3
 2.17e-6 1.56 2.75e-3
 2.22e-6 1.55 5.67e-3
 2.27e-6 1.55 1.91e-3
 2.30e-6 1.55 5.88e-3
 2.33e-6 1.55 1.96e-3
 2.38e-6 1.54 1.00e-3
 2.44e-6 1.53 3.09e-3
 2.50e-6 1.53 3.17e-3
 2.56e-6 1.51 0.00
 2.63e-6 1.50 8.84e-4
 2.70e-6 1.48 1.13e-3
 2.78e-6 1.44 9.51e-3
 2.86e-6 1.40 2.40e-2
 2.94e-6 1.31 5.53e-2
 3.03e-6 1.25 2.09e-1
 3.12e-6 1.35 4.59e-1
 3.20e-6 1.55 5.07e-1
 3.25e-6 1.66 4.77e-1
 3.27e-6 1.69 4.18e-1
 3.32e-6 1.72 4.25e-1
 3.36e-6 1.81 4.16e-1
 3.37e-6 1.83 3.58e-1
 3.39e-6 1.82 3.11e-1
 3.43e-6 1.81 2.80e-1
 3.45e-6 1.82 2.74e-1
 3.47e-6 1.83 2.39e-1
 3.51e-6 1.83 2.09e-1
 3.55e-6 1.83 1.70e-1
 3.57e-6 1.82 1.50e-1
 3.61e-6 1.82 1.23e-1
 3.64e-6 1.81 1.01e-1
 3.70e-6 1.78 6.58e-2
 3.77e-6 1.75 5.16e-2
 3.88e-6 1.71 3.43e-2
 3.97e-6 1.68 2.78e-2
 3.98e-6 1.68 2.79e-2
 4.03e-6 1.67 3.57e-2
 4.07e-6 1.66 3.41e-2
 4.14e-6 1.64 5.66e-2
 4.17e-6 1.64 7.40e-2
 4.18e-6 1.64 1.04e-1
 4.20e-6 1.70 5.75e-2
 4.26e-6 1.68 2.98e-2
 4.31e-6 1.66 1.85e-2
 4.39e-6 1.65 1.12e-2
 4.55e-6 1.61 1.08e-2
 4.78e-6 1.57 2.06e-2
 4.85e-6 1.57 2.74e-2
 4.90e-6 1.56 2.11e-2
 4.95e-6 1.55 2.57e-2
 5.11e-6 1.53 4.33e-2
 5.15e-6 1.53 4.37e-2
 5.26e-6 1.51 3.93e-2
 5.46e-6 1.46 4.84e-2
 5.56e-6 1.44 6.13e-2
 5.62e-6 1.38 6.20e-2
 5.65e-6 1.33 7.73e-2
 5.68e-6 1.35 2.90e-1
 5.73e-6 1.49 1.08e-1
 5.80e-6 1.45 1.41e-1
 5.85e-6 1.43 1.45e-1
 5.92e-6 1.44 1.44e-1
 6.02e-6 1.42 1.30e-1
 6.13e-6 1.39 1.29e-1
 6.25e-6 1.33 1.34e-1
 6.37e-6 1.27 1.55e-1
 6.49e-6 1.17 2.00e-1
 6.67e-6 1.00 3.40e-1
 6.76e-6 0.85 4.65e-1
 6.85e-6 0.84 8.49e-1
 6.99e-6 1.05 1.17e-0
 7.04e-6 1.16 1.26e-0
 7.14e-6 1.50 1.67e-0
 7.17e-6 1.64 1.68e-0
 7.19e-6 1.77 1.69e-0
 7.34e-6 2.38 1.31e-0
 7.46e-6 2.56 9.25e-1
 7.69e-6 2.45 4.57e-1
 7.81e-6 2.37 3.40e-1
 8.20e-6 2.18 1.94e-1
 8.47e-6 2.11 1.59e-1
 8.62e-6 2.09 1.40e-1
 8.93e-6 2.04 1.22e-1
 9.10e-6 2.03 1.15e-1
 9.35e-6 2.02 1.05e-1
 9.45e-6 2.02 7.49e-2
 9.60e-6 2.03 8.94e-2
 9.62e-6 2.02 7.17e-2
 9.80e-6 1.98 6.42e-2
10.00e-6 1.95 6.36e-2
10.20e-6 1.95 6.49e-2
10.42e-6 1.94 6.16e-2
10.60e-6 1.94 4.84e-2
10.66e-6 1.93 4.59e-2
11.11e-6 1.91 3.80e-2
11.36e-6 1.88 2.70e-2
11.63e-6 1.85 2.77e-2
11.90e-6 1.62 5.12e-2
12.05e-6 1.57 2.59e-1
12.16e-6 2.72 9.66e-1
12.20e-6 2.54 1.67e-1
12.24e-6 2.46 3.13e-2
12.50e-6 1.98 5.25e-3
13.51e-6 1.89 2.87e-2
13.74e-6 1.85 3.51e-2
13.89e-6 1.87 7.21e-2
13.95e-6 1.88 1.04e-1
14.08e-6 1.94 2.38e-2
14.29e-6 1.90 1.81e-2
14.71e-6 1.89 0.00
16.13e-6 1.85 1.36e-2
17.24e-6 1.84 1.45e-2
19.23e-6 1.81 2.44e-2
20.00e-6 1.82 4.24e-2
     2.22000e-05     1.85 1.36e-2
     2.50000e-05     1.85 1.36e-2
     2.86000e-05     1.85 1.36e-2
     3.33000e-05     1.85 1.36e-2
     4.00000e-05     1.85 1.36e-2
 1.00e-1 1.00 0.00
*END
