Fossil-fuel organic carbon
Real part is assumed to be that of biomass-burning (aged).
Imaginary part set to 0.006i (i.e. less absorbing)
*BEGIN_DATA
  2.00000e-07      1.53202    0.006
  2.50000e-07      1.53502    0.006
  3.00000e-07      1.54029    0.006
  3.37000e-07      1.54071    0.006
  4.00000e-07      1.54064    0.006
  4.88000e-07      1.54058    0.006
  5.15000e-07      1.54058    0.006
  5.50000e-07      1.54051    0.006
  6.33000e-07      1.54045    0.006
  6.94000e-07      1.54045    0.006
  8.60000e-07      1.54045    0.006
  1.06000e-06      1.54051    0.006
  1.30000e-06      1.54099    0.006
  1.53600e-06      1.54148    0.006
  1.80000e-06      1.54244    0.006
  2.00000e-06      1.54292    0.006
  2.25000e-06      1.54341    0.006
  2.50000e-06      1.54390    0.006
  2.70000e-06      1.54438    0.006
  3.00000e-06      1.54495    0.006
  3.20000e-06      1.54576    0.006
  3.39200e-06      1.54624    0.006
  3.50000e-06      1.54673    0.006
  3.75000e-06      1.54761    0.006
  4.00000e-06      1.54849    0.006
  4.50000e-06      1.54936    0.006
  5.00000e-06      1.55061    0.006
  5.50000e-06      1.55146    0.006
  6.00000e-06      1.55269    0.006
  6.20000e-06      1.55311    0.006
  6.50000e-06      1.55353    0.006
  7.20000e-06      1.55447    0.006
  7.90000e-06      1.55683    0.006
  8.20000e-06      1.55729    0.006
  8.50000e-06      1.55809    0.006
  8.70000e-06      1.55844    0.006
  9.00000e-06      1.55889    0.006
  9.20000e-06      1.55923    0.006
  9.50000e-06      1.55969    0.006
  9.80000e-06      1.56008    0.006
  1.00000e-05      1.56047    0.006
  1.05910e-05      1.56092    0.006
  1.10000e-05      1.56125    0.006
  1.15000e-05      1.56170    0.006
  1.25000e-05      1.56278    0.006
  1.30000e-05      1.56323    0.006
  1.40000e-05      1.56435    0.006
  1.48000e-05      1.56516    0.006
  1.50000e-05      1.56516    0.006
  1.64000e-05      1.56633    0.006
  1.72000e-05      1.56705    0.006
  1.80000e-05      1.56770    0.006
  1.85000e-05      1.56806    0.006
  2.00000e-05      1.56946    0.006
  2.13000e-05      1.56987    0.006
  2.25000e-05      1.57056    0.006
  2.50000e-05      1.57164    0.006
  2.79000e-05      1.57271    0.006
  3.00000e-05      1.57376    0.006
  3.50000e-05      1.57582    0.006
  4.00000e-05      1.57766    0.006
  1.00000e-01      1.00000    0.000
*END
