File of Wavelengths used by the SRA for aerosol properties.
*BEGIN_DATA
2.00000e-07
2.50000e-07
3.00000e-07
3.37000e-07
4.00000e-07
4.88000e-07
5.15000e-07
5.50000e-07
6.33000e-07
6.94000e-07
8.60000e-07
1.06000e-06
1.30000e-06
1.53600e-06
1.80000e-06
2.00000e-06
2.25000e-06
2.50000e-06
2.70000e-06
3.00000e-06
3.20000e-06
3.39200e-06
3.50000e-06
3.75000e-06
4.00000e-06
4.50000e-06
5.00000e-06
5.50000e-06
6.00000e-06
6.20000e-06
6.50000e-06
7.20000e-06
7.90000e-06
8.20000e-06
8.50000e-06
8.70000e-06
9.00000e-06
9.20000e-06
9.50000e-06
9.80000e-06
1.00000e-05
1.05910e-05
1.10000e-05
1.15000e-05
1.25000e-05
1.30000e-05
1.40000e-05
1.48000e-05
1.50000e-05
1.64000e-05
1.72000e-05
1.80000e-05
1.85000e-05
2.00000e-05
2.13000e-05
2.25000e-05
2.50000e-05
2.79000e-05
3.00000e-05
3.50000e-05
4.00000e-05
1.00000e-02
*END
