*PROFILE
PRESS(MB) OCS(PPMV) SO2(PPMV) CFC11(PPMV) CFC12(PPMV)
 1.013E+03  6.00E-04  3.00E-04  1.400E-04  2.400E-04
 9.020E+02  5.90E-04  2.74E-04  1.400E-04  2.400E-04
 8.020E+02  5.80E-04  2.36E-04  1.399E-04  2.399E-04
 7.100E+02  5.70E-04  1.90E-04  1.399E-04  2.399E-04
 6.280E+02  5.62E-04  1.46E-04  1.398E-04  2.398E-04
 5.540E+02  5.55E-04  1.18E-04  1.397E-04  2.398E-04
 4.870E+02  5.48E-04  9.71E-05  1.396E-04  2.397E-04
 4.260E+02  5.40E-04  8.30E-05  1.396E-04  2.396E-04
 3.720E+02  5.32E-04  7.21E-05  1.395E-04  2.395E-04
 3.240E+02  5.25E-04  6.56E-05  1.394E-04  2.394E-04
 2.810E+02  5.18E-04  6.08E-05  1.392E-04  2.393E-04
 2.430E+02  5.09E-04  5.79E-05  1.389E-04  2.390E-04
 2.090E+02  4.98E-04  5.60E-05  1.386E-04  2.387E-04
 1.790E+02  4.82E-04  5.59E-05  1.368E-04  2.370E-04
 1.530E+02  4.60E-04  5.64E-05  1.349E-04  2.353E-04
 1.300E+02  4.26E-04  5.75E-05  1.292E-04  2.300E-04
 1.110E+02  3.88E-04  5.75E-05  1.234E-04  2.247E-04
 9.500E+01  3.48E-04  5.37E-05  1.138E-04  2.157E-04
 8.120E+01  3.09E-04  4.78E-05  1.041E-04  2.066E-04
 6.950E+01  2.74E-04  3.97E-05  9.216E-05  1.952E-04
 5.950E+01  2.41E-04  3.19E-05  8.021E-05  1.838E-04
 5.100E+01  2.14E-04  2.67E-05  6.799E-05  1.712E-04
 4.370E+01  1.88E-04  2.28E-05  5.576E-05  1.585E-04
 3.760E+01  1.64E-04  2.07E-05  4.480E-05  1.452E-04
 3.220E+01  1.37E-04  1.90E-05  3.384E-05  1.319E-04
 2.770E+01  1.08E-04  1.75E-05  2.550E-05  1.183E-04
 1.907E+01  6.70E-05  1.54E-05  9.634E-06  8.552E-05
 1.320E+01  2.96E-05  1.34E-05  2.441E-06  5.683E-05
 9.300E+00  1.21E-05  1.21E-05  5.553E-07  3.498E-05
 6.520E+00  4.31E-06  1.16E-05  1.024E-07  2.013E-05
 4.640E+00  1.60E-06  1.21E-05  1.581E-08  1.111E-05
 3.330E+00  6.71E-07  1.36E-05  1.939E-09  6.014E-06
 2.410E+00  4.35E-07  1.65E-05  3.811E-10  3.446E-06
 1.760E+00  3.34E-07  2.10E-05  7.716E-11  1.998E-06
 1.290E+00  2.80E-07  2.77E-05  1.585E-11  1.181E-06
 9.510E-01  2.47E-07  3.56E-05  3.658E-12  7.687E-07
 5.150E-01  2.28E-07  4.59E-05  4.173E-13  3.876E-07
 2.720E-01  2.16E-07  5.15E-05  3.465E-14  1.818E-07
 1.390E-01  2.08E-07  5.11E-05  3.353E-15  8.265E-08
 6.700E-02  2.03E-07  4.32E-05  2.383E-16  3.432E-08
 3.000E-02  1.98E-07  2.83E-05  2.084E-17  1.380E-08
 1.200E-02  1.95E-07  1.33E-05  1.346E-18  4.984E-09
 4.480E-03  1.92E-07  5.56E-06  1.080E-19  1.704E-09
 1.640E-03  1.89E-07  2.24E-06  6.099E-21  4.917E-10
 6.250E-04  1.87E-07  8.96E-07  4.246E-22  1.272E-10
 2.580E-04  1.85E-07  3.58E-07  1.923E-23  2.351E-11
 1.170E-04  1.83E-07  1.43E-07  1.110E-24  3.640E-12
 6.110E-05  1.81E-07  5.73E-08  5.158E-26  4.251E-13
 3.560E-05  1.80E-07  2.29E-08  3.393E-27  4.981E-14
 2.270E-05  1.78E-07  9.17E-09  3.738E-28  8.792E-15                        
*END
