# ! Wavenumber (cm^-1) / Cs(296 K) (cm^2 molec^-1 atm^-1)
0.0000e+00 0.0000e+00
1.0000e+01 5.5601e-22
2.0000e+01 2.2530e-21
3.0000e+01 4.8967e-21
4.0000e+01 8.5013e-21
5.0000e+01 1.2478e-20
6.0000e+01 1.7553e-20
7.0000e+01 2.2294e-20
8.0000e+01 2.7818e-20
9.0000e+01 3.2573e-20
1.0000e+02 3.6179e-20
1.1000e+02 4.0683e-20
1.2000e+02 4.2921e-20
1.3000e+02 4.5786e-20
1.4000e+02 4.7545e-20
1.5000e+02 4.5708e-20
1.6000e+02 4.8159e-20
1.7000e+02 4.5341e-20
1.8000e+02 4.6647e-20
1.9000e+02 4.5043e-20
2.0000e+02 4.2331e-20
2.1000e+02 4.2622e-20
2.2000e+02 3.9790e-20
2.3000e+02 3.9074e-20
2.4000e+02 3.5933e-20
2.5000e+02 3.4150e-20
2.6000e+02 3.2099e-20
2.7000e+02 2.9862e-20
2.8000e+02 2.7895e-20
2.9000e+02 2.6198e-20
3.0000e+02 2.3780e-20
3.1000e+02 2.2268e-20
3.2000e+02 2.0331e-20
3.3000e+02 1.8928e-20
3.4000e+02 1.7176e-20
3.5000e+02 1.6008e-20
3.6000e+02 1.4504e-20
3.7000e+02 1.3196e-20
3.8000e+02 1.2074e-20
3.9000e+02 1.0978e-20
4.0000e+02 1.0061e-20
4.1000e+02 9.1346e-21
4.2000e+02 8.4084e-21
4.3000e+02 7.5948e-21
4.4000e+02 6.9130e-21
4.5000e+02 6.2929e-21
4.6000e+02 5.7394e-21
4.7000e+02 5.2098e-21
4.8000e+02 4.7495e-21
4.9000e+02 4.3204e-21
5.0000e+02 3.9268e-21
5.1000e+02 3.5772e-21
5.2000e+02 3.2640e-21
5.3000e+02 2.9682e-21
5.4000e+02 2.7019e-21
5.5000e+02 2.4628e-21
5.6000e+02 2.2456e-21
5.7000e+02 2.0516e-21
5.8000e+02 1.8722e-21
5.9000e+02 1.7132e-21
6.0000e+02 1.5701e-21
6.1000e+02 1.4411e-21
6.2000e+02 1.3236e-21
6.3000e+02 1.2180e-21
6.4000e+02 1.1236e-21
6.5000e+02 1.0379e-21
6.6000e+02 9.6086e-22
6.7000e+02 8.9145e-22
6.8000e+02 8.2835e-22
6.9000e+02 7.7208e-22
7.0000e+02 7.2118e-22
7.1000e+02 6.7473e-22
7.2000e+02 6.3286e-22
7.3000e+02 5.9474e-22
7.4000e+02 5.5993e-22
7.5000e+02 5.2860e-22
7.6000e+02 4.9984e-22
7.7000e+02 4.7345e-22
7.8000e+02 4.4922e-22
7.9000e+02 4.2693e-22
8.0000e+02 4.0639e-22
8.1000e+02 3.8725e-22
8.2000e+02 3.7055e-22
8.3000e+02 3.5601e-22
8.4000e+02 3.4238e-22
8.5000e+02 3.3024e-22
8.6000e+02 3.1809e-22
8.7000e+02 3.0601e-22
8.8000e+02 2.9461e-22
8.9000e+02 2.8322e-22
9.0000e+02 2.7204e-22
9.1000e+02 2.6274e-22
9.2000e+02 2.4995e-22
9.3000e+02 2.3810e-22
9.4000e+02 2.2510e-22
9.5000e+02 2.1470e-22
9.6000e+02 2.0607e-22
9.7000e+02 1.9819e-22
9.8000e+02 1.9076e-22
9.9000e+02 1.8360e-22
1.0000e+03 1.7682e-22
1.0100e+03 1.7035e-22
1.0200e+03 1.6431e-22
1.0300e+03 1.5850e-22
1.0400e+03 1.5305e-22
1.0500e+03 1.4797e-22
1.0600e+03 1.4328e-22
1.0700e+03 1.3889e-22
1.0800e+03 1.3502e-22
1.0900e+03 1.3148e-22
1.1000e+03 1.2838e-22
1.1100e+03 1.2576e-22
1.1200e+03 1.2350e-22
1.1300e+03 1.2196e-22
1.1400e+03 1.2105e-22
1.1500e+03 1.2067e-22
1.1600e+03 1.2096e-22
1.1700e+03 1.2216e-22
1.1800e+03 1.2418e-22
1.1900e+03 1.2728e-22
1.2000e+03 1.3125e-22
1.2100e+03 1.3635e-22
1.2200e+03 1.4322e-22
1.2300e+03 1.5140e-22
1.2400e+03 1.6143e-22
1.2500e+03 1.7335e-22
1.2600e+03 2.0440e-22
1.2700e+03 2.1547e-22
1.2800e+03 2.3326e-22
1.2900e+03 2.5656e-22
1.3000e+03 2.8449e-22
1.3100e+03 3.1663e-22
1.3200e+03 3.5336e-22
1.3300e+03 3.9710e-22
1.3400e+03 4.5312e-22
1.3500e+03 5.2761e-22
1.3600e+03 6.2334e-22
1.3700e+03 7.3745e-22
1.3800e+03 8.6516e-22
1.3900e+03 1.0062e-21
1.4000e+03 1.1680e-21
1.4100e+03 1.3627e-21
1.4200e+03 1.6019e-21
1.4300e+03 1.8941e-21
1.4400e+03 2.2422e-21
1.4500e+03 2.6394e-21
1.4600e+03 3.0675e-21
1.4700e+03 3.5086e-21
1.4800e+03 3.9574e-21
1.4900e+03 4.4142e-21
1.5000e+03 4.8677e-21
1.5100e+03 5.2904e-21
1.5200e+03 5.6475e-21
1.5300e+03 5.9009e-21
1.5400e+03 6.0173e-21
1.5500e+03 5.9974e-21
1.5600e+03 5.9050e-21
1.5700e+03 5.8444e-21
1.5800e+03 5.8906e-21
1.5900e+03 6.0341e-21
1.6000e+03 6.1926e-21
1.6100e+03 6.2745e-21
1.6200e+03 6.2389e-21
1.6300e+03 6.1100e-21
1.6400e+03 5.9466e-21
1.6500e+03 5.8031e-21
1.6600e+03 5.7119e-21
1.6700e+03 5.6776e-21
1.6800e+03 5.6704e-21
1.6900e+03 5.6334e-21
1.7000e+03 5.5153e-21
1.7100e+03 5.3008e-21
1.7200e+03 5.0091e-21
1.7300e+03 4.6695e-21
1.7400e+03 4.3038e-21
1.7500e+03 3.9294e-21
1.7600e+03 3.5626e-21
1.7700e+03 3.2098e-21
1.7800e+03 2.8620e-21
1.7900e+03 2.5048e-21
1.8000e+03 2.1378e-21
1.8100e+03 1.7830e-21
1.8200e+03 1.4707e-21
1.8300e+03 1.2177e-21
1.8400e+03 1.0188e-21
1.8500e+03 8.5763e-22
1.8600e+03 7.2193e-22
1.8700e+03 6.0744e-22
1.8800e+03 5.1391e-22
1.8900e+03 4.4097e-22
1.9000e+03 3.8657e-22
1.9100e+03 3.4695e-22
1.9200e+03 3.1763e-22
1.9300e+03 2.9483e-22
1.9400e+03 2.7578e-22
1.9500e+03 2.5792e-22
1.9600e+03 2.3902e-22
1.9700e+03 2.1792e-22
1.9800e+03 1.9475e-22
1.9900e+03 1.7005e-22
2.0000e+03 1.4451e-22
2.0100e+03 1.1943e-22
2.0200e+03 9.6806e-23
2.0300e+03 7.8393e-23
2.0400e+03 6.4697e-23
2.0500e+03 5.4949e-23
2.0600e+03 4.7872e-23
2.0700e+03 4.2391e-23
2.0800e+03 3.7912e-23
2.0900e+03 3.4198e-23
2.1000e+03 3.1110e-23
2.1100e+03 2.8428e-23
2.1200e+03 2.5901e-23
2.1300e+03 2.3406e-23
2.1400e+03 2.1025e-23
2.1500e+03 1.8943e-23
2.1600e+03 1.7248e-23
2.1700e+03 1.5860e-23
2.1800e+03 1.4629e-23
2.1900e+03 1.3485e-23
2.2000e+03 1.2458e-23
2.2100e+03 1.1606e-23
2.2200e+03 1.0943e-23
2.2300e+03 1.0429e-23
2.2400e+03 1.0009e-23
2.2500e+03 9.6413e-24
2.2600e+03 9.3060e-24
2.2700e+03 9.0006e-24
2.2800e+03 8.7331e-24
2.2900e+03 8.5105e-24
2.3000e+03 8.3277e-24
2.3100e+03 8.1707e-24
2.3200e+03 8.0243e-24
2.3300e+03 7.8742e-24
2.3400e+03 7.7039e-24
2.3500e+03 7.5007e-24
2.3600e+03 7.2674e-24
2.3700e+03 7.0240e-24
2.3800e+03 6.7952e-24
2.3900e+03 6.5954e-24
2.4000e+03 6.4246e-24
2.4100e+03 6.2745e-24
2.4200e+03 6.1379e-24
2.4300e+03 6.0120e-24
2.4400e+03 5.8965e-24
2.4500e+03 5.7893e-24
2.4600e+03 5.6846e-24
2.4700e+03 5.5762e-24
2.4800e+03 5.4626e-24
2.4900e+03 5.3503e-24
2.5000e+03 5.2493e-24
2.5100e+03 5.1645e-24
2.5200e+03 5.0935e-24
2.5300e+03 5.0325e-24
2.5400e+03 4.9831e-24
2.5500e+03 4.9502e-24
2.5600e+03 4.9326e-24
2.5700e+03 4.9196e-24
2.5800e+03 4.8985e-24
2.5900e+03 4.8649e-24
2.6000e+03 4.8235e-24
2.6100e+03 4.7815e-24
2.6200e+03 4.7443e-24
2.6300e+03 4.7188e-24
2.6400e+03 4.7184e-24
2.6500e+03 4.7588e-24
2.6600e+03 4.8476e-24
2.6700e+03 4.9732e-24
2.6800e+03 5.1057e-24
2.6900e+03 5.2126e-24
2.7000e+03 5.2794e-24
2.7100e+03 5.3176e-24
2.7200e+03 5.3520e-24
2.7300e+03 5.3985e-24
2.7400e+03 5.4552e-24
2.7500e+03 5.5120e-24
2.7600e+03 5.5662e-24
2.7700e+03 5.6260e-24
2.7800e+03 5.7043e-24
2.7900e+03 5.8132e-24
2.8000e+03 5.9634e-24
2.8100e+03 6.1644e-24
2.8200e+03 6.4230e-24
2.8300e+03 6.7393e-24
2.8400e+03 7.1025e-24
2.8500e+03 7.4901e-24
2.8600e+03 7.8717e-24
2.8700e+03 8.2203e-24
2.8800e+03 8.5216e-24
2.8900e+03 8.7774e-24
2.9000e+03 9.0045e-24
2.9100e+03 9.2358e-24
2.9200e+03 9.5182e-24
2.9300e+03 9.8952e-24
2.9400e+03 1.0391e-23
2.9500e+03 1.1028e-23
2.9600e+03 1.1877e-23
2.9700e+03 1.3085e-23
2.9800e+03 1.4868e-23
2.9900e+03 1.7426e-23
3.0000e+03 2.0818e-23
3.0100e+03 2.4845e-23
3.0200e+03 2.9048e-23
3.0300e+03 3.2903e-23
3.0400e+03 3.6103e-23
3.0500e+03 3.8710e-23
3.0600e+03 4.1068e-23
3.0700e+03 4.3612e-23
3.0800e+03 4.6634e-23
3.0900e+03 5.0014e-23
3.1000e+03 5.3208e-23
3.1100e+03 5.5834e-23
3.1200e+03 5.8393e-23
3.1300e+03 6.2322e-23
3.1400e+03 6.9260e-23
3.1500e+03 8.0144e-23
3.1600e+03 9.4568e-23
3.1700e+03 1.1048e-22
3.1800e+03 1.2453e-22
3.1900e+03 1.3327e-22
3.2000e+03 1.3484e-22
3.2100e+03 1.2996e-22
3.2200e+03 1.2130e-22
3.2300e+03 1.1176e-22
3.2400e+03 1.0312e-22
3.2500e+03 9.5889e-23
3.2600e+03 8.9985e-23
3.2700e+03 8.5239e-23
3.2800e+03 8.1363e-23
3.2900e+03 7.8021e-23
3.3000e+03 7.5221e-23
3.3100e+03 7.3610e-23
3.3200e+03 7.4255e-23
3.3300e+03 7.8068e-23
3.3400e+03 8.5399e-23
3.3500e+03 9.5936e-23
3.3600e+03 1.0867e-22
3.3700e+03 1.2170e-22
3.3800e+03 1.3237e-22
3.3900e+03 1.3862e-22
3.4000e+03 1.4106e-22
3.4100e+03 1.4330e-22
3.4200e+03 1.5026e-22
3.4300e+03 1.6658e-22
3.4400e+03 1.9713e-22
3.4500e+03 2.4742e-22
3.4600e+03 3.1995e-22
3.4700e+03 4.0804e-22
3.4800e+03 4.9535e-22
3.4900e+03 5.6626e-22
3.5000e+03 6.1883e-22
3.5100e+03 6.6746e-22
3.5200e+03 7.3407e-22
3.5300e+03 8.4108e-22
3.5400e+03 1.0189e-21
3.5500e+03 1.3242e-21
3.5600e+03 1.8459e-21
3.5700e+03 2.6722e-21
3.5800e+03 3.8123e-21
3.5900e+03 5.1268e-21
3.6000e+03 6.3343e-21
3.6100e+03 7.1195e-21
3.6200e+03 7.2867e-21
3.6300e+03 6.8681e-21
3.6400e+03 6.1129e-21
3.6500e+03 5.3543e-21
3.6600e+03 4.8525e-21
3.6700e+03 4.7192e-21
3.6800e+03 4.9458e-21
3.6900e+03 5.4583e-21
3.7000e+03 6.1302e-21
3.7100e+03 6.7719e-21
3.7200e+03 7.1673e-21
3.7300e+03 7.1709e-21
3.7400e+03 6.7871e-21
3.7500e+03 6.1566e-21
3.7600e+03 5.4688e-21
3.7700e+03 4.8745e-21
3.7800e+03 4.4450e-21
3.7900e+03 4.1768e-21
3.8000e+03 4.0190e-21
3.8100e+03 3.9046e-21
3.8200e+03 3.7776e-21
3.8300e+03 3.6045e-21
3.8400e+03 3.3712e-21
3.8500e+03 3.0759e-21
3.8600e+03 2.7291e-21
3.8700e+03 2.3517e-21
3.8800e+03 1.9680e-21
3.8900e+03 1.6023e-21
3.9000e+03 1.2803e-21
3.9100e+03 1.0289e-21
3.9200e+03 8.6711e-22
3.9300e+03 7.9363e-22
3.9400e+03 7.8116e-22
3.9500e+03 7.8693e-22
3.9600e+03 7.7527e-22
3.9700e+03 7.3373e-22
3.9800e+03 6.7030e-22
3.9900e+03 5.9934e-22
4.0000e+03 5.3098e-22
4.0100e+03 4.6931e-22
4.0200e+03 4.1445e-22
4.0300e+03 3.6464e-22
4.0400e+03 3.1707e-22
4.0500e+03 2.6865e-22
4.0600e+03 2.1813e-22
4.0700e+03 1.6812e-22
4.0800e+03 1.2442e-22
4.0900e+03 9.2116e-23
4.1000e+03 7.2181e-23
4.1100e+03 6.1583e-23
4.1200e+03 5.6019e-23
4.1300e+03 5.2306e-23
4.1400e+03 4.9090e-23
4.1500e+03 4.6280e-23
4.1600e+03 4.4098e-23
4.1700e+03 4.2463e-23
4.1800e+03 4.1028e-23
4.1900e+03 3.9488e-23
4.2000e+03 3.7792e-23
4.2100e+03 3.6089e-23
4.2200e+03 3.4516e-23
4.2300e+03 3.3053e-23
4.2400e+03 3.1567e-23
4.2500e+03 2.9965e-23
4.2600e+03 2.8286e-23
4.2700e+03 2.6653e-23
4.2800e+03 2.5179e-23
4.2900e+03 2.3899e-23
4.3000e+03 2.2775e-23
4.3100e+03 2.1744e-23
4.3200e+03 2.0773e-23
4.3300e+03 1.9876e-23
4.3400e+03 1.9066e-23
4.3500e+03 1.8312e-23
4.3600e+03 1.7569e-23
4.3700e+03 1.6823e-23
4.3800e+03 1.6104e-23
4.3900e+03 1.5440e-23
4.4000e+03 1.4824e-23
4.4100e+03 1.4234e-23
4.4200e+03 1.3655e-23
4.4300e+03 1.3096e-23
4.4400e+03 1.2574e-23
4.4500e+03 1.2097e-23
4.4600e+03 1.1659e-23
4.4700e+03 1.1251e-23
4.4800e+03 1.0864e-23
4.4900e+03 1.0497e-23
4.5000e+03 1.0150e-23
4.5100e+03 9.8244e-24
4.5200e+03 9.5229e-24
4.5300e+03 9.2467e-24
4.5400e+03 8.9960e-24
4.5500e+03 8.7673e-24
4.5600e+03 8.5579e-24
4.5700e+03 8.3712e-24
4.5800e+03 8.2139e-24
4.5900e+03 8.0841e-24
4.6000e+03 7.9670e-24
4.6100e+03 7.8438e-24
4.6200e+03 7.7061e-24
4.6300e+03 7.5646e-24
4.6400e+03 7.4417e-24
4.6500e+03 7.3555e-24
4.6600e+03 7.3099e-24
4.6700e+03 7.2989e-24
4.6800e+03 7.3188e-24
4.6900e+03 7.3674e-24
4.7000e+03 7.4320e-24
4.7100e+03 7.4806e-24
4.7200e+03 7.4719e-24
4.7300e+03 7.3755e-24
4.7400e+03 7.1878e-24
4.7500e+03 6.9332e-24
4.7600e+03 6.6538e-24
4.7700e+03 6.3908e-24
4.7800e+03 6.1659e-24
4.7900e+03 5.9780e-24
4.8000e+03 5.8156e-24
4.8100e+03 5.6712e-24
4.8200e+03 5.5455e-24
4.8300e+03 5.4421e-24
4.8400e+03 5.3644e-24
4.8500e+03 5.3155e-24
4.8600e+03 5.3000e-24
4.8700e+03 5.3236e-24
4.8800e+03 5.3870e-24
4.8900e+03 5.4790e-24
4.9000e+03 5.5793e-24
4.9100e+03 5.6766e-24
4.9200e+03 5.7872e-24
4.9300e+03 5.9573e-24
4.9400e+03 6.2443e-24
4.9500e+03 6.6884e-24
4.9600e+03 7.2827e-24
4.9700e+03 7.9588e-24
4.9800e+03 8.6087e-24
4.9900e+03 9.1645e-24
5.0000e+03 9.7027e-24
5.0100e+03 1.0508e-23
5.0200e+03 1.2020e-23
5.0300e+03 1.4624e-23
5.0400e+03 1.8377e-23
5.0500e+03 2.2935e-23
5.0600e+03 2.7829e-23
5.0700e+03 3.2813e-23
5.0800e+03 3.7973e-23
5.0900e+03 4.3569e-23
5.1000e+03 4.9865e-23
5.1100e+03 5.7059e-23
5.1200e+03 6.5321e-23
5.1300e+03 7.4831e-23
5.1400e+03 8.5818e-23
5.1500e+03 9.8555e-23
5.1600e+03 1.1335e-22
5.1700e+03 1.3050e-22
5.1800e+03 1.5022e-22
5.1900e+03 1.7253e-22
5.2000e+03 1.9724e-22
5.2100e+03 2.2401e-22
5.2200e+03 2.5255e-22
5.2300e+03 2.8264e-22
5.2400e+03 3.1396e-22
5.2500e+03 3.4594e-22
5.2600e+03 3.7780e-22
5.2700e+03 4.0880e-22
5.2800e+03 4.3853e-22
5.2900e+03 4.6682e-22
5.3000e+03 4.9341e-22
5.3100e+03 5.1760e-22
5.3200e+03 5.3839e-22
5.3300e+03 5.5465e-22
5.3400e+03 5.6523e-22
5.3500e+03 5.6912e-22
5.3600e+03 5.6578e-22
5.3700e+03 5.5532e-22
5.3800e+03 5.3835e-22
5.3900e+03 5.1576e-22
5.4000e+03 4.8857e-22
5.4100e+03 4.5780e-22
5.4200e+03 4.2446e-22
5.4300e+03 3.8955e-22
5.4400e+03 3.5410e-22
5.4500e+03 3.1909e-22
5.4600e+03 2.8537e-22
5.4700e+03 2.5360e-22
5.4800e+03 2.2420e-22
5.4900e+03 1.9736e-22
5.5000e+03 1.7312e-22
5.5100e+03 1.5143e-22
5.5200e+03 1.3220e-22
5.5300e+03 1.1533e-22
5.5400e+03 1.0066e-22
5.5500e+03 8.7981e-23
5.5600e+03 7.7042e-23
5.5700e+03 6.7590e-23
5.5800e+03 5.9396e-23
5.5900e+03 5.2248e-23
5.6000e+03 4.5915e-23
5.6100e+03 4.0105e-23
5.6200e+03 3.4479e-23
5.6300e+03 2.8788e-23
5.6400e+03 2.3098e-23
5.6500e+03 1.7861e-23
5.6600e+03 1.3668e-23
5.6700e+03 1.0845e-23
5.6800e+03 9.2690e-24
5.6900e+03 8.5449e-24
5.7000e+03 8.2758e-24
5.7100e+03 8.1894e-24
5.7200e+03 8.1242e-24
5.7300e+03 7.9910e-24
5.7400e+03 7.7539e-24
5.7500e+03 7.4036e-24
5.7600e+03 6.9253e-24
5.7700e+03 6.3070e-24
5.7800e+03 5.5898e-24
5.7900e+03 4.8798e-24
5.8000e+03 4.2816e-24
5.8100e+03 3.8280e-24
5.8200e+03 3.4894e-24
5.8300e+03 3.2295e-24
5.8400e+03 3.0320e-24
5.8500e+03 2.8892e-24
5.8600e+03 2.7913e-24
5.8700e+03 2.7263e-24
5.8800e+03 2.6792e-24
5.8900e+03 2.6313e-24
5.9000e+03 2.5682e-24
5.9100e+03 2.4886e-24
5.9200e+03 2.4007e-24
5.9300e+03 2.3106e-24
5.9400e+03 2.2200e-24
5.9500e+03 2.1351e-24
5.9600e+03 2.0711e-24
5.9700e+03 2.0448e-24
5.9800e+03 2.0615e-24
5.9900e+03 2.1091e-24
6.0000e+03 2.1616e-24
6.0100e+03 2.1920e-24
6.0200e+03 2.1861e-24
6.0300e+03 2.1476e-24
6.0400e+03 2.0915e-24
6.0500e+03 2.0328e-24
6.0600e+03 1.9807e-24
6.0700e+03 1.9374e-24
6.0800e+03 1.9014e-24
6.0900e+03 1.8698e-24
6.1000e+03 1.8406e-24
6.1100e+03 1.8126e-24
6.1200e+03 1.7853e-24
6.1300e+03 1.7582e-24
6.1400e+03 1.7305e-24
6.1500e+03 1.7012e-24
6.1600e+03 1.6698e-24
6.1700e+03 1.6369e-24
6.1800e+03 1.6041e-24
6.1900e+03 1.5729e-24
6.2000e+03 1.5440e-24
6.2100e+03 1.5170e-24
6.2200e+03 1.4909e-24
6.2300e+03 1.4654e-24
6.2400e+03 1.4417e-24
6.2500e+03 1.4218e-24
6.2600e+03 1.4075e-24
6.2700e+03 1.3992e-24
6.2800e+03 1.3955e-24
6.2900e+03 1.3933e-24
6.3000e+03 1.3895e-24
6.3100e+03 1.3819e-24
6.3200e+03 1.3703e-24
6.3300e+03 1.3559e-24
6.3400e+03 1.3401e-24
6.3500e+03 1.3241e-24
6.3600e+03 1.3087e-24
6.3700e+03 1.2944e-24
6.3800e+03 1.2815e-24
6.3900e+03 1.2706e-24
6.4000e+03 1.2626e-24
6.4100e+03 1.2592e-24
6.4200e+03 1.2621e-24
6.4300e+03 1.2738e-24
6.4400e+03 1.2964e-24
6.4500e+03 1.3323e-24
6.4600e+03 1.3823e-24
6.4700e+03 1.4463e-24
6.4800e+03 1.5234e-24
6.4900e+03 1.6126e-24
6.5000e+03 1.7135e-24
6.5100e+03 1.8260e-24
6.5200e+03 1.9511e-24
6.5300e+03 2.0894e-24
6.5400e+03 2.2413e-24
6.5500e+03 2.4068e-24
6.5600e+03 2.5858e-24
6.5700e+03 2.7786e-24
6.5800e+03 2.9860e-24
6.5900e+03 3.2089e-24
6.6000e+03 3.4489e-24
6.6100e+03 3.7091e-24
6.6200e+03 3.9972e-24
6.6300e+03 4.3322e-24
6.6400e+03 4.7542e-24
6.6500e+03 5.3303e-24
6.6600e+03 6.1510e-24
6.6700e+03 7.3119e-24
6.6800e+03 8.8861e-24
6.6900e+03 1.0895e-23
6.7000e+03 1.3290e-23
6.7100e+03 1.5960e-23
6.7200e+03 1.8759e-23
6.7300e+03 2.1541e-23
6.7400e+03 2.4172e-23
6.7500e+03 2.6528e-23
6.7600e+03 2.8491e-23
6.7700e+03 2.9950e-23
6.7800e+03 3.0827e-23
6.7900e+03 3.1105e-23
6.8000e+03 3.0870e-23
6.8100e+03 3.0312e-23
6.8200e+03 2.9702e-23
6.8300e+03 2.9343e-23
6.8400e+03 2.9526e-23
6.8500e+03 3.0466e-23
6.8600e+03 3.2244e-23
6.8700e+03 3.4774e-23
6.8800e+03 3.7810e-23
6.8900e+03 4.0996e-23
6.9000e+03 4.3961e-23
6.9100e+03 4.6423e-23
6.9200e+03 4.8272e-23
6.9300e+03 4.9584e-23
6.9400e+03 5.0569e-23
6.9500e+03 5.1499e-23
6.9600e+03 5.2645e-23
6.9700e+03 5.4239e-23
6.9800e+03 5.6467e-23
6.9900e+03 5.9489e-23
7.0000e+03 6.3479e-23
7.0100e+03 6.8664e-23
7.0200e+03 7.5288e-23
7.0300e+03 8.3516e-23
7.0400e+03 9.3269e-23
7.0500e+03 1.0403e-22
7.0600e+03 1.1481e-22
7.0700e+03 1.2444e-22
7.0800e+03 1.3218e-22
7.0900e+03 1.3830e-22
7.1000e+03 1.4412e-22
7.1100e+03 1.5134e-22
7.1200e+03 1.6125e-22
7.1300e+03 1.7415e-22
7.1400e+03 1.8952e-22
7.1500e+03 2.0660e-22
7.1600e+03 2.2496e-22
7.1700e+03 2.4438e-22
7.1800e+03 2.6452e-22
7.1900e+03 2.8476e-22
7.2000e+03 3.0421e-22
7.2100e+03 3.2198e-22
7.2200e+03 3.3752e-22
7.2300e+03 3.5070e-22
7.2400e+03 3.6156e-22
7.2500e+03 3.6989e-22
7.2600e+03 3.7521e-22
7.2700e+03 3.7714e-22
7.2800e+03 3.7551e-22
7.2900e+03 3.7029e-22
7.3000e+03 3.6137e-22
7.3100e+03 3.4861e-22
7.3200e+03 3.3207e-22
7.3300e+03 3.1195e-22
7.3400e+03 2.8839e-22
7.3500e+03 2.6145e-22
7.3600e+03 2.3153e-22
7.3700e+03 1.9994e-22
7.3800e+03 1.6892e-22
7.3900e+03 1.4067e-22
7.4000e+03 1.1627e-22
7.4100e+03 9.5566e-23
7.4200e+03 7.7963e-23
7.4300e+03 6.3124e-23
7.4400e+03 5.0965e-23
7.4500e+03 4.1384e-23
7.4600e+03 3.4094e-23
7.4700e+03 2.8657e-23
7.4800e+03 2.4597e-23
7.4900e+03 2.1508e-23
7.5000e+03 1.9094e-23
7.5100e+03 1.7158e-23
7.5200e+03 1.5579e-23
7.5300e+03 1.4270e-23
7.5400e+03 1.3160e-23
7.5500e+03 1.2168e-23
7.5600e+03 1.1217e-23
7.5700e+03 1.0250e-23
7.5800e+03 9.2540e-24
7.5900e+03 8.2653e-24
7.6000e+03 7.3457e-24
7.6100e+03 6.5512e-24
7.6200e+03 5.9068e-24
7.6300e+03 5.4008e-24
7.6400e+03 4.9982e-24
7.6500e+03 4.6615e-24
7.6600e+03 4.3653e-24
7.6700e+03 4.0984e-24
7.6800e+03 3.8590e-24
7.6900e+03 3.6483e-24
7.7000e+03 3.4660e-24
7.7100e+03 3.3090e-24
7.7200e+03 3.1716e-24
7.7300e+03 3.0474e-24
7.7400e+03 2.9316e-24
7.7500e+03 2.8223e-24
7.7600e+03 2.7201e-24
7.7700e+03 2.6264e-24
7.7800e+03 2.5411e-24
7.7900e+03 2.4612e-24
7.8000e+03 2.3815e-24
7.8100e+03 2.2973e-24
7.8200e+03 2.2069e-24
7.8300e+03 2.1121e-24
7.8400e+03 2.0171e-24
7.8500e+03 1.9258e-24
7.8600e+03 1.8414e-24
7.8700e+03 1.7654e-24
7.8800e+03 1.6979e-24
7.8900e+03 1.6382e-24
7.9000e+03 1.5852e-24
7.9100e+03 1.5381e-24
7.9200e+03 1.4962e-24
7.9300e+03 1.4583e-24
7.9400e+03 1.4231e-24
7.9500e+03 1.3898e-24
7.9600e+03 1.3576e-24
7.9700e+03 1.3272e-24
7.9800e+03 1.2993e-24
7.9900e+03 1.2748e-24
8.0000e+03 1.2539e-24
8.0100e+03 1.2365e-24
8.0200e+03 1.2228e-24
8.0300e+03 1.2134e-24
8.0400e+03 1.2094e-24
8.0500e+03 1.2115e-24
8.0600e+03 1.2201e-24
8.0700e+03 1.2354e-24
8.0800e+03 1.2567e-24
8.0900e+03 1.2831e-24
8.1000e+03 1.3133e-24
8.1100e+03 1.3459e-24
8.1200e+03 1.3798e-24
8.1300e+03 1.4141e-24
8.1400e+03 1.4486e-24
8.1500e+03 1.4835e-24
8.1600e+03 1.5195e-24
8.1700e+03 1.5586e-24
8.1800e+03 1.6028e-24
8.1900e+03 1.6537e-24
8.2000e+03 1.7117e-24
8.2100e+03 1.7753e-24
8.2200e+03 1.8413e-24
8.2300e+03 1.9059e-24
8.2400e+03 1.9665e-24
8.2500e+03 2.0218e-24
8.2600e+03 2.0726e-24
8.2700e+03 2.1204e-24
8.2800e+03 2.1668e-24
8.2900e+03 2.2128e-24
8.3000e+03 2.2590e-24
8.3100e+03 2.3058e-24
8.3200e+03 2.3534e-24
8.3300e+03 2.4021e-24
8.3400e+03 2.4523e-24
8.3500e+03 2.5053e-24
8.3600e+03 2.5634e-24
8.3700e+03 2.6306e-24
8.3800e+03 2.7120e-24
8.3900e+03 2.8130e-24
8.4000e+03 2.9377e-24
8.4100e+03 3.0877e-24
8.4200e+03 3.2621e-24
8.4300e+03 3.4573e-24
8.4400e+03 3.6685e-24
8.4500e+03 3.8913e-24
8.4600e+03 4.1229e-24
8.4700e+03 4.3632e-24
8.4800e+03 4.6148e-24
8.4900e+03 4.8819e-24
8.5000e+03 5.1688e-24
8.5100e+03 5.4773e-24
8.5200e+03 5.8049e-24
8.5300e+03 6.1428e-24
8.5400e+03 6.4778e-24
8.5500e+03 6.7946e-24
8.5600e+03 7.0796e-24
8.5700e+03 7.3237e-24
8.5800e+03 7.5217e-24
8.5900e+03 7.6720e-24
8.6000e+03 7.7766e-24
8.6100e+03 7.8416e-24
8.6200e+03 7.8776e-24
8.6300e+03 7.8996e-24
8.6400e+03 7.9285e-24
8.6500e+03 7.9987e-24
8.6600e+03 8.1649e-24
8.6700e+03 8.4949e-24
8.6800e+03 9.0419e-24
8.6900e+03 9.8145e-24
8.7000e+03 1.0776e-23
8.7100e+03 1.1875e-23
8.7200e+03 1.3068e-23
8.7300e+03 1.4314e-23
8.7400e+03 1.5564e-23
8.7500e+03 1.6771e-23
8.7600e+03 1.7904e-23
8.7700e+03 1.8948e-23
8.7800e+03 1.9884e-23
8.7900e+03 2.0691e-23
8.8000e+03 2.1354e-23
8.8100e+03 2.1862e-23
8.8200e+03 2.2182e-23
8.8300e+03 2.2268e-23
8.8400e+03 2.2093e-23
8.8500e+03 2.1672e-23
8.8600e+03 2.1045e-23
8.8700e+03 2.0243e-23
8.8800e+03 1.9278e-23
8.8900e+03 1.8154e-23
8.9000e+03 1.6881e-23
8.9100e+03 1.5486e-23
8.9200e+03 1.4016e-23
8.9300e+03 1.2541e-23
8.9400e+03 1.1129e-23
8.9500e+03 9.8320e-24
8.9600e+03 8.6691e-24
8.9700e+03 7.6346e-24
8.9800e+03 6.7141e-24
8.9900e+03 5.8975e-24
9.0000e+03 4.9680e-24
9.0100e+03 4.3671e-24
9.0200e+03 3.8624e-24
9.0300e+03 3.4278e-24
9.0400e+03 3.0528e-24
9.0500e+03 2.7114e-24
9.0600e+03 2.4263e-24
9.0700e+03 2.1768e-24
9.0800e+03 1.9377e-24
9.0900e+03 1.7307e-24
9.1000e+03 1.5515e-24
9.1100e+03 1.3875e-24
9.1200e+03 1.2312e-24
9.1300e+03 1.0993e-24
9.1400e+03 9.7798e-25
9.1500e+03 8.6083e-25
9.1600e+03 7.7640e-25
9.1700e+03 6.8500e-25
9.1800e+03 6.1313e-25
9.1900e+03 5.4488e-25
9.2000e+03 4.8456e-25
9.2100e+03 4.3388e-25
9.2200e+03 3.8466e-25
9.2300e+03 3.4714e-25
9.2400e+03 3.0381e-25
9.2500e+03 2.7093e-25
9.2600e+03 2.4159e-25
9.2700e+03 2.1460e-25
9.2800e+03 1.8950e-25
9.2900e+03 1.7131e-25
9.3000e+03 1.5252e-25
9.3100e+03 1.3686e-25
9.3200e+03 1.2209e-25
9.3300e+03 1.0972e-25
9.3400e+03 9.7977e-26
9.3500e+03 8.7675e-26
9.3600e+03 7.9204e-26
9.3700e+03 7.1362e-26
9.3800e+03 6.3953e-26
9.3900e+03 5.7457e-26
9.4000e+03 5.2245e-26
9.4100e+03 4.8480e-26
9.4200e+03 4.5517e-26
9.4300e+03 4.2869e-26
9.4400e+03 4.0280e-26
9.4500e+03 3.7885e-26
9.4600e+03 3.5664e-26
9.4700e+03 3.3581e-26
9.4800e+03 3.1663e-26
9.4900e+03 2.9884e-26
9.5000e+03 2.8225e-26
9.5100e+03 2.6676e-26
9.5200e+03 2.5247e-26
9.5300e+03 2.3911e-26
9.5400e+03 2.2677e-26
9.5500e+03 2.1535e-26
9.5600e+03 2.0478e-26
9.5700e+03 1.9504e-26
9.5800e+03 1.8614e-26
9.5900e+03 1.7789e-26
9.6000e+03 1.7050e-26
9.6100e+03 1.6366e-26
9.6200e+03 1.5777e-26
9.6300e+03 1.5273e-26
9.6400e+03 1.4807e-26
9.6500e+03 1.4417e-26
9.6600e+03 1.4162e-26
9.6700e+03 1.3983e-26
9.6800e+03 1.3939e-26
9.6900e+03 1.3944e-26
9.7000e+03 1.4113e-26
9.7100e+03 1.4186e-26
9.7200e+03 1.4376e-26
9.7300e+03 1.4731e-26
9.7400e+03 1.4980e-26
9.7500e+03 1.5502e-26
9.7600e+03 1.6124e-26
9.7700e+03 1.7098e-26
9.7800e+03 1.7712e-26
9.7900e+03 1.8405e-26
9.8000e+03 1.8943e-26
9.8100e+03 1.9885e-26
9.8200e+03 2.0406e-26
9.8300e+03 2.1331e-26
9.8400e+03 2.2130e-26
9.8500e+03 2.2882e-26
9.8600e+03 2.3743e-26
9.8700e+03 2.4290e-26
9.8800e+03 2.5056e-26
9.8900e+03 2.5526e-26
9.9000e+03 2.5888e-26
9.9100e+03 2.6965e-26
9.9200e+03 2.7597e-26
9.9300e+03 2.8459e-26
9.9400e+03 2.9204e-26
9.9500e+03 2.9432e-26
9.9600e+03 2.9990e-26
9.9700e+03 3.1455e-26
9.9800e+03 3.2305e-26
9.9900e+03 3.5854e-26
1.0000e+04 3.8380e-26
1.0010e+04 4.0871e-26
1.0020e+04 4.3627e-26
1.0030e+04 4.7592e-26
1.0040e+04 5.1686e-26
1.0050e+04 5.6762e-26
1.0060e+04 6.2312e-26
1.0070e+04 6.7952e-26
1.0080e+04 7.6265e-26
1.0090e+04 8.4968e-26
1.0100e+04 9.5213e-26
1.0110e+04 1.0535e-25
1.0120e+04 1.1790e-25
1.0130e+04 1.3584e-25
1.0140e+04 1.5393e-25
1.0150e+04 1.7113e-25
1.0160e+04 2.0686e-25
1.0170e+04 2.4022e-25
1.0180e+04 2.8616e-25
1.0190e+04 3.3586e-25
1.0200e+04 4.1514e-25
1.0210e+04 4.7936e-25
1.0220e+04 6.2873e-25
1.0230e+04 7.7462e-25
1.0240e+04 9.7864e-25
1.0250e+04 1.1634e-24
1.0260e+04 1.3123e-24
1.0270e+04 1.4008e-24
1.0280e+04 1.4762e-24
1.0290e+04 1.5847e-24
1.0300e+04 1.7222e-24
1.0310e+04 1.8486e-24
1.0320e+04 1.9670e-24
1.0330e+04 2.1032e-24
1.0340e+04 2.2169e-24
1.0350e+04 2.3722e-24
1.0360e+04 2.4564e-24
1.0370e+04 2.5852e-24
1.0380e+04 2.7050e-24
1.0390e+04 2.8115e-24
1.0400e+04 2.9806e-24
1.0410e+04 3.1605e-24
1.0420e+04 3.2677e-24
1.0430e+04 3.5514e-24
1.0440e+04 3.8263e-24
1.0450e+04 4.0097e-24
1.0460e+04 4.4235e-24
1.0470e+04 4.9712e-24
1.0480e+04 5.5754e-24
1.0490e+04 6.0454e-24
1.0500e+04 7.0108e-24
1.0510e+04 7.5840e-24
1.0520e+04 8.1172e-24
1.0530e+04 9.4328e-24
1.0540e+04 9.9276e-24
1.0550e+04 1.0930e-23
1.0560e+04 1.1700e-23
1.0570e+04 1.2568e-23
1.0580e+04 1.3183e-23
1.0590e+04 1.4275e-23
1.0600e+04 1.3886e-23
1.0610e+04 1.4440e-23
1.0620e+04 1.4486e-23
1.0630e+04 1.4489e-23
1.0640e+04 1.4290e-23
1.0650e+04 1.3770e-23
1.0660e+04 1.3368e-23
1.0670e+04 1.3177e-23
1.0680e+04 1.2367e-23
1.0690e+04 1.1834e-23
1.0700e+04 1.0658e-23
1.0710e+04 9.6508e-24
1.0720e+04 8.4795e-24
1.0730e+04 7.4209e-24
1.0740e+04 6.8070e-24
1.0750e+04 5.9813e-24
1.0760e+04 5.1939e-24
1.0770e+04 4.5212e-24
1.0780e+04 3.9832e-24
1.0790e+04 3.5348e-24
1.0800e+04 3.1633e-24
1.0810e+04 2.8463e-24
1.0820e+04 2.5871e-24
1.0830e+04 2.3739e-24
1.0840e+04 2.1908e-24
1.0850e+04 2.0506e-24
1.0860e+04 1.9244e-24
1.0870e+04 1.8120e-24
1.0880e+04 1.7441e-24
1.0890e+04 1.6847e-24
1.0900e+04 1.6753e-24
1.0910e+04 1.6278e-24
1.0920e+04 1.6544e-24
1.0930e+04 1.6165e-24
1.0940e+04 1.5863e-24
1.0950e+04 1.6567e-24
1.0960e+04 1.6385e-24
1.0970e+04 1.6773e-24
1.0980e+04 1.7184e-24
1.0990e+04 1.7188e-24
1.1000e+04 1.7083e-24
1.1010e+04 1.7275e-24
1.1020e+04 1.7456e-24
1.1030e+04 1.7317e-24
1.1040e+04 1.6980e-24
1.1050e+04 1.6918e-24
1.1060e+04 1.4887e-24
1.1070e+04 1.3273e-24
1.1080e+04 1.1568e-24
1.1090e+04 9.8612e-25
1.1100e+04 7.8544e-25
1.1110e+04 6.5371e-25
1.1120e+04 5.6034e-25
1.1130e+04 4.5956e-25
1.1140e+04 4.0806e-25
1.1150e+04 3.3372e-25
1.1160e+04 2.9262e-25
1.1170e+04 2.4931e-25
1.1180e+04 2.1063e-25
1.1190e+04 1.7557e-25
1.1200e+04 1.5098e-25
1.1210e+04 1.2824e-25
1.1220e+04 1.1321e-25
1.1230e+04 9.9195e-26
1.1240e+04 8.8875e-26
1.1250e+04 7.9639e-26
1.1260e+04 7.3348e-26
1.1270e+04 6.5625e-26
1.1280e+04 5.9919e-26
1.1290e+04 5.5129e-26
1.1300e+04 5.0375e-26
1.1310e+04 4.6303e-26
1.1320e+04 4.2269e-26
1.1330e+04 3.9179e-26
1.1340e+04 3.6345e-26
1.1350e+04 3.3619e-26
1.1360e+04 3.1047e-26
1.1370e+04 2.8789e-26
1.1380e+04 2.6754e-26
1.1390e+04 2.4910e-26
1.1400e+04 2.3188e-26
1.1410e+04 2.1553e-26
1.1420e+04 2.0145e-26
1.1430e+04 1.8837e-26
1.1440e+04 1.7629e-26
1.1450e+04 1.6522e-26
1.1460e+04 1.5528e-26
1.1470e+04 1.4613e-26
1.1480e+04 1.3753e-26
1.1490e+04 1.3018e-26
1.1500e+04 1.2316e-26
1.1510e+04 1.1683e-26
1.1520e+04 1.1114e-26
1.1530e+04 1.0602e-26
1.1540e+04 1.0145e-26
1.1550e+04 9.7424e-27
1.1560e+04 9.3925e-27
1.1570e+04 9.0929e-27
1.1580e+04 8.8251e-27
1.1590e+04 8.6705e-27
1.1600e+04 8.5272e-27
1.1610e+04 8.3917e-27
1.1620e+04 8.4768e-27
1.1630e+04 8.5353e-27
1.1640e+04 8.8324e-27
1.1650e+04 8.9717e-27
1.1660e+04 9.1951e-27
1.1670e+04 9.9323e-27
1.1680e+04 1.0583e-26
1.1690e+04 1.1603e-26
1.1700e+04 1.2671e-26
1.1710e+04 1.4532e-26
1.1720e+04 1.7217e-26
1.1730e+04 2.0363e-26
1.1740e+04 2.3081e-26
1.1750e+04 2.5051e-26
1.1760e+04 2.6813e-26
1.1770e+04 2.9107e-26
1.1780e+04 3.2018e-26
1.1790e+04 3.4450e-26
1.1800e+04 3.6910e-26
1.1810e+04 3.9693e-26
1.1820e+04 4.3037e-26
1.1830e+04 4.6255e-26
1.1840e+04 4.9681e-26
1.1850e+04 5.3337e-26
1.1860e+04 5.8494e-26
1.1870e+04 6.2412e-26
1.1880e+04 6.8369e-26
1.1890e+04 7.4348e-26
1.1900e+04 7.9302e-26
1.1910e+04 8.7467e-26
1.1920e+04 9.5181e-26
1.1930e+04 1.0590e-25
1.1940e+04 1.2000e-25
1.1950e+04 1.3360e-25
1.1960e+04 1.4962e-25
1.1970e+04 1.7093e-25
1.1980e+04 1.9288e-25
1.1990e+04 2.2637e-25
1.2000e+04 2.4924e-25
1.2010e+04 2.7995e-25
1.2020e+04 3.3067e-25
1.2030e+04 3.6824e-25
1.2040e+04 4.2405e-25
1.2050e+04 4.5850e-25
1.2060e+04 5.0423e-25
1.2070e+04 5.5220e-25
1.2080e+04 6.2417e-25
1.2090e+04 6.8115e-25
1.2100e+04 7.2685e-25
1.2110e+04 7.8727e-25
1.2120e+04 8.2767e-25
1.2130e+04 8.7469e-25
1.2140e+04 8.8161e-25
1.2150e+04 9.3506e-25
1.2160e+04 9.5237e-25
1.2170e+04 9.4914e-25
1.2180e+04 9.3189e-25
1.2190e+04 8.9036e-25
1.2200e+04 8.7230e-25
1.2210e+04 8.5189e-25
1.2220e+04 8.0689e-25
1.2230e+04 7.5936e-25
1.2240e+04 6.9646e-25
1.2250e+04 6.6542e-25
1.2260e+04 5.8407e-25
1.2270e+04 5.1399e-25
1.2280e+04 4.4699e-25
1.2290e+04 3.9365e-25
1.2300e+04 3.5030e-25
1.2310e+04 3.0898e-25
1.2320e+04 2.7030e-25
1.2330e+04 2.3994e-25
1.2340e+04 2.1595e-25
1.2350e+04 1.9352e-25
1.2360e+04 1.7625e-25
1.2370e+04 1.6106e-25
1.2380e+04 1.4819e-25
1.2390e+04 1.3741e-25
1.2400e+04 1.2834e-25
1.2410e+04 1.2061e-25
1.2420e+04 1.1435e-25
1.2430e+04 1.1134e-25
1.2440e+04 1.0671e-25
1.2450e+04 1.0286e-25
1.2460e+04 1.0114e-25
1.2470e+04 9.9598e-26
1.2480e+04 9.8280e-26
1.2490e+04 9.6685e-26
1.2500e+04 9.7025e-26
1.2510e+04 9.4288e-26
1.2520e+04 9.2948e-26
1.2530e+04 9.3649e-26
1.2540e+04 9.1467e-26
1.2550e+04 9.0561e-26
1.2560e+04 9.0846e-26
1.2570e+04 8.9750e-26
1.2580e+04 8.9129e-26
1.2590e+04 8.1004e-26
1.2600e+04 7.0371e-26
1.2610e+04 6.3239e-26
1.2620e+04 4.9925e-26
1.2630e+04 4.2146e-26
1.2640e+04 3.2169e-26
1.2650e+04 2.7084e-26
1.2660e+04 2.2294e-26
1.2670e+04 2.1349e-26
1.2680e+04 1.9109e-26
1.2690e+04 1.5748e-26
1.2700e+04 1.3729e-26
1.2710e+04 1.2297e-26
1.2720e+04 1.0130e-26
1.2730e+04 8.8219e-27
1.2740e+04 7.3765e-27
1.2750e+04 6.4630e-27
1.2760e+04 5.6808e-27
1.2770e+04 5.0697e-27
1.2780e+04 4.5382e-27
1.2790e+04 4.1286e-27
1.2800e+04 3.7619e-27
1.2810e+04 3.4356e-27
1.2820e+04 3.1678e-27
1.2830e+04 2.9227e-27
1.2840e+04 2.7041e-27
1.2850e+04 2.5058e-27
1.2860e+04 2.3289e-27
1.2870e+04 2.1647e-27
1.2880e+04 2.0131e-27
1.2890e+04 1.8794e-27
1.2900e+04 1.7583e-27
1.2910e+04 1.6499e-27
1.2920e+04 1.5504e-27
1.2930e+04 1.4598e-27
1.2940e+04 1.3794e-27
1.2950e+04 1.3041e-27
1.2960e+04 1.2370e-27
1.2970e+04 1.1770e-27
1.2980e+04 1.1235e-27
1.2990e+04 1.0762e-27
1.3000e+04 1.0345e-27
1.3010e+04 9.9839e-28
1.3020e+04 9.6752e-28
1.3030e+04 9.4168e-28
1.3040e+04 9.2075e-28
1.3050e+04 9.0489e-28
1.3060e+04 8.9370e-28
1.3070e+04 8.8745e-28
1.3080e+04 8.8617e-28
1.3090e+04 8.8986e-28
1.3100e+04 8.9853e-28
1.3110e+04 9.1246e-28
1.3120e+04 9.3178e-28
1.3130e+04 9.5678e-28
1.3140e+04 9.8773e-28
1.3150e+04 1.0250e-27
1.3160e+04 1.0690e-27
1.3170e+04 1.1200e-27
1.3180e+04 1.1790e-27
1.3190e+04 1.2465e-27
1.3200e+04 1.3240e-27
1.3210e+04 1.4135e-27
1.3220e+04 1.5177e-27
1.3230e+04 1.6299e-27
1.3240e+04 1.7569e-27
1.3250e+04 1.9093e-27
1.3260e+04 2.0354e-27
1.3270e+04 2.1962e-27
1.3280e+04 2.4090e-27
1.3290e+04 2.6846e-27
1.3300e+04 3.0683e-27
1.3310e+04 3.4899e-27
1.3320e+04 3.9454e-27
1.3330e+04 4.4909e-27
1.3340e+04 5.0945e-27
1.3350e+04 5.7792e-27
1.3360e+04 6.5892e-27
1.3370e+04 7.4725e-27
1.3380e+04 8.5150e-27
1.3390e+04 9.7533e-27
1.3400e+04 1.1036e-26
1.3410e+04 1.2668e-26
1.3420e+04 1.4467e-26
1.3430e+04 1.6505e-26
1.3440e+04 1.9044e-26
1.3450e+04 2.1708e-26
1.3460e+04 2.4807e-26
1.3470e+04 2.8381e-26
1.3480e+04 3.2433e-26
1.3490e+04 3.6801e-26
1.3500e+04 4.3133e-26
1.3510e+04 4.8568e-26
1.3520e+04 5.6149e-26
1.3530e+04 6.4078e-26
1.3540e+04 7.3251e-26
1.3550e+04 8.2492e-26
1.3560e+04 9.1788e-26
1.3570e+04 1.0437e-25
1.3580e+04 1.1604e-25
1.3590e+04 1.3075e-25
1.3600e+04 1.4239e-25
1.3610e+04 1.5801e-25
1.3620e+04 1.7652e-25
1.3630e+04 1.9409e-25
1.3640e+04 2.1497e-25
1.3650e+04 2.3737e-25
1.3660e+04 2.5858e-25
1.3670e+04 2.8434e-25
1.3680e+04 3.1956e-25
1.3690e+04 3.5649e-25
1.3700e+04 3.7812e-25
1.3710e+04 4.1144e-25
1.3720e+04 4.6168e-25
1.3730e+04 4.8741e-25
1.3740e+04 5.3517e-25
1.3750e+04 5.7516e-25
1.3760e+04 6.3489e-25
1.3770e+04 6.6729e-25
1.3780e+04 6.9837e-25
1.3790e+04 7.4838e-25
1.3800e+04 7.6466e-25
1.3810e+04 8.0982e-25
1.3820e+04 8.2879e-25
1.3830e+04 8.2939e-25
1.3840e+04 8.3884e-25
1.3850e+04 8.2324e-25
1.3860e+04 8.1150e-25
1.3870e+04 7.8518e-25
1.3880e+04 7.6659e-25
1.3890e+04 7.4645e-25
1.3900e+04 6.8666e-25
1.3910e+04 6.5210e-25
1.3920e+04 5.8046e-25
1.3930e+04 5.4508e-25
1.3940e+04 4.7717e-25
1.3950e+04 4.1808e-25
1.3960e+04 3.6268e-25
1.3970e+04 3.1474e-25
1.3980e+04 2.7205e-25
1.3990e+04 2.3923e-25
1.4000e+04 2.1098e-25
1.4010e+04 1.8717e-25
1.4020e+04 1.6684e-25
1.4030e+04 1.4984e-25
1.4040e+04 1.3511e-25
1.4050e+04 1.2325e-25
1.4060e+04 1.1258e-25
1.4070e+04 1.0440e-25
1.4080e+04 9.6927e-26
1.4090e+04 9.1345e-26
1.4100e+04 8.6884e-26
1.4110e+04 8.3559e-26
1.4120e+04 8.0315e-26
1.4130e+04 7.9891e-26
1.4140e+04 7.9707e-26
1.4150e+04 8.0669e-26
1.4160e+04 8.1859e-26
1.4170e+04 8.3235e-26
1.4180e+04 8.8880e-26
1.4190e+04 9.0206e-26
1.4200e+04 9.2655e-26
1.4210e+04 1.0142e-25
1.4220e+04 1.0581e-25
1.4230e+04 1.1418e-25
1.4240e+04 1.2083e-25
1.4250e+04 1.3029e-25
1.4260e+04 1.3598e-25
1.4270e+04 1.3866e-25
1.4280e+04 1.4537e-25
1.4290e+04 1.4890e-25
1.4300e+04 1.5072e-25
1.4310e+04 1.5627e-25
1.4320e+04 1.5652e-25
1.4330e+04 1.5362e-25
1.4340e+04 1.5000e-25
1.4350e+04 1.3321e-25
1.4360e+04 1.1564e-25
1.4370e+04 9.5992e-26
1.4380e+04 8.0959e-26
1.4390e+04 7.0986e-26
1.4400e+04 5.0227e-26
1.4410e+04 4.7899e-26
1.4420e+04 4.0751e-26
1.4430e+04 3.5050e-26
1.4440e+04 2.9616e-26
1.4450e+04 2.4262e-26
1.4460e+04 2.0403e-26
1.4470e+04 1.7943e-26
1.4480e+04 1.5899e-26
1.4490e+04 1.4009e-26
1.4500e+04 1.2367e-26
1.4510e+04 1.1387e-26
1.4520e+04 1.0306e-26
1.4530e+04 8.8880e-27
1.4540e+04 7.6277e-27
1.4550e+04 6.5781e-27
1.4560e+04 5.9099e-27
1.4570e+04 5.5118e-27
1.4580e+04 5.1059e-27
1.4590e+04 4.7724e-27
1.4600e+04 4.3158e-27
1.4610e+04 3.8512e-27
1.4620e+04 3.6024e-27
1.4630e+04 3.2040e-27
1.4640e+04 2.9075e-27
1.4650e+04 2.6238e-27
1.4660e+04 2.4013e-27
1.4670e+04 2.1873e-27
1.4680e+04 2.0302e-27
1.4690e+04 1.8671e-27
1.4700e+04 1.7140e-27
1.4710e+04 1.5916e-27
1.4720e+04 1.4749e-27
1.4730e+04 1.3724e-27
1.4740e+04 1.2819e-27
1.4750e+04 1.2032e-27
1.4760e+04 1.1333e-27
1.4770e+04 1.0711e-27
1.4780e+04 1.0160e-27
1.4790e+04 9.6712e-28
1.4800e+04 9.2396e-28
1.4810e+04 8.8638e-28
1.4820e+04 8.5408e-28
1.4830e+04 8.2677e-28
1.4840e+04 8.0448e-28
1.4850e+04 7.8705e-28
1.4860e+04 7.7450e-28
1.4870e+04 7.6685e-28
1.4880e+04 7.6453e-28
1.4890e+04 7.6773e-28
1.4900e+04 7.7689e-28
1.4910e+04 7.9217e-28
1.4920e+04 8.1418e-28
1.4930e+04 8.4892e-28
1.4940e+04 8.8938e-28
1.4950e+04 9.3946e-28
1.4960e+04 1.0257e-27
1.4970e+04 1.1004e-27
1.4980e+04 1.1993e-27
1.4990e+04 1.3427e-27
1.5000e+04 1.5465e-27
1.5010e+04 1.7562e-27
1.5020e+04 2.0202e-27
1.5030e+04 2.4394e-27
1.5040e+04 3.0065e-27
1.5050e+04 3.7730e-27
1.5060e+04 4.5240e-27
1.5070e+04 5.0906e-27
1.5080e+04 5.5615e-27
1.5090e+04 6.2141e-27
1.5100e+04 6.8992e-27
1.5110e+04 7.5928e-27
1.5120e+04 8.5579e-27
1.5130e+04 9.4275e-27
1.5140e+04 1.0418e-26
1.5150e+04 1.2114e-26
1.5160e+04 1.2925e-26
1.5170e+04 1.4706e-26
1.5180e+04 1.6789e-26
1.5190e+04 1.8562e-26
1.5200e+04 2.0596e-26
1.5210e+04 2.3195e-26
1.5220e+04 2.7016e-26
1.5230e+04 2.9303e-26
1.5240e+04 3.3238e-26
1.5250e+04 3.6280e-26
1.5260e+04 4.0622e-26
1.5270e+04 4.4390e-26
1.5280e+04 4.8193e-26
1.5290e+04 5.1466e-26
1.5300e+04 5.4759e-26
1.5310e+04 5.9066e-26
1.5320e+04 6.1985e-26
1.5330e+04 6.4325e-26
1.5340e+04 6.3906e-26
1.5350e+04 6.8415e-26
1.5360e+04 6.8598e-26
1.5370e+04 6.7689e-26
1.5380e+04 6.6703e-26
1.5390e+04 6.3868e-26
1.5400e+04 6.2878e-26
1.5410e+04 6.0253e-26
1.5420e+04 5.7409e-26
1.5430e+04 5.4221e-26
1.5440e+04 5.0998e-26
1.5450e+04 4.3986e-26
1.5460e+04 3.9361e-26
1.5470e+04 3.4498e-26
1.5480e+04 3.0867e-26
1.5490e+04 2.6844e-26
1.5500e+04 2.3064e-26
1.5510e+04 2.0116e-26
1.5520e+04 1.7755e-26
1.5530e+04 1.5592e-26
1.5540e+04 1.3584e-26
1.5550e+04 1.2328e-26
1.5560e+04 1.0945e-26
1.5570e+04 9.8449e-27
1.5580e+04 8.9647e-27
1.5590e+04 8.1848e-27
1.5600e+04 7.5660e-27
1.5610e+04 7.0276e-27
1.5620e+04 6.6947e-27
1.5630e+04 6.2958e-27
1.5640e+04 6.0980e-27
1.5650e+04 5.9846e-27
1.5660e+04 5.8897e-27
1.5670e+04 5.9609e-27
1.5680e+04 6.0196e-27
1.5690e+04 6.0328e-27
1.5700e+04 6.6631e-27
1.5710e+04 6.8841e-27
1.5720e+04 7.2029e-27
1.5730e+04 7.6243e-27
1.5740e+04 8.1990e-27
1.5750e+04 8.4798e-27
1.5760e+04 9.2779e-27
1.5770e+04 1.0047e-26
1.5780e+04 1.0631e-26
1.5790e+04 1.1318e-26
1.5800e+04 1.1716e-26
1.5810e+04 1.2374e-26
1.5820e+04 1.2715e-26
1.5830e+04 1.2854e-26
1.5840e+04 1.2916e-26
1.5850e+04 1.2650e-26
1.5860e+04 1.2344e-26
1.5870e+04 1.0950e-26
1.5880e+04 9.5756e-27
1.5890e+04 7.7861e-27
1.5900e+04 6.1660e-27
1.5910e+04 4.8812e-27
1.5920e+04 4.0325e-27
1.5930e+04 3.5922e-27
1.5940e+04 3.2773e-27
1.5950e+04 2.5026e-27
1.5960e+04 2.2312e-27
1.5970e+04 1.8350e-27
1.5980e+04 1.4780e-27
1.5990e+04 1.2322e-27
1.6000e+04 1.0298e-27
1.6010e+04 8.8279e-28
1.6020e+04 7.6608e-28
1.6030e+04 6.7358e-28
1.6040e+04 5.9685e-28
1.6050e+04 5.3543e-28
1.6060e+04 4.8421e-28
1.6070e+04 4.4096e-28
1.6080e+04 4.0393e-28
1.6090e+04 3.7200e-28
1.6100e+04 3.4422e-28
1.6110e+04 3.2011e-28
1.6120e+04 2.9903e-28
1.6130e+04 2.8082e-28
1.6140e+04 2.6502e-28
1.6150e+04 2.5146e-28
1.6160e+04 2.3965e-28
1.6170e+04 2.2994e-28
1.6180e+04 2.2167e-28
1.6190e+04 2.1517e-28
1.6200e+04 2.1011e-28
1.6210e+04 2.0652e-28
1.6220e+04 2.0421e-28
1.6230e+04 2.0336e-28
1.6240e+04 2.0381e-28
1.6250e+04 2.0572e-28
1.6260e+04 2.0878e-28
1.6270e+04 2.1346e-28
1.6280e+04 2.1945e-28
1.6290e+04 2.2692e-28
1.6300e+04 2.3602e-28
1.6310e+04 2.4661e-28
1.6320e+04 2.5900e-28
1.6330e+04 2.7304e-28
1.6340e+04 2.8922e-28
1.6350e+04 3.0738e-28
1.6360e+04 3.2556e-28
1.6370e+04 3.4541e-28
1.6380e+04 3.7248e-28
1.6390e+04 4.1237e-28
1.6400e+04 4.6642e-28
1.6410e+04 5.3021e-28
1.6420e+04 6.0114e-28
1.6430e+04 6.8234e-28
1.6440e+04 7.7547e-28
1.6450e+04 8.8172e-28
1.6460e+04 1.0031e-27
1.6470e+04 1.1414e-27
1.6480e+04 1.2990e-27
1.6490e+04 1.4785e-27
1.6500e+04 1.6830e-27
1.6510e+04 1.9185e-27
1.6520e+04 2.1872e-27
1.6530e+04 2.4960e-27
1.6540e+04 2.8449e-27
1.6550e+04 3.2521e-27
1.6560e+04 3.7045e-27
1.6570e+04 4.2419e-27
1.6580e+04 4.8530e-27
1.6590e+04 5.5925e-27
1.6600e+04 6.3777e-27
1.6610e+04 7.3566e-27
1.6620e+04 8.5410e-27
1.6630e+04 9.6421e-27
1.6640e+04 1.1144e-26
1.6650e+04 1.2697e-26
1.6660e+04 1.4406e-26
1.6670e+04 1.7037e-26
1.6680e+04 1.8948e-26
1.6690e+04 2.1697e-26
1.6700e+04 2.4733e-26
1.6710e+04 2.7939e-26
1.6720e+04 3.1283e-26
1.6730e+04 3.5568e-26
1.6740e+04 3.9456e-26
1.6750e+04 4.3265e-26
1.6760e+04 5.0230e-26
1.6770e+04 5.5157e-26
1.6780e+04 6.2120e-26
1.6790e+04 6.7361e-26
1.6800e+04 7.2559e-26
1.6810e+04 7.6099e-26
1.6820e+04 8.4117e-26
1.6830e+04 9.1690e-26
1.6840e+04 9.4489e-26
1.6850e+04 9.7056e-26
1.6860e+04 1.0057e-25
1.6870e+04 1.0255e-25
1.6880e+04 1.0477e-25
1.6890e+04 1.0600e-25
1.6900e+04 1.0515e-25
1.6910e+04 1.0378e-25
1.6920e+04 1.0152e-25
1.6930e+04 9.8431e-26
1.6940e+04 9.1357e-26
1.6950e+04 9.0682e-26
1.6960e+04 8.3901e-26
1.6970e+04 7.8554e-26
1.6980e+04 6.9907e-26
1.6990e+04 6.3067e-26
1.7000e+04 5.7324e-26
1.7010e+04 4.9720e-26
1.7020e+04 4.3401e-26
1.7030e+04 3.8011e-26
1.7040e+04 3.2870e-26
1.7050e+04 2.8627e-26
1.7060e+04 2.4908e-26
1.7070e+04 2.2003e-26
1.7080e+04 1.9300e-26
1.7090e+04 1.7010e-26
1.7100e+04 1.4985e-26
1.7110e+04 1.3277e-26
1.7120e+04 1.1813e-26
1.7130e+04 1.0552e-26
1.7140e+04 9.4698e-27
1.7150e+04 8.5030e-27
1.7160e+04 7.7031e-27
1.7170e+04 6.9916e-27
1.7180e+04 6.4047e-27
1.7190e+04 5.9099e-27
1.7200e+04 5.5126e-27
1.7210e+04 5.1733e-27
1.7220e+04 4.9043e-27
1.7230e+04 4.7658e-27
1.7240e+04 4.6341e-27
1.7250e+04 4.5954e-27
1.7260e+04 4.6084e-27
1.7270e+04 4.6560e-27
1.7280e+04 4.8142e-27
1.7290e+04 4.9467e-27
1.7300e+04 5.2056e-27
1.7310e+04 5.5011e-27
1.7320e+04 5.8697e-27
1.7330e+04 6.2163e-27
1.7340e+04 6.6221e-27
1.7350e+04 7.0337e-27
1.7360e+04 7.6679e-27
1.7370e+04 8.1691e-27
1.7380e+04 8.9281e-27
1.7390e+04 9.4949e-27
1.7400e+04 1.0536e-26
1.7410e+04 1.1026e-26
1.7420e+04 1.1799e-26
1.7430e+04 1.2583e-26
1.7440e+04 1.3458e-26
1.7450e+04 1.4189e-26
1.7460e+04 1.4825e-26
1.7470e+04 1.4979e-26
1.7480e+04 1.5749e-26
1.7490e+04 1.5771e-26
1.7500e+04 1.5748e-26
1.7510e+04 1.5687e-26
1.7520e+04 1.5484e-26
1.7530e+04 1.5039e-26
1.7540e+04 1.4316e-26
1.7550e+04 1.4212e-26
1.7560e+04 1.3121e-26
1.7570e+04 1.2489e-26
1.7580e+04 1.1531e-26
1.7590e+04 1.0543e-26
1.7600e+04 9.1027e-27
1.7610e+04 7.7907e-27
1.7620e+04 6.9617e-27
1.7630e+04 5.8884e-27
1.7640e+04 5.1191e-27
1.7650e+04 4.4849e-27
1.7660e+04 3.9117e-27
1.7670e+04 3.4368e-27
1.7680e+04 3.0339e-27
1.7690e+04 2.6588e-27
1.7700e+04 2.3700e-27
1.7710e+04 2.0986e-27
1.7720e+04 1.8606e-27
1.7730e+04 1.6553e-27
1.7740e+04 1.4737e-27
1.7750e+04 1.2979e-27
1.7760e+04 1.1633e-27
1.7770e+04 1.0371e-27
1.7780e+04 9.2065e-28
1.7790e+04 8.1834e-28
1.7800e+04 7.2731e-28
1.7810e+04 6.4811e-28
1.7820e+04 5.7862e-28
1.7830e+04 5.1778e-28
1.7840e+04 4.6455e-28
1.7850e+04 4.1787e-28
1.7860e+04 3.7720e-28
1.7870e+04 3.4203e-28
1.7880e+04 3.1183e-28
1.7890e+04 2.8588e-28
1.7900e+04 2.6420e-28
1.7910e+04 2.4608e-28
1.7920e+04 2.3171e-28
1.7930e+04 2.2054e-28
1.7940e+04 2.1259e-28
1.7950e+04 2.0786e-28
1.7960e+04 2.0600e-28
1.7970e+04 2.0737e-28
1.7980e+04 2.1162e-28
1.7990e+04 2.1930e-28
1.8000e+04 2.3040e-28
1.8010e+04 2.4494e-28
1.8020e+04 2.6363e-28
1.8030e+04 2.8686e-28
1.8040e+04 3.1570e-28
1.8050e+04 3.5017e-28
1.8060e+04 3.8937e-28
1.8070e+04 4.3910e-28
1.8080e+04 4.9684e-28
1.8090e+04 5.5211e-28
1.8100e+04 6.3947e-28
1.8110e+04 7.1842e-28
1.8120e+04 8.1015e-28
1.8130e+04 9.1393e-28
1.8140e+04 1.0630e-27
1.8150e+04 1.2095e-27
1.8160e+04 1.3660e-27
1.8170e+04 1.5157e-27
1.8180e+04 1.7111e-27
1.8190e+04 1.9500e-27
1.8200e+04 2.2077e-27
1.8210e+04 2.4456e-27
1.8220e+04 2.7257e-27
1.8230e+04 3.0335e-27
1.8240e+04 3.3233e-27
1.8250e+04 3.7029e-27
1.8260e+04 4.0775e-27
1.8270e+04 4.4889e-27
1.8280e+04 4.9521e-27
1.8290e+04 5.3553e-27
1.8300e+04 5.7004e-27
1.8310e+04 6.1448e-27
1.8320e+04 6.5805e-27
1.8330e+04 6.9984e-27
1.8340e+04 7.2186e-27
1.8350e+04 7.4519e-27
1.8360e+04 7.6176e-27
1.8370e+04 7.8973e-27
1.8380e+04 7.7619e-27
1.8390e+04 7.8176e-27
1.8400e+04 7.8881e-27
1.8410e+04 7.6899e-27
1.8420e+04 7.5411e-27
1.8430e+04 7.2651e-27
1.8440e+04 6.9556e-27
1.8450e+04 6.6678e-27
1.8460e+04 6.2653e-27
1.8470e+04 5.9510e-27
1.8480e+04 5.1578e-27
1.8490e+04 4.9276e-27
1.8500e+04 4.2717e-27
1.8510e+04 3.7612e-27
1.8520e+04 3.2225e-27
1.8530e+04 2.8444e-27
1.8540e+04 2.4528e-27
1.8550e+04 2.1351e-27
1.8560e+04 1.8194e-27
1.8570e+04 1.6063e-27
1.8580e+04 1.4009e-27
1.8590e+04 1.2305e-27
1.8600e+04 1.0848e-27
1.8610e+04 9.5153e-28
1.8620e+04 8.3846e-28
1.8630e+04 7.4054e-28
1.8640e+04 6.5613e-28
1.8650e+04 5.8039e-28
1.8660e+04 5.2192e-28
1.8670e+04 4.6675e-28
1.8680e+04 4.1843e-28
1.8690e+04 3.7623e-28
1.8700e+04 3.4015e-28
1.8710e+04 3.0928e-28
1.8720e+04 2.8323e-28
1.8730e+04 2.6128e-28
1.8740e+04 2.4343e-28
1.8750e+04 2.2969e-28
1.8760e+04 2.1912e-28
1.8770e+04 2.1097e-28
1.8780e+04 2.1559e-28
1.8790e+04 2.0801e-28
1.8800e+04 2.1206e-28
1.8810e+04 2.1989e-28
1.8820e+04 2.3205e-28
1.8830e+04 2.4611e-28
1.8840e+04 2.5604e-28
1.8850e+04 2.9086e-28
1.8860e+04 3.1798e-28
1.8870e+04 3.3853e-28
1.8880e+04 3.8289e-28
1.8890e+04 4.1747e-28
1.8900e+04 4.6135e-28
1.8910e+04 5.0168e-28
1.8920e+04 5.3506e-28
1.8930e+04 5.8550e-28
1.8940e+04 6.2123e-28
1.8950e+04 6.7291e-28
1.8960e+04 6.9716e-28
1.8970e+04 7.2143e-28
1.8980e+04 7.2959e-28
1.8990e+04 7.7251e-28
1.9000e+04 7.7767e-28
1.9010e+04 7.6078e-28
1.9020e+04 7.4254e-28
1.9030e+04 6.8965e-28
1.9040e+04 6.9172e-28
1.9050e+04 6.8999e-28
1.9060e+04 6.5624e-28
1.9070e+04 6.0719e-28
1.9080e+04 5.5981e-28
1.9090e+04 4.7267e-28
1.9100e+04 4.2249e-28
1.9110e+04 3.5678e-28
1.9120e+04 3.0477e-28
1.9130e+04 2.6208e-28
1.9140e+04 2.2815e-28
1.9150e+04 2.0012e-28
1.9160e+04 1.7648e-28
1.9170e+04 1.5662e-28
1.9180e+04 1.3982e-28
1.9190e+04 1.2569e-28
1.9200e+04 1.1384e-28
1.9210e+04 1.0402e-28
1.9220e+04 9.6004e-29
1.9230e+04 8.9631e-29
1.9240e+04 8.4771e-29
1.9250e+04 8.1331e-29
1.9260e+04 7.9274e-29
1.9270e+04 7.8525e-29
1.9280e+04 7.9087e-29
1.9290e+04 8.0979e-29
1.9300e+04 8.4244e-29
1.9310e+04 8.8942e-29
1.9320e+04 9.5151e-29
1.9330e+04 1.0295e-28
1.9340e+04 1.1252e-28
1.9350e+04 1.2398e-28
1.9360e+04 1.3753e-28
1.9370e+04 1.5341e-28
1.9380e+04 1.7186e-28
1.9390e+04 1.9320e-28
1.9400e+04 2.1786e-28
1.9410e+04 2.4612e-28
1.9420e+04 2.7848e-28
1.9430e+04 3.1593e-28
1.9440e+04 3.5925e-28
1.9450e+04 4.0981e-28
1.9460e+04 4.7132e-28
1.9470e+04 5.3971e-28
1.9480e+04 6.1265e-28
1.9490e+04 7.2191e-28
1.9500e+04 8.3265e-28
1.9510e+04 9.2107e-28
1.9520e+04 1.0465e-27
1.9530e+04 1.1880e-27
1.9540e+04 1.3864e-27
1.9550e+04 1.5577e-27
1.9560e+04 1.8050e-27
1.9570e+04 2.0509e-27
1.9580e+04 2.3241e-27
1.9590e+04 2.6172e-27
1.9600e+04 3.0909e-27
1.9610e+04 3.4749e-27
1.9620e+04 3.9574e-27
1.9630e+04 4.4167e-27
1.9640e+04 5.1653e-27
1.9650e+04 5.7201e-27
1.9660e+04 6.5979e-27
1.9670e+04 7.5139e-27
1.9680e+04 8.2125e-27
1.9690e+04 9.4729e-27
1.9700e+04 1.0350e-26
1.9710e+04 1.1509e-26
1.9720e+04 1.2201e-26
1.9730e+04 1.3426e-26
1.9740e+04 1.4051e-26
1.9750e+04 1.4554e-26
1.9760e+04 1.5144e-26
1.9770e+04 1.5409e-26
1.9780e+04 1.5719e-26
1.9790e+04 1.5903e-26
1.9800e+04 1.5749e-26
1.9810e+04 1.5549e-26
1.9820e+04 1.4901e-26
1.9830e+04 1.4797e-26
1.9840e+04 1.3741e-26
1.9850e+04 1.2964e-26
1.9860e+04 1.2307e-26
1.9870e+04 1.0772e-26
1.9880e+04 9.4967e-27
1.9890e+04 8.1768e-27
1.9900e+04 7.3212e-27
1.9910e+04 6.3035e-27
1.9920e+04 5.5497e-27
1.9930e+04 4.8549e-27
1.9940e+04 4.2751e-27
1.9950e+04 3.7087e-27
1.9960e+04 3.2495e-27
1.9970e+04 2.8238e-27
1.9980e+04 2.4715e-27
1.9990e+04 2.1849e-27
2.0000e+04 1.9116e-27
