Refractive Index of Ice (Data taken from Warren 1983 Appl. Opt.)
     Wavelength (m)  Real Part       Imaginary Part
*BEGIN_DATA
     4.43000E-08     8.34410E-01     1.64000E-01
     4.51000E-08     8.36760E-01     1.73000E-01
     4.59000E-08     8.37290E-01     1.83000E-01
     4.68000E-08     8.37710E-01     1.95000E-01
     4.77000E-08     8.38270E-01     2.08000E-01
     4.86000E-08     8.40380E-01     2.23000E-01
     4.96000E-08     8.47190E-01     2.40000E-01
     5.06000E-08     8.55220E-01     2.50000E-01
     5.17000E-08     8.60470E-01     2.59000E-01
     5.28000E-08     8.62480E-01     2.68000E-01
     5.39000E-08     8.61570E-01     2.79000E-01
     5.51000E-08     8.60930E-01     2.97000E-01
     5.64000E-08     8.64190E-01     3.19000E-01
     5.77000E-08     8.69160E-01     3.40000E-01
     5.90000E-08     8.77640E-01     3.66000E-01
     6.05000E-08     8.92960E-01     3.92000E-01
     6.20000E-08     9.10410E-01     4.16000E-01
     6.36000E-08     9.30890E-01     4.40000E-01
     6.53000E-08     9.53730E-01     4.64000E-01
     6.70000E-08     9.81880E-01     4.92000E-01
     6.89000E-08     1.02334E+00     5.17000E-01
     7.08000E-08     1.06735E+00     5.28000E-01
     7.29000E-08     1.11197E+00     5.33000E-01
     7.38000E-08     1.13134E+00     5.34000E-01
     7.51000E-08     1.15747E+00     5.31000E-01
     7.75000E-08     1.20045E+00     5.24000E-01
     8.00000E-08     1.23840E+00     5.10000E-01
     8.27000E-08     1.27325E+00     5.00000E-01
     8.55000E-08     1.32157E+00     4.99000E-01
     8.86000E-08     1.38958E+00     4.68000E-01
     9.18000E-08     1.41644E+00     3.80000E-01
     9.30000E-08     1.40906E+00     3.60000E-01
     9.54000E-08     1.40063E+00     3.39000E-01
     9.92000E-08     1.40169E+00     3.18000E-01
     1.03300E-07     1.40934E+00     2.91000E-01
     1.07800E-07     1.40221E+00     2.51000E-01
     1.10000E-07     1.39240E+00     2.44000E-01
     1.12700E-07     1.38424E+00     2.39000E-01
     1.14000E-07     1.38075E+00     2.39000E-01
     1.18100E-07     1.38186E+00     2.44000E-01
     1.21000E-07     1.39634E+00     2.47000E-01
     1.24000E-07     1.40918E+00     2.24000E-01
     1.27200E-07     1.40256E+00     1.95000E-01
     1.29500E-07     1.38013E+00     1.74000E-01
     1.30500E-07     1.36303E+00     1.72000E-01
     1.31900E-07     1.34144E+00     1.80000E-01
     1.33300E-07     1.32377E+00     1.94000E-01
     1.34800E-07     1.30605E+00     2.13000E-01
     1.36200E-07     1.29054E+00     2.43000E-01
     1.37000E-07     1.28890E+00     2.71000E-01
     1.37800E-07     1.28931E+00     2.89000E-01
     1.38700E-07     1.30190E+00     3.34000E-01
     1.39300E-07     1.32025E+00     3.44000E-01
     1.40900E-07     1.36302E+00     3.82000E-01
     1.42500E-07     1.41872E+00     4.01000E-01
     1.43500E-07     1.45834E+00     4.06500E-01
     1.44200E-07     1.49028E+00     4.05000E-01
     1.45000E-07     1.52128E+00     3.89000E-01
     1.45900E-07     1.55376E+00     3.77000E-01
     1.46800E-07     1.57782E+00     3.45000E-01
     1.47600E-07     1.59636E+00     3.32000E-01
     1.48000E-07     1.60652E+00     3.15000E-01
     1.48500E-07     1.61172E+00     2.98000E-01
     1.49400E-07     1.61919E+00     2.74000E-01
     1.51200E-07     1.62522E+00     2.28000E-01
     1.53100E-07     1.63404E+00     1.98000E-01
     1.54000E-07     1.63689E+00     1.72000E-01
     1.55000E-07     1.63833E+00     1.56000E-01
     1.56900E-07     1.63720E+00     1.10000E-01
     1.58000E-07     1.63233E+00     8.30000E-02
     1.58900E-07     1.62222E+00     5.80000E-02
     1.61000E-07     1.58269E+00     2.20000E-02
     1.62500E-07     1.55635E+00     1.00000E-02
     1.64800E-07     1.52453E+00     3.00000E-03
     1.66900E-07     1.50320E+00     1.00000E-03
     1.69200E-07     1.48498E+00     3.00000E-04
     1.71300E-07     1.47226E+00     1.00000E-04
     1.73700E-07     1.45991E+00     3.00000E-05
     1.75700E-07     1.45115E+00     1.00000E-05
     1.77900E-07     1.44272E+00     3.00000E-06
     1.80200E-07     1.43498E+00     1.00000E-06
     1.80900E-07     1.43280E+00     7.00000E-07
     1.82100E-07     1.42924E+00     4.00000E-07
     1.83300E-07     1.42602E+00     2.00000E-07
     1.84300E-07     1.42323E+00     1.00000E-07
     1.85000E-07     1.42143E+00     6.37700E-08
     1.86000E-07     1.41897E+00     3.75000E-08
     1.87000E-07     1.41660E+00     2.80000E-08
     1.88000E-07     1.41434E+00     2.40000E-08
     1.89000E-07     1.41216E+00     2.20000E-08
     1.90000E-07     1.41006E+00     1.90000E-08
     1.91000E-07     1.40805E+00     1.75000E-08
     1.93000E-07     1.40423E+00     1.64000E-08
     1.95000E-07     1.40067E+00     1.59000E-08
     2.10000E-07     1.38004E+00     1.32500E-08
     2.50000E-07     1.35085E+00     8.62300E-09
     3.00000E-07     1.33394E+00     5.50400E-09
     3.50000E-07     1.32492E+00     3.76500E-09
     4.00000E-07     1.31940E+00     2.71000E-09
     4.10000E-07     1.31854E+00     2.51000E-09
     4.20000E-07     1.31775E+00     2.26000E-09
     4.30000E-07     1.31702E+00     2.08000E-09
     4.40000E-07     1.31633E+00     1.91000E-09
     4.50000E-07     1.31569E+00     1.54000E-09
     4.60000E-07     1.31509E+00     1.53000E-09
     4.70000E-07     1.31452E+00     1.55000E-09
     4.80000E-07     1.31399E+00     1.64000E-09
     4.90000E-07     1.31349E+00     1.78000E-09
     5.00000E-07     1.31302E+00     1.91000E-09
     5.10000E-07     1.31257E+00     2.14000E-09
     5.20000E-07     1.31215E+00     2.26000E-09
     5.30000E-07     1.31175E+00     2.54000E-09
     5.40000E-07     1.31136E+00     2.93000E-09
     5.50000E-07     1.31099E+00     3.11000E-09
     5.60000E-07     1.31064E+00     3.29000E-09
     5.70000E-07     1.31031E+00     3.52000E-09
     5.80000E-07     1.30999E+00     4.04000E-09
     5.90000E-07     1.30968E+00     4.88000E-09
     6.00000E-07     1.30938E+00     5.73000E-09
     6.10000E-07     1.30909E+00     6.89000E-09
     6.20000E-07     1.30882E+00     8.58000E-09
     6.30000E-07     1.30855E+00     1.04000E-08
     6.40000E-07     1.30829E+00     1.22000E-08
     6.50000E-07     1.30804E+00     1.43000E-08
     6.60000E-07     1.30780E+00     1.66000E-08
     6.70000E-07     1.30756E+00     1.89000E-08
     6.80000E-07     1.30733E+00     2.09000E-08
     6.90000E-07     1.30710E+00     2.40000E-08
     7.00000E-07     1.30688E+00     2.90000E-08
     7.10000E-07     1.30667E+00     3.44000E-08
     7.20000E-07     1.30646E+00     4.03000E-08
     7.30000E-07     1.30625E+00     4.30000E-08
     7.40000E-07     1.30605E+00     4.92000E-08
     7.50000E-07     1.30585E+00     5.87000E-08
     7.60000E-07     1.30566E+00     7.08000E-08
     7.70000E-07     1.30547E+00     8.58000E-08
     7.80000E-07     1.30528E+00     1.02000E-07
     7.90000E-07     1.30509E+00     1.18000E-07
     8.00000E-07     1.30491E+00     1.34000E-07
     8.10000E-07     1.30473E+00     1.40000E-07
     8.20000E-07     1.30455E+00     1.43000E-07
     8.30000E-07     1.30437E+00     1.45000E-07
     8.40000E-07     1.30419E+00     1.51000E-07
     8.50000E-07     1.30402E+00     1.83000E-07
     8.60000E-07     1.30385E+00     2.15000E-07
     8.70000E-07     1.30367E+00     2.65000E-07
     8.80000E-07     1.30350E+00     3.35000E-07
     8.90000E-07     1.30333E+00     3.92000E-07
     9.00000E-07     1.30316E+00     4.20000E-07
     9.10000E-07     1.30299E+00     4.44000E-07
     9.20000E-07     1.30283E+00     4.74000E-07
     9.30000E-07     1.30266E+00     5.11000E-07
     9.40000E-07     1.30249E+00     5.53000E-07
     9.50000E-07     1.30232E+00     6.02000E-07
     9.60000E-07     1.30216E+00     7.55000E-07
     9.70000E-07     1.30199E+00     9.26000E-07
     9.80000E-07     1.30182E+00     1.12000E-06
     9.90000E-07     1.30166E+00     1.33000E-06
     1.00000E-06     1.30149E+00     1.62000E-06
     1.01000E-06     1.30132E+00     2.00000E-06
     1.02000E-06     1.30116E+00     2.25000E-06
     1.03000E-06     1.30099E+00     2.33000E-06
     1.04000E-06     1.30082E+00     2.33000E-06
     1.05000E-06     1.30065E+00     2.17000E-06
     1.06000E-06     1.30048E+00     1.96000E-06
     1.07000E-06     1.30031E+00     1.81000E-06
     1.08000E-06     1.30014E+00     1.74000E-06
     1.09000E-06     1.29997E+00     1.73000E-06
     1.10000E-06     1.29979E+00     1.70000E-06
     1.11000E-06     1.29962E+00     1.76000E-06
     1.12000E-06     1.29945E+00     1.82000E-06
     1.13000E-06     1.29927E+00     2.04000E-06
     1.14000E-06     1.29909E+00     2.25000E-06
     1.15000E-06     1.29891E+00     2.29000E-06
     1.16000E-06     1.29873E+00     3.04000E-06
     1.17000E-06     1.29855E+00     3.84000E-06
     1.18000E-06     1.29837E+00     4.77000E-06
     1.19000E-06     1.29818E+00     5.76000E-06
     1.20000E-06     1.29800E+00     6.71000E-06
     1.21000E-06     1.29781E+00     8.66000E-06
     1.22000E-06     1.29762E+00     1.02000E-05
     1.23000E-06     1.29743E+00     1.13000E-05
     1.24000E-06     1.29724E+00     1.22000E-05
     1.25000E-06     1.29705E+00     1.29000E-05
     1.26000E-06     1.29686E+00     1.32000E-05
     1.27000E-06     1.29666E+00     1.35000E-05
     1.28000E-06     1.29646E+00     1.33000E-05
     1.29000E-06     1.29626E+00     1.32000E-05
     1.30000E-06     1.29605E+00     1.32000E-05
     1.31000E-06     1.29584E+00     1.31000E-05
     1.32000E-06     1.29563E+00     1.32000E-05
     1.33000E-06     1.29542E+00     1.32000E-05
     1.34000E-06     1.29521E+00     1.34000E-05
     1.35000E-06     1.29499E+00     1.39000E-05
     1.36000E-06     1.29476E+00     1.42000E-05
     1.37000E-06     1.29453E+00     1.48000E-05
     1.38000E-06     1.29430E+00     1.58000E-05
     1.39000E-06     1.29406E+00     1.74000E-05
     1.40000E-06     1.29381E+00     1.98000E-05
     1.41000E-06     1.29355E+00     2.50000E-05
     1.42000E-06     1.29327E+00     5.40000E-05
     1.43000E-06     1.29299E+00     1.04000E-04
     1.44000E-06     1.29272E+00     2.03000E-04
     1.44900E-06     1.29252E+00     2.70800E-04
     1.46000E-06     1.29228E+00     3.51100E-04
     1.47100E-06     1.29205E+00     4.29900E-04
     1.48100E-06     1.29186E+00     5.18100E-04
     1.49300E-06     1.29167E+00     5.85500E-04
     1.50400E-06     1.29150E+00     5.89900E-04
     1.51500E-06     1.29130E+00     5.63500E-04
     1.52700E-06     1.29106E+00     5.48000E-04
     1.53800E-06     1.29083E+00     5.26600E-04
     1.56300E-06     1.29025E+00     4.39400E-04
     1.58700E-06     1.28962E+00     3.70100E-04
     1.61300E-06     1.28891E+00     3.37200E-04
     1.65000E-06     1.28784E+00     2.41000E-04
     1.68000E-06     1.28689E+00     1.89000E-04
     1.70000E-06     1.28623E+00     1.66000E-04
     1.73000E-06     1.28521E+00     1.45000E-04
     1.76000E-06     1.28413E+00     1.28000E-04
     1.80000E-06     1.28261E+00     1.03000E-04
     1.83000E-06     1.28137E+00     8.60000E-05
     1.84000E-06     1.28093E+00     8.22000E-05
     1.85000E-06     1.28047E+00     8.03000E-05
     1.85500E-06     1.28022E+00     8.50000E-05
     1.86000E-06     1.27998E+00     9.90000E-05
     1.87000E-06     1.27948E+00     1.50000E-04
     1.89000E-06     1.27849E+00     2.95000E-04
     1.90500E-06     1.27774E+00     4.68700E-04
     1.92300E-06     1.27691E+00     7.61500E-04
     1.94200E-06     1.27610E+00     1.01000E-03
     1.96100E-06     1.27535E+00     1.31300E-03
     1.98000E-06     1.27471E+00     1.53900E-03
     2.00000E-06     1.27404E+00     1.58800E-03
     2.02000E-06     1.27329E+00     1.54000E-03
     2.04100E-06     1.27240E+00     1.41200E-03
     2.06200E-06     1.27139E+00     1.24400E-03
     2.08300E-06     1.27029E+00     1.06800E-03
     2.10500E-06     1.26901E+00     8.41400E-04
     2.13000E-06     1.26736E+00     5.65000E-04
     2.15000E-06     1.26591E+00     4.32000E-04
     2.17000E-06     1.26441E+00     3.50000E-04
     2.19000E-06     1.26284E+00     2.87000E-04
     2.22000E-06     1.26036E+00     2.21000E-04
     2.24000E-06     1.25860E+00     2.03000E-04
     2.24500E-06     1.25815E+00     2.01000E-04
     2.25000E-06     1.25768E+00     2.03000E-04
     2.26000E-06     1.25675E+00     2.14000E-04
     2.27000E-06     1.25579E+00     2.32000E-04
     2.29000E-06     1.25383E+00     2.89000E-04
     2.31000E-06     1.25179E+00     3.81000E-04
     2.33000E-06     1.24967E+00     4.62000E-04
     2.35000E-06     1.24745E+00     5.48000E-04
     2.37000E-06     1.24512E+00     6.18000E-04
     2.39000E-06     1.24266E+00     6.80000E-04
     2.41000E-06     1.24004E+00     7.30000E-04
     2.43000E-06     1.23725E+00     7.82000E-04
     2.46000E-06     1.23270E+00     8.48000E-04
     2.50000E-06     1.22583E+00     9.25000E-04
     2.52000E-06     1.22198E+00     9.20000E-04
     2.55000E-06     1.21548E+00     8.92000E-04
     2.56500E-06     1.21184E+00     8.70000E-04
     2.58000E-06     1.20790E+00     8.90000E-04
     2.59000E-06     1.20507E+00     9.30000E-04
     2.60000E-06     1.20209E+00     1.01000E-03
     2.62000E-06     1.19566E+00     1.35000E-03
     2.67500E-06     1.17411E+00     3.42000E-03
     2.72500E-06     1.14734E+00     7.92000E-03
     2.77800E-06     1.10766E+00     2.00000E-02
     2.81700E-06     1.06739E+00     3.80000E-02
     2.83300E-06     1.04762E+00     5.20000E-02
     2.84900E-06     1.02650E+00     6.80000E-02
     2.86500E-06     1.00357E+00     9.23000E-02
     2.88200E-06     9.81970E-01     1.27000E-01
     2.89900E-06     9.65030E-01     1.69000E-01
     2.91500E-06     9.59620E-01     2.21000E-01
     2.93300E-06     9.72690E-01     2.76000E-01
     2.95000E-06     9.91720E-01     3.12000E-01
     2.96700E-06     1.00668E+00     3.47000E-01
     2.98500E-06     1.02186E+00     3.88000E-01
     3.00300E-06     1.04270E+00     4.38000E-01
     3.02100E-06     1.07597E+00     4.93000E-01
     3.04000E-06     1.12954E+00     5.54000E-01
     3.05800E-06     1.21267E+00     6.12000E-01
     3.07700E-06     1.32509E+00     6.25000E-01
     3.09600E-06     1.42599E+00     5.93000E-01
     3.11500E-06     1.49656E+00     5.39000E-01
     3.13500E-06     1.55095E+00     4.91000E-01
     3.15500E-06     1.59988E+00     4.38000E-01
     3.17500E-06     1.63631E+00     3.72000E-01
     3.19500E-06     1.65024E+00     3.00000E-01
     3.21500E-06     1.64278E+00     2.38000E-01
     3.23600E-06     1.62691E+00     1.93000E-01
     3.25700E-06     1.61284E+00     1.58000E-01
     3.27900E-06     1.59245E+00     1.21000E-01
     3.30000E-06     1.57329E+00     1.03000E-01
     3.32200E-06     1.55770E+00     8.36000E-02
     3.34500E-06     1.54129E+00     6.68000E-02
     3.36700E-06     1.52654E+00     5.40000E-02
     3.39000E-06     1.51139E+00     4.22000E-02
     3.41300E-06     1.49725E+00     3.42000E-02
     3.43600E-06     1.48453E+00     2.74000E-02
     3.46000E-06     1.47209E+00     2.20000E-02
     3.48400E-06     1.46125E+00     1.86000E-02
     3.50900E-06     1.45132E+00     1.52000E-02
     3.53400E-06     1.44215E+00     1.26000E-02
     3.55900E-06     1.43366E+00     1.06000E-02
     3.62400E-06     1.41553E+00     8.02000E-03
     3.73200E-06     1.39417E+00     6.85000E-03
     3.77500E-06     1.38732E+00     6.60000E-03
     3.84700E-06     1.37735E+00     6.96000E-03
     3.96900E-06     1.36448E+00     9.16000E-03
     4.09900E-06     1.35414E+00     1.11000E-02
     4.23900E-06     1.34456E+00     1.45000E-02
     4.34800E-06     1.33882E+00     2.00000E-02
     4.38700E-06     1.33807E+00     2.30000E-02
     4.44400E-06     1.33847E+00     2.60000E-02
     4.50500E-06     1.34053E+00     2.90000E-02
     4.54700E-06     1.34287E+00     2.93000E-02
     4.56000E-06     1.34418E+00     3.00000E-02
     4.58000E-06     1.34634E+00     2.85000E-02
     4.71900E-06     1.34422E+00     1.73000E-02
     4.90400E-06     1.33453E+00     1.29000E-02
     5.00000E-06     1.32897E+00     1.20000E-02
     5.10000E-06     1.32333E+00     1.25000E-02
     5.20000E-06     1.31800E+00     1.34000E-02
     5.26300E-06     1.31432E+00     1.40000E-02
     5.40000E-06     1.30623E+00     1.75000E-02
     5.55600E-06     1.29722E+00     2.40000E-02
     5.71400E-06     1.28898E+00     3.50000E-02
     5.74700E-06     1.28730E+00     3.80000E-02
     5.78000E-06     1.28603E+00     4.20000E-02
     5.81400E-06     1.28509E+00     4.60000E-02
     5.84800E-06     1.28535E+00     5.20000E-02
     5.88200E-06     1.28813E+00     5.70000E-02
     6.06100E-06     1.30156E+00     6.90000E-02
     6.13500E-06     1.30901E+00     7.00000E-02
     6.25000E-06     1.31720E+00     6.70000E-02
     6.28900E-06     1.31893E+00     6.50000E-02
     6.32900E-06     1.32039E+00     6.40000E-02
     6.36900E-06     1.32201E+00     6.20000E-02
     6.41000E-06     1.32239E+00     5.90000E-02
     6.45200E-06     1.32149E+00     5.70000E-02
     6.49400E-06     1.32036E+00     5.60000E-02
     6.57900E-06     1.31814E+00     5.50000E-02
     6.66700E-06     1.31705E+00     5.70000E-02
     6.75700E-06     1.31807E+00     5.80000E-02
     6.89700E-06     1.31953E+00     5.70000E-02
     7.04200E-06     1.31933E+00     5.50000E-02
     7.14300E-06     1.31896E+00     5.50000E-02
     7.24600E-06     1.31909E+00     5.40000E-02
     7.35300E-06     1.31796E+00     5.20000E-02
     7.46300E-06     1.31631E+00     5.20000E-02
     7.57600E-06     1.31542E+00     5.20000E-02
     7.69200E-06     1.31540E+00     5.20000E-02
     7.81200E-06     1.31552E+00     5.00000E-02
     7.93700E-06     1.31455E+00     4.70000E-02
     8.06500E-06     1.31193E+00     4.30000E-02
     8.19700E-06     1.30677E+00     3.90000E-02
     8.33300E-06     1.29934E+00     3.70000E-02
     8.47500E-06     1.29253E+00     3.90000E-02
     8.69600E-06     1.28389E+00     4.00000E-02
     8.92900E-06     1.27401E+00     4.20000E-02
     9.09100E-06     1.26724E+00     4.40000E-02
     9.25900E-06     1.25990E+00     4.50000E-02
     9.52400E-06     1.24510E+00     4.60000E-02
     9.80400E-06     1.22241E+00     4.70000E-02
     1.00000E-05     1.19913E+00     5.10000E-02
     1.02000E-05     1.17150E+00     6.50000E-02
     1.03100E-05     1.15528E+00     7.50000E-02
     1.04200E-05     1.13700E+00     8.80000E-02
     1.05300E-05     1.11808E+00     1.08000E-01
     1.06400E-05     1.10134E+00     1.34000E-01
     1.07500E-05     1.09083E+00     1.68000E-01
     1.08700E-05     1.08734E+00     2.04000E-01
     1.10000E-05     1.09254E+00     2.48000E-01
     1.11100E-05     1.10654E+00     2.80000E-01
     1.13600E-05     1.14779E+00     3.41000E-01
     1.16300E-05     1.20202E+00     3.79000E-01
     1.19000E-05     1.25825E+00     4.09000E-01
     1.22000E-05     1.32305E+00     4.22000E-01
     1.25000E-05     1.38574E+00     4.22000E-01
     1.28200E-05     1.44478E+00     4.03000E-01
     1.29900E-05     1.47170E+00     3.89000E-01
     1.31600E-05     1.49619E+00     3.74000E-01
     1.33300E-05     1.51652E+00     3.54000E-01
     1.35100E-05     1.53328E+00     3.35000E-01
     1.37000E-05     1.54900E+00     3.15000E-01
     1.38900E-05     1.56276E+00     2.94000E-01
     1.40800E-05     1.57317E+00     2.71000E-01
     1.42900E-05     1.58028E+00     2.46000E-01
     1.47100E-05     1.57918E+00     1.98000E-01
     1.51500E-05     1.56672E+00     1.64000E-01
     1.53800E-05     1.55869E+00     1.52000E-01
     1.56300E-05     1.55081E+00     1.42000E-01
     1.61300E-05     1.53807E+00     1.28000E-01
     1.63900E-05     1.53296E+00     1.25000E-01
     1.66700E-05     1.53220E+00     1.23000E-01
     1.69500E-05     1.53340E+00     1.16000E-01
     1.72400E-05     1.53289E+00     1.07000E-01
     1.81800E-05     1.51705E+00     7.90000E-02
     1.88700E-05     1.50097E+00     7.20000E-02
     1.92300E-05     1.49681E+00     7.60000E-02
     1.96100E-05     1.49928E+00     7.50000E-02
     2.00000E-05     1.50153E+00     6.70000E-02
     2.04100E-05     1.49856E+00     5.50000E-02
     2.08300E-05     1.49053E+00     4.50000E-02
     2.22200E-05     1.46070E+00     2.90000E-02
     2.26000E-05     1.45182E+00     2.75000E-02
     2.30500E-05     1.44223E+00     2.70000E-02
     2.36000E-05     1.43158E+00     2.73000E-02
     2.46000E-05     1.41385E+00     2.89000E-02
     2.50000E-05     1.40676E+00     3.00000E-02
     2.60000E-05     1.38955E+00     3.40000E-02
     2.85700E-05     1.34894E+00     5.30000E-02
     3.10000E-05     1.31039E+00     7.55000E-02
     3.33300E-05     1.26420E+00     1.06000E-01
     3.44800E-05     1.23656E+00     1.35000E-01
     3.56400E-05     1.21663E+00     1.76100E-01
     3.70000E-05     1.20233E+00     2.22900E-01
     3.82400E-05     1.19640E+00     2.74600E-01
     3.96000E-05     1.19969E+00     3.28000E-01
     4.11400E-05     1.20860E+00     3.90600E-01
     4.27600E-05     1.22173E+00     4.64200E-01
     4.35800E-05     1.24166E+00     5.24700E-01
     4.45800E-05     1.28175E+00     5.73100E-01
     4.55000E-05     1.32784E+00     6.36200E-01
     4.61500E-05     1.38657E+00     6.83900E-01
     4.67100E-05     1.46486E+00     7.09100E-01
     4.73600E-05     1.55323E+00     6.79000E-01
     4.80000E-05     1.60379E+00     6.25000E-01
     4.87800E-05     1.61877E+00     5.65400E-01
     5.00300E-05     1.62963E+00     5.43300E-01
     5.12800E-05     1.65712E+00     5.29200E-01
     5.27500E-05     1.69810E+00     5.07000E-01
     5.35000E-05     1.72065E+00     4.88300E-01
     5.42400E-05     1.74865E+00     4.70700E-01
     5.50000E-05     1.76736E+00     4.20300E-01
     5.57400E-05     1.76476E+00     3.77100E-01
     5.64000E-05     1.75011E+00     3.37600E-01
     5.70000E-05     1.72327E+00     3.05600E-01
     5.74600E-05     1.68490E+00     2.83500E-01
     5.84000E-05     1.62398E+00     3.17000E-01
     5.92900E-05     1.59596E+00     3.51700E-01
     6.00000E-05     1.58514E+00     3.90200E-01
     6.10000E-05     1.59917E+00     4.50900E-01
     6.12500E-05     1.61405E+00     4.67100E-01
     6.25000E-05     1.66625E+00     4.77900E-01
     6.37800E-05     1.70663E+00     4.89000E-01
     6.46700E-05     1.73713E+00     4.89900E-01
     6.55800E-05     1.76860E+00     4.87300E-01
     6.65500E-05     1.80343E+00     4.76600E-01
     6.76000E-05     1.83296E+00     4.50800E-01
     6.90000E-05     1.85682E+00     4.19300E-01
     7.05300E-05     1.87411E+00     3.88000E-01
     7.30000E-05     1.89110E+00     3.43300E-01
     7.50000E-05     1.89918E+00     3.11800E-01
     7.62900E-05     1.90432E+00     2.93500E-01
     8.00000E-05     1.90329E+00     2.35000E-01
     8.29700E-05     1.88744E+00     1.98100E-01
     8.50000E-05     1.87499E+00     1.86500E-01
     8.68000E-05     1.86702E+00     1.77100E-01
     9.08000E-05     1.85361E+00     1.62000E-01
     9.51700E-05     1.84250E+00     1.49000E-01
     1.00000E-04     1.83225E+00     1.39000E-01
     1.20000E-04     1.81914E+00     1.20000E-01
     1.50000E-04     1.82268E+00     9.62000E-02
     1.67000E-04     1.82961E+00     8.30000E-02
     1.77800E-04     1.83258E+00     6.90000E-02
     1.88400E-04     1.83149E+00     5.70000E-02
     1.99500E-04     1.82748E+00     4.56000E-02
     2.11300E-04     1.82224E+00     3.79000E-02
     2.23900E-04     1.81718E+00     3.14000E-02
     1.00000E-01     1.00000E+00     0.00000E+00
*END
