Refractive Index of Water (Hale & Querry to 2 um; thereafter Williams et al.)
     Wavelength (m)  Real Part       Imaginary Part
*BEGIN_DATA
     2.00000e-07     1.39600e+00     1.10000e-07
     2.25000e-07     1.37300e+00     4.90000e-08
     2.50000e-07     1.36200e+00     3.35000e-08
     2.75000e-07     1.35400e+00     2.35000e-08
     3.00000e-07     1.34900e+00     1.60000e-08
     3.25000e-07     1.34600e+00     1.08000e-08
     3.50000e-07     1.34300e+00     6.60000e-09
     3.75000e-07     1.34100e+00     3.50000e-09
     4.00000e-07     1.33900e+00     1.86000e-09
     4.25000e-07     1.33800e+00     1.30000e-09
     4.50000e-07     1.33700e+00     1.02000e-09
     4.75000e-07     1.33600e+00     9.35000e-10
     5.00000e-07     1.33500e+00     1.00000e-09
     5.25000e-07     1.33400e+00     1.32000e-09
     5.50000e-07     1.33300e+00     1.96000e-09
     5.75000e-07     1.33300e+00     3.60000e-09
     6.00000e-07     1.33200e+00     1.09000e-08
     6.25000e-07     1.33200e+00     1.39000e-08
     6.50000e-07     1.33100e+00     1.64000e-08
     6.75000e-07     1.33100e+00     2.23000e-08
     7.00000e-07     1.33100e+00     3.35000e-08
     7.25000e-07     1.33000e+00     9.15000e-08
     7.50000e-07     1.33000e+00     1.56000e-07
     7.75000e-07     1.33000e+00     1.48000e-07
     8.00000e-07     1.32900e+00     1.25000e-07
     8.25000e-07     1.32900e+00     1.82000e-07
     8.50000e-07     1.32900e+00     2.93000e-07
     8.75000e-07     1.32800e+00     3.91000e-07
     9.00000e-07     1.32800e+00     4.86000e-07
     9.25000e-07     1.32800e+00     1.06000e-06
     9.50000e-07     1.32700e+00     2.93000e-06
     9.75000e-07     1.32700e+00     3.48000e-06
     1.00000e-06     1.32700e+00     2.89000e-06
     1.05000e-06     1.32700e+00     1.11000e-06
     1.10000e-06     1.32600e+00     1.71000e-06
     1.15000e-06     1.32500e+00     7.19000e-06
     1.20000e-06     1.32400e+00     9.89000e-06
     1.25000e-06     1.32300e+00     8.68000e-06
     1.30000e-06     1.32200e+00     1.12000e-05
     1.35000e-06     1.32200e+00     2.28000e-05
     1.40000e-06     1.32100e+00     1.38000e-04
     1.45000e-06     1.32000e+00     3.31000e-04
     1.50000e-06     1.31900e+00     2.05000e-04
     1.55000e-06     1.31800e+00     1.16000e-04
     1.60000e-06     1.31700e+00     8.55000e-05
     1.65000e-06     1.31600e+00     6.28000e-05
     1.70000e-06     1.31400e+00     6.62000e-05
     1.75000e-06     1.31300e+00     9.13000e-05    
     1.80000e-06     1.31200e+00     1.15000e-04
     1.85000e-06     1.31100e+00     2.18000e-04
     1.90000e-06     1.31000e+00     1.00000e-03
     1.95000e-06     1.30800e+00     1.71000e-03
     2.00000e-06     1.30300e+00     1.10000e-03
     2.02020e-06     1.30100e+00     9.00000e-04
     2.04082e-06     1.30100e+00     7.31000e-04
     2.06186e-06     1.30000e+00     6.17000e-04
     2.08333e-06     1.29800e+00     5.14000e-04
     2.10526e-06     1.29800e+00     4.52000e-04
     2.12766e-06     1.29600e+00     4.00000e-04
     2.15054e-06     1.29500e+00     3.59000e-04
     2.17391e-06     1.29400e+00     3.41000e-04
     2.19780e-06     1.29300e+00     3.38000e-04
     2.22222e-06     1.29100e+00     3.45000e-04
     2.24719e-06     1.28900e+00     3.76000e-04
     2.27273e-06     1.28700e+00     4.16000e-04
     2.29885e-06     1.28500e+00     4.65000e-04
     2.32558e-06     1.28200e+00     5.42000e-04
     2.35294e-06     1.28000e+00     6.52000e-04
     2.38095e-06     1.27700e+00     7.92000e-04
     2.40964e-06     1.27400e+00     9.68000e-04
     2.43902e-06     1.27000e+00     1.23000e-03
     2.46914e-06     1.26500e+00     1.56000e-03
     2.50000e-06     1.26100e+00     1.90000e-03
     2.50627e-06     1.26000e+00     1.95000e-03
     2.51256e-06     1.25900e+00     2.00000e-03
     2.51889e-06     1.25700e+00     2.05000e-03
     2.52525e-06     1.25600e+00     2.07000e-03
     2.53165e-06     1.25500e+00     2.10000e-03
     2.53807e-06     1.25400e+00     2.12000e-03
     2.54453e-06     1.25200e+00     2.15000e-03
     2.55102e-06     1.25000e+00     2.19000e-03
     2.55754e-06     1.24900e+00     2.24000e-03
     2.56410e-06     1.24700e+00     2.27000e-03
     2.57069e-06     1.24600e+00     2.31000e-03
     2.57732e-06     1.24300e+00     2.34000e-03
     2.58398e-06     1.24100e+00     2.39000e-03
     2.59067e-06     1.24000e+00     2.43000e-03
     2.59740e-06     1.23800e+00     2.48000e-03
     2.60417e-06     1.23500e+00     2.57000e-03
     2.61097e-06     1.23200e+00     2.70000e-03
     2.61780e-06     1.23000e+00     2.98000e-03
     2.62467e-06     1.22700e+00     3.30000e-03
     2.63158e-06     1.22400e+00     4.02000e-03
     2.63852e-06     1.22100e+00     4.02000e-03
     2.64550e-06     1.21800e+00     4.82000e-03
     2.65252e-06     1.21400e+00     5.36000e-03
     2.65957e-06     1.21000e+00     6.27000e-03
     2.66667e-06     1.20500e+00     7.32000e-03
     2.67380e-06     1.20000e+00     8.55000e-03
     2.68097e-06     1.19500e+00     1.05000e-02
     2.68817e-06     1.19100e+00     1.27000e-02
     2.69542e-06     1.18500e+00     1.45000e-02
     2.70270e-06     1.17900e+00     1.64000e-02
     2.71003e-06     1.17200e+00     1.86000e-02
     2.71739e-06     1.16600e+00     2.05000e-02
     2.72480e-06     1.15700e+00     2.82000e-02
     2.73224e-06     1.14900e+00     3.80000e-02
     2.73973e-06     1.14400e+00     4.62000e-02
     2.74725e-06     1.13900e+00     5.48000e-02
     2.75482e-06     1.13800e+00     6.49000e-02
     2.76243e-06     1.13800e+00     7.44000e-02
     2.77008e-06     1.13900e+00     8.36000e-02
     2.77778e-06     1.14100e+00     9.27000e-02
     2.78552e-06     1.14400e+00     1.02000e-01
     2.79330e-06     1.14900e+00     1.12000e-01
     2.80112e-06     1.15400e+00     1.21000e-01
     2.80899e-06     1.15800e+00     1.31000e-01
     2.81690e-06     1.16100e+00     1.42000e-01
     2.82486e-06     1.16500e+00     1.54000e-01
     2.83286e-06     1.17100e+00     1.67000e-01
     2.84091e-06     1.17700e+00     1.80000e-01
     2.84900e-06     1.18300e+00     1.94000e-01
     2.85714e-06     1.19100e+00     2.06000e-01
     2.86533e-06     1.19900e+00     2.18000e-01
     2.87356e-06     1.21200e+00     2.29000e-01
     2.88184e-06     1.22000e+00     2.39000e-01
     2.89017e-06     1.23300e+00     2.49000e-01
     2.89855e-06     1.24600e+00     2.58000e-01
     2.90698e-06     1.25800e+00     2.65000e-01
     2.91545e-06     1.27100e+00     2.71000e-01
     2.92398e-06     1.28200e+00     2.76000e-01
     2.93255e-06     1.29300e+00     2.80000e-01
     2.94118e-06     1.30500e+00     2.81000e-01
     2.94985e-06     1.31700e+00     2.82000e-01
     2.95858e-06     1.32900e+00     2.82000e-01
     2.96736e-06     1.34200e+00     2.79000e-01
     2.97619e-06     1.35300e+00     2.76000e-01
     2.98507e-06     1.36400e+00     2.72000e-01
     2.99401e-06     1.37600e+00     2.67000e-01
     3.00300e-06     1.38600e+00     2.62000e-01
     3.01205e-06     1.39800e+00     2.55000e-01
     3.02115e-06     1.40700e+00     2.50000e-01
     3.03030e-06     1.41700e+00     2.43000e-01
     3.03951e-06     1.42600e+00     2.36000e-01
     3.04878e-06     1.43400e+00     2.28000e-01
     3.05810e-06     1.44200e+00     2.20000e-01
     3.06748e-06     1.45000e+00     2.12000e-01
     3.07692e-06     1.45700e+00     2.04000e-01
     3.08642e-06     1.46500e+00     1.95000e-01
     3.09598e-06     1.47100e+00     1.83000e-01
     3.10559e-06     1.47600e+00     1.73000e-01
     3.11526e-06     1.48000e+00     1.63000e-01
     3.12500e-06     1.48300e+00     1.53000e-01
     3.13480e-06     1.48600e+00     1.44000e-01
     3.14465e-06     1.48700e+00     1.34000e-01
     3.15457e-06     1.48700e+00     1.25000e-01
     3.16456e-06     1.48700e+00     1.17000e-01
     3.17460e-06     1.48600e+00     1.10000e-01
     3.18471e-06     1.48500e+00     9.94000e-02
     3.19489e-06     1.48200e+00     9.20000e-02
     3.20513e-06     1.47900e+00     8.55000e-02
     3.21543e-06     1.47700e+00     7.85000e-02
     3.22581e-06     1.47400e+00     7.16000e-02
     3.23625e-06     1.47200e+00     6.53000e-02
     3.24675e-06     1.46700e+00     6.00000e-02
     3.25733e-06     1.46400e+00     5.50000e-02
     3.26797e-06     1.46100e+00     5.04000e-02
     3.27869e-06     1.45700e+00     4.62000e-02
     3.28947e-06     1.45400e+00     4.22000e-02
     3.30033e-06     1.45100e+00     3.85000e-02
     3.31126e-06     1.44800e+00     3.48000e-02
     3.32226e-06     1.44400e+00     3.15000e-02
     3.33333e-06     1.44100e+00     2.97000e-02
     3.34448e-06     1.43700e+00     2.79000e-02
     3.35570e-06     1.43400e+00     2.62000e-02
     3.36700e-06     1.43100e+00     2.50000e-02
     3.37838e-06     1.42700e+00     2.29000e-02
     3.38983e-06     1.42500e+00     2.10000e-02
     3.40136e-06     1.42100e+00     1.93000e-02
     3.41297e-06     1.41800e+00     1.77000e-02
     3.42466e-06     1.41500e+00     1.63000e-02
     3.43643e-06     1.41300e+00     1.51000e-02
     3.44828e-06     1.41000e+00     1.38000e-02
     3.46021e-06     1.40700e+00     1.28000e-02
     3.47222e-06     1.40500e+00     1.18000e-02
     3.48432e-06     1.40300e+00     1.10000e-02
     3.49650e-06     1.40000e+00     1.01000e-02
     3.50877e-06     1.39800e+00     9.41000e-03
     3.52113e-06     1.39600e+00     8.66000e-03
     3.53357e-06     1.39400e+00     8.07000e-03
     3.54610e-06     1.39200e+00     7.37000e-03
     3.55872e-06     1.39000e+00     6.83000e-03
     3.57143e-06     1.38800e+00     6.25000e-03
     3.58423e-06     1.38700e+00     5.79000e-03
     3.59712e-06     1.38500e+00     5.38000e-03
     3.61011e-06     1.38300e+00     5.06000e-03
     3.62319e-06     1.38200e+00     4.73000e-03
     3.63636e-06     1.37900e+00     4.49000e-03
     3.64964e-06     1.37800e+00     4.24000e-03
     3.66300e-06     1.37700e+00     4.05000e-03
     3.67647e-06     1.37500e+00     3.89000e-03
     3.69004e-06     1.37400e+00     3.76000e-03
     3.70370e-06     1.37200e+00     3.63000e-03
     3.71747e-06     1.37100e+00     3.55000e-03
     3.73134e-06     1.37000e+00     3.47000e-03
     3.74532e-06     1.36900e+00     3.40000e-03
     3.75940e-06     1.36700e+00     3.35000e-03
     3.77358e-06     1.36600e+00     3.36000e-03
     3.78788e-06     1.36500e+00     3.35000e-03
     3.80228e-06     1.36300e+00     3.39000e-03
     3.81679e-06     1.36100e+00     3.40000e-03
     3.83142e-06     1.36100e+00     3.48000e-03
     3.84615e-06     1.36000e+00     3.52000e-03
     3.86100e-06     1.35800e+00     3.63000e-03
     3.87597e-06     1.35800e+00     3.70000e-03
     3.89105e-06     1.35700e+00     3.78000e-03
     3.90625e-06     1.35500e+00     3.89000e-03
     3.92157e-06     1.35400e+00     3.99000e-03
     3.93701e-06     1.35300e+00     4.10000e-03
     3.95257e-06     1.35200e+00     4.22000e-03
     3.96825e-06     1.35100e+00     4.33000e-03
     3.98406e-06     1.35000e+00     4.50000e-03
     4.00000e-06     1.34900e+00     4.65000e-03
     4.01606e-06     1.34800e+00     4.79000e-03
     4.03226e-06     1.34800e+00     4.94000e-03
     4.04858e-06     1.34700e+00     5.12000e-03
     4.06504e-06     1.34600e+00     5.31000e-03
     4.08163e-06     1.34500e+00     5.49000e-03
     4.09836e-06     1.34400e+00     5.68000e-03
     4.11523e-06     1.34400e+00     5.86000e-03
     4.13223e-06     1.34300e+00     6.08000e-03
     4.14938e-06     1.34200e+00     6.31000e-03
     4.16667e-06     1.34100e+00     6.53000e-03
     4.18410e-06     1.34000e+00     6.73000e-03
     4.20168e-06     1.34000e+00     6.96000e-03
     4.21941e-06     1.33800e+00     7.22000e-03
     4.23729e-06     1.33700e+00     7.49000e-03
     4.25532e-06     1.33700e+00     7.79000e-03
     4.27350e-06     1.33500e+00     8.06000e-03
     4.29185e-06     1.33400e+00     8.33000e-03
     4.31034e-06     1.33400e+00     8.64000e-03
     4.32900e-06     1.33300e+00     8.96000e-03
     4.34783e-06     1.33200e+00     9.27000e-03
     4.36681e-06     1.33200e+00     9.66000e-03
     4.38596e-06     1.33100e+00     1.00000e-02
     4.40529e-06     1.33000e+00     1.04000e-02
     4.42478e-06     1.33000e+00     1.08000e-02
     4.44444e-06     1.33000e+00     1.12000e-02
     4.46429e-06     1.32900e+00     1.17000e-02
     4.48430e-06     1.32900e+00     1.22000e-02
     4.50450e-06     1.32900e+00     1.26000e-02
     4.52489e-06     1.32800e+00     1.31000e-02
     4.54545e-06     1.32800e+00     1.36000e-02
     4.56621e-06     1.32700e+00     1.40000e-02
     4.58716e-06     1.32700e+00     1.45000e-02
     4.60829e-06     1.32700e+00     1.49000e-02
     4.62963e-06     1.32700e+00     1.52000e-02
     4.65116e-06     1.32700e+00     1.54000e-02
     4.67290e-06     1.32600e+00     1.56000e-02
     4.69484e-06     1.32600e+00     1.57000e-02
     4.71698e-06     1.32600e+00     1.57000e-02
     4.73934e-06     1.32500e+00     1.57000e-02
     4.76190e-06     1.32500e+00     1.55000e-02
     4.78469e-06     1.32500e+00     1.53000e-02
     4.80769e-06     1.32500e+00     1.51000e-02
     4.83092e-06     1.32500e+00     1.48000e-02
     4.85437e-06     1.32500e+00     1.46000e-02
     4.87805e-06     1.32400e+00     1.43000e-02
     4.90196e-06     1.32400e+00     1.40000e-02
     4.92611e-06     1.32300e+00     1.37000e-02
     4.95050e-06     1.32200e+00     1.33000e-02
     4.97512e-06     1.32200e+00     1.29000e-02
     5.00000e-06     1.32100e+00     1.26000e-02
     5.02513e-06     1.32000e+00     1.22000e-02
     5.05051e-06     1.31900e+00     1.18000e-02
     5.07614e-06     1.31800e+00     1.15000e-02
     5.10204e-06     1.31800e+00     1.10000e-02
     5.12821e-06     1.31700e+00     1.08000e-02
     5.15464e-06     1.31600e+00     1.05000e-02
     5.18135e-06     1.31400e+00     1.03000e-02
     5.20833e-06     1.31300e+00     1.01000e-02
     5.23560e-06     1.31100e+00     1.00000e-02
     5.26316e-06     1.31000e+00     9.93000e-03
     5.29101e-06     1.30800e+00     9.90000e-03
     5.31915e-06     1.30600e+00     9.95000e-03
     5.34759e-06     1.30400e+00     1.00000e-02
     5.37634e-06     1.30200e+00     1.02000e-02
     5.40541e-06     1.29900e+00     1.04000e-02
     5.43478e-06     1.29700e+00     1.07000e-02
     5.46448e-06     1.29400e+00     1.10000e-02
     5.49451e-06     1.29100e+00     1.15000e-02
     5.52486e-06     1.28800e+00     1.20000e-02
     5.55556e-06     1.28500e+00     1.28000e-02
     5.58659e-06     1.28200e+00     1.38000e-02
     5.61798e-06     1.27800e+00     1.50000e-02
     5.64972e-06     1.27500e+00     1.66000e-02
     5.68182e-06     1.27100e+00     1.85000e-02
     5.71429e-06     1.26700e+00     2.05000e-02
     5.74713e-06     1.26200e+00     2.42000e-02
     5.78035e-06     1.25600e+00     2.93000e-02
     5.81395e-06     1.25100e+00     3.32000e-02
     5.84795e-06     1.24700e+00     4.29000e-02
     5.88235e-06     1.24200e+00     5.44000e-02
     5.91716e-06     1.24100e+00     6.88000e-02
     5.95238e-06     1.24100e+00     8.40000e-02
     5.98802e-06     1.24700e+00     1.02100e-01
     6.02410e-06     1.26500e+00     1.17000e-01
     6.06061e-06     1.28900e+00     1.30000e-01
     6.09756e-06     1.31100e+00     1.32000e-01
     6.13497e-06     1.33200e+00     1.24000e-01
     6.17284e-06     1.34900e+00     1.06000e-01
     6.21118e-06     1.35400e+00     8.80000e-02
     6.25000e-06     1.35600e+00     7.40000e-02
     6.28931e-06     1.35400e+00     6.18000e-02
     6.32911e-06     1.35000e+00     5.35000e-02
     6.36943e-06     1.34500e+00     4.84000e-02
     6.41026e-06     1.34100e+00     4.47000e-02
     6.45161e-06     1.33700e+00     4.20000e-02
     6.49351e-06     1.33300e+00     3.98000e-02
     6.53595e-06     1.33000e+00     3.83000e-02
     6.57895e-06     1.32600e+00     3.73000e-02
     6.62252e-06     1.32400e+00     3.70000e-02
     6.66667e-06     1.32200e+00     3.66000e-02
     6.71141e-06     1.32000e+00     3.63000e-02
     6.75676e-06     1.31900e+00     3.60000e-02
     6.80272e-06     1.31800e+00     3.57000e-02
     6.84932e-06     1.31700e+00     3.55000e-02
     6.89655e-06     1.31600e+00     3.52000e-02
     6.94444e-06     1.31500e+00     3.50000e-02
     6.99301e-06     1.31400e+00     3.47000e-02
     7.04225e-06     1.31300e+00     3.46000e-02
     7.09220e-06     1.31100e+00     3.43000e-02
     7.14286e-06     1.31000e+00     3.42000e-02
     7.19424e-06     1.30900e+00     3.42000e-02
     7.24638e-06     1.30800e+00     3.42000e-02
     7.29927e-06     1.30700e+00     3.43000e-02
     7.35294e-06     1.30600e+00     3.42000e-02
     7.40741e-06     1.30500e+00     3.42000e-02
     7.46269e-06     1.30300e+00     3.42000e-02
     7.51880e-06     1.30200e+00     3.42000e-02
     7.57576e-06     1.30100e+00     3.42000e-02
     7.63359e-06     1.30000e+00     3.44000e-02
     7.69231e-06     1.29800e+00     3.45000e-02
     7.75194e-06     1.29600e+00     3.46000e-02
     7.81250e-06     1.29500e+00     3.49000e-02
     7.87402e-06     1.29400e+00     3.51000e-02
     7.93651e-06     1.29300e+00     3.51000e-02
     8.00000e-06     1.29100e+00     3.51000e-02
     8.06452e-06     1.28800e+00     3.52000e-02
     8.13008e-06     1.28600e+00     3.56000e-02
     8.19672e-06     1.28500e+00     3.59000e-02
     8.26446e-06     1.28300e+00     3.61000e-02
     8.33333e-06     1.28100e+00     3.62000e-02
     8.40336e-06     1.27900e+00     3.66000e-02
     8.47458e-06     1.27600e+00     3.70000e-02
     8.54701e-06     1.27400e+00     3.74000e-02
     8.62069e-06     1.27100e+00     3.78000e-02
     8.69565e-06     1.26900e+00     3.83000e-02
     8.77193e-06     1.26700e+00     3.87000e-02
     8.84956e-06     1.26400e+00     3.92000e-02
     8.92857e-06     1.26100e+00     3.98000e-02
     9.00901e-06     1.25900e+00     4.05000e-02
     9.09091e-06     1.25600e+00     4.11000e-02
     9.17431e-06     1.25300e+00     4.17000e-02
     9.25926e-06     1.24900e+00     4.24000e-02
     9.34579e-06     1.24600e+00     4.34000e-02
     9.43396e-06     1.24200e+00     4.43000e-02
     9.52381e-06     1.23800e+00     4.53000e-02
     9.61538e-06     1.23400e+00     4.67000e-02
     9.70874e-06     1.23000e+00     4.81000e-02
     9.80392e-06     1.22400e+00     4.97000e-02
     9.90099e-06     1.22000e+00     5.15000e-02
     1.00000e-05     1.21400e+00     5.34000e-02
     1.01010e-05     1.20800e+00     5.57000e-02
     1.02041e-05     1.20200e+00     5.89000e-02
     1.03093e-05     1.19400e+00     6.22000e-02
     1.04167e-05     1.18900e+00     6.61000e-02
     1.05263e-05     1.18100e+00     7.07000e-02
     1.06383e-05     1.17400e+00     7.64000e-02
     1.07527e-05     1.16800e+00     8.28000e-02
     1.08696e-05     1.16200e+00     8.98000e-02
     1.09890e-05     1.15600e+00     9.73000e-02
     1.11111e-05     1.14900e+00     1.07000e-01
     1.12360e-05     1.14300e+00     1.18000e-01
     1.13636e-05     1.13900e+00     1.30000e-01
     1.14943e-05     1.13500e+00     1.44000e-01
     1.16279e-05     1.13200e+00     1.59000e-01
     1.17647e-05     1.13200e+00     1.76000e-01
     1.19048e-05     1.13100e+00     1.92000e-01
     1.20482e-05     1.13200e+00     2.08000e-01
     1.21951e-05     1.13000e+00     2.26000e-01
     1.23457e-05     1.13000e+00     2.43000e-01
     1.25000e-05     1.13400e+00     2.60000e-01
     1.26582e-05     1.13800e+00     2.77000e-01
     1.28205e-05     1.14200e+00     2.92000e-01
     1.29870e-05     1.15700e+00     3.05000e-01
     1.31579e-05     1.17100e+00     3.17000e-01
     1.33333e-05     1.18200e+00     3.28000e-01
     1.35135e-05     1.18900e+00     3.38000e-01
     1.36986e-05     1.20100e+00     3.47000e-01
     1.38889e-05     1.21300e+00     3.56000e-01
     1.40845e-05     1.22300e+00     3.65000e-01
     1.42857e-05     1.23600e+00     3.73000e-01
     1.44928e-05     1.24900e+00     3.79000e-01
     1.47059e-05     1.26400e+00     3.86000e-01
     1.49254e-05     1.27700e+00     3.92000e-01
     1.51515e-05     1.28900e+00     3.97000e-01
     1.53846e-05     1.30300e+00     4.03000e-01
     1.56250e-05     1.31300e+00     4.08000e-01
     1.58730e-05     1.32400e+00     4.12000e-01
     1.61290e-05     1.33500e+00     4.17000e-01
     1.63934e-05     1.34800e+00     4.20000e-01
     1.66667e-05     1.36100e+00     4.23000e-01
     1.69492e-05     1.37200e+00     4.25000e-01
     1.72414e-05     1.38500e+00     4.27000e-01
     1.75439e-05     1.39600e+00     4.28000e-01
     1.78571e-05     1.40700e+00     4.27000e-01
     1.81818e-05     1.41900e+00     4.27000e-01
     1.85185e-05     1.43100e+00     4.26000e-01
     1.88679e-05     1.44100e+00     4.25000e-01
     1.92308e-05     1.45100e+00     4.23000e-01
     1.96078e-05     1.46200e+00     4.21000e-01
     2.00000e-05     1.47000e+00     4.18000e-01
     2.04082e-05     1.48000e+00     4.15000e-01
     2.08333e-05     1.48800e+00     4.11000e-01
     2.12766e-05     1.49600e+00     4.08000e-01
     2.17391e-05     1.50400e+00     4.04000e-01
     2.22222e-05     1.51000e+00     4.01000e-01
     2.27273e-05     1.51500e+00     3.97000e-01
     2.32558e-05     1.52100e+00     3.94000e-01
     2.38095e-05     1.52700e+00     3.90000e-01
     2.43902e-05     1.53200e+00     3.86000e-01
     2.50000e-05     1.53700e+00     3.82000e-01
     2.56410e-05     1.54100e+00     3.77000e-01
     2.63158e-05     1.54500e+00     3.72000e-01
     2.70270e-05     1.54900e+00     3.68000e-01
     2.77778e-05     1.55200e+00     3.63000e-01
     2.85714e-05     1.55200e+00     3.59000e-01
     2.94118e-05     1.55200e+00     3.56000e-01
     3.03030e-05     1.55000e+00     3.52000e-01
     3.12500e-05     1.54600e+00     3.53000e-01
     3.22581e-05     1.54300e+00     3.57000e-01
     3.33333e-05     1.54100e+00     3.61000e-01
     3.44828e-05     1.53900e+00     3.68000e-01
     3.57143e-05     1.53700e+00     3.75000e-01
     3.70370e-05     1.53400e+00     3.85000e-01
     3.84615e-05     1.53200e+00     3.98000e-01
     4.00000e-05     1.52900e+00     4.14000e-01
     4.16667e-05     1.52500e+00     4.36000e-01
     4.34783e-05     1.52800e+00     4.69000e-01
     4.54545e-05     1.54200e+00     5.05000e-01
     4.76190e-05     1.56700e+00     5.39000e-01
     5.00000e-05     1.60000e+00     5.71000e-01
     5.26316e-05     1.64000e+00     5.97000e-01
     5.55556e-05     1.68900e+00     6.18000e-01
     5.88235e-05     1.74600e+00     6.29000e-01
     6.25000e-05     1.80100e+00     6.22000e-01
     6.66667e-05     1.84800e+00     6.08000e-01
     7.14286e-05     1.89000e+00     5.93000e-01
     7.69231e-05     1.92900e+00     5.77000e-01
     8.33333e-05     1.96000e+00     5.57000e-01
     9.09091e-05     1.98200e+00     5.32000e-01
     1.00000e-04     1.99700e+00     5.07000e-01
     1.11111e-04     2.00000e+00     4.87000e-01
     1.25000e-04     2.01000e+00     4.66000e-01
     1.42857e-04     2.02000e+00     4.50000e-01
     1.66667e-04     2.04000e+00     4.44000e-01
     2.00000e-04     2.07000e+00     4.38000e-01
     2.50000e-04     2.11000e+00     4.60000e-01
     3.33333e-04     2.15000e+00     5.27000e-01
     5.00000e-04     2.22500e+00     7.18000e-01
     1.00000e-03     2.60000e+00     1.09020e+00
     1.00000e-01     1.00000e+00     0.00000e+00
*END
