REDUCED SOLAR SPECTRUM OF KURUCZ (1995)
      WAVELENGTH        IRRADIANCE
          (m)               (W/m3)
*BEGIN_DATA
      2.004008e-07      8.245626e+06
      2.008032e-07      8.169478e+06
      2.012072e-07      8.631978e+06
      2.016129e-07      8.509556e+06
      2.020202e-07      9.033255e+06
      2.024291e-07      8.412803e+06
      2.028398e-07      8.559368e+06
      2.032520e-07      9.671980e+06
      2.036660e-07      1.014855e+07
      2.040816e-07      1.007945e+07
      2.044990e-07      1.123715e+07
      2.049180e-07      1.104431e+07
      2.053388e-07      1.164970e+07
      2.057613e-07      1.063753e+07
      2.061856e-07      1.143017e+07
      2.066116e-07      1.175648e+07
      2.070393e-07      1.205062e+07
      2.074689e-07      1.338749e+07
      2.079002e-07      1.396528e+07
      2.083333e-07      1.368384e+07
      2.087683e-07      1.709730e+07
      2.092050e-07      2.069275e+07
      2.096436e-07      2.148926e+07
      2.100840e-07      2.694475e+07
      2.105263e-07      2.809696e+07
      2.109705e-07      2.525312e+07
      2.114165e-07      3.220520e+07
      2.118644e-07      4.463030e+07
      2.123142e-07      2.636471e+07
      2.127660e-07      3.472204e+07
      2.132196e-07      2.975583e+07
      2.136752e-07      3.315359e+07
      2.141328e-07      3.948853e+07
      2.145923e-07      4.056837e+07
      2.150538e-07      3.814726e+07
      2.155172e-07      4.044725e+07
      2.159827e-07      3.052419e+07
      2.164502e-07      3.539990e+07
      2.169197e-07      2.872167e+07
      2.173913e-07      3.204194e+07
      2.178649e-07      3.885747e+07
      2.183406e-07      5.150441e+07
      2.188184e-07      4.018986e+07
      2.192982e-07      5.123416e+07
      2.197802e-07      4.814602e+07
      2.202643e-07      5.144827e+07
      2.207506e-07      4.587902e+07
      2.212389e-07      3.330483e+07
      2.217295e-07      3.451262e+07
      2.222222e-07      5.355694e+07
      2.227171e-07      4.799903e+07
      2.232143e-07      6.132521e+07
      2.237136e-07      6.601966e+07
      2.242152e-07      5.734983e+07
      2.247191e-07      6.251324e+07
      2.252252e-07      5.062776e+07
      2.257336e-07      5.377871e+07
      2.262443e-07      4.232966e+07
      2.267574e-07      3.033327e+07
      2.272727e-07      3.354057e+07
      2.277904e-07      4.259262e+07
      2.283105e-07      5.467101e+07
      2.288329e-07      4.927798e+07
      2.293578e-07      4.729316e+07
      2.298851e-07      3.953799e+07
      2.304147e-07      5.333482e+07
      2.309469e-07      5.237224e+07
      2.314815e-07      4.713219e+07
      2.320186e-07      4.215010e+07
      2.325581e-07      5.477381e+07
      2.331002e-07      4.641948e+07
      2.336449e-07      4.479524e+07
      2.341920e-07      3.795984e+07
      2.347418e-07      3.099181e+07
      2.352941e-07      5.479572e+07
      2.358491e-07      4.927097e+07
      2.364066e-07      4.779192e+07
      2.369668e-07      4.804857e+07
      2.375297e-07      4.983635e+07
      2.380952e-07      3.779690e+07
      2.386635e-07      4.179938e+07
      2.392345e-07      5.121615e+07
      2.398081e-07      3.446198e+07
      2.403846e-07      4.247843e+07
      2.409639e-07      3.628658e+07
      2.415459e-07      5.097690e+07
      2.421307e-07      7.065577e+07
      2.427184e-07      7.100666e+07
      2.433090e-07      6.630112e+07
      2.439024e-07      6.518263e+07
      2.444988e-07      7.033266e+07
      2.450981e-07      5.029010e+07
      2.457002e-07      5.183467e+07
      2.463054e-07      4.752719e+07
      2.469136e-07      5.615514e+07
      2.475248e-07      5.995279e+07
      2.481389e-07      4.726461e+07
      2.487562e-07      4.337926e+07
      2.493766e-07      5.175237e+07
      2.500000e-07      6.463046e+07
      2.506266e-07      6.034965e+07
      2.512563e-07      5.732332e+07
      2.518892e-07      4.211674e+07
      2.525252e-07      4.152620e+07
      2.531646e-07      4.916232e+07
      2.538071e-07      5.544654e+07
      2.544529e-07      5.839658e+07
      2.551020e-07      6.813451e+07
      2.557545e-07      9.073794e+07
      2.564103e-07      9.195154e+07
      2.570694e-07      1.312289e+08
      2.577320e-07      1.205882e+08
      2.583979e-07      1.334514e+08
      2.590673e-07      1.405918e+08
      2.597403e-07      8.098962e+07
      2.604167e-07      1.062512e+08
      2.610966e-07      8.137775e+07
      2.617801e-07      1.077016e+08
      2.624672e-07      1.209032e+08
      2.631579e-07      9.525120e+07
      2.638522e-07      2.475922e+08
      2.645503e-07      2.839577e+08
      2.652520e-07      2.517033e+08
      2.659575e-07      2.857444e+08
      2.666667e-07      2.607863e+08
      2.673797e-07      2.877456e+08
      2.680965e-07      2.567725e+08
      2.688172e-07      2.541077e+08
      2.695418e-07      2.549106e+08
      2.702703e-07      3.134252e+08
      2.710027e-07      2.778162e+08
      2.717391e-07      2.144368e+08
      2.724796e-07      1.936484e+08
      2.732240e-07      2.663418e+08
      2.739726e-07      1.554607e+08
      2.747253e-07      1.263884e+08
      2.754821e-07      1.738221e+08
      2.762431e-07      2.889732e+08
      2.770083e-07      2.756847e+08
      2.777778e-07      2.369597e+08
      2.785515e-07      1.769401e+08
      2.793296e-07      1.012736e+08
      2.801120e-07      7.479005e+07
      2.808989e-07      1.433599e+08
      2.816901e-07      2.630028e+08
      2.824859e-07      3.262012e+08
      2.832861e-07      3.651391e+08
      2.840909e-07      3.395660e+08
      2.849003e-07      1.922701e+08
      2.857143e-07      1.983449e+08
      2.865330e-07      3.826033e+08
      2.873563e-07      4.132318e+08
      2.881844e-07      2.972802e+08
      2.890174e-07      4.498514e+08
      2.898551e-07      6.194971e+08
      2.906977e-07      6.782499e+08
      2.915452e-07      6.387837e+08
      2.923977e-07      5.717681e+08
      2.932551e-07      6.498396e+08
      2.941177e-07      4.966779e+08
      2.949853e-07      5.895438e+08
      2.958580e-07      5.873270e+08
      2.967359e-07      4.814495e+08
      2.976190e-07      6.353084e+08
      2.985075e-07      4.167695e+08
      2.994012e-07      5.850630e+08
      3.003003e-07      4.451245e+08
      3.012048e-07      5.125147e+08
      3.021148e-07      4.400421e+08
      3.030303e-07      6.840957e+08
      3.039514e-07      6.266991e+08
      3.048781e-07      7.415749e+08
      3.058104e-07      6.106868e+08
      3.067485e-07      6.677277e+08
      3.076923e-07      7.465758e+08
      3.086420e-07      7.221197e+08
      3.095975e-07      5.632132e+08
      3.105590e-07      7.586092e+08
      3.115265e-07      9.052815e+08
      3.125000e-07      7.365774e+08
      3.134796e-07      8.115099e+08
      3.144654e-07      6.734350e+08
      3.154574e-07      8.387425e+08
      3.164557e-07      6.024446e+08
      3.174603e-07      9.802794e+08
      3.184713e-07      6.077579e+08
      3.194888e-07      8.062260e+08
      3.205128e-07      8.868692e+08
      3.215434e-07      6.974945e+08
      3.225806e-07      6.368810e+08
      3.236246e-07      6.761468e+08
      3.246753e-07      8.834106e+08
      3.257329e-07      1.006091e+09
      3.267974e-07      1.083895e+09
      3.278689e-07      1.032649e+09
      3.289474e-07      1.028718e+09
      3.300330e-07      1.109276e+09
      3.311258e-07      8.704635e+08
      3.322259e-07      1.070801e+09
      3.333333e-07      9.651624e+08
      3.344482e-07      1.009894e+09
      3.355705e-07      8.744873e+08
      3.367003e-07      6.939697e+08
      3.378378e-07      8.356431e+08
      3.389831e-07      8.400282e+08
      3.401360e-07      9.884327e+08
      3.412969e-07      7.986652e+08
      3.424657e-07      8.864305e+08
      3.436426e-07      8.880566e+08
      3.448276e-07      9.421436e+08
      3.460208e-07      1.125943e+09
      3.472222e-07      9.614389e+08
      3.484321e-07      1.249731e+09
      3.496503e-07      1.007933e+09
      3.508772e-07      1.157857e+09
      3.521127e-07      1.046408e+09
      3.533569e-07      1.103216e+09
      3.546099e-07      1.263634e+09
      3.558719e-07      1.135088e+09
      3.571429e-07      7.929359e+08
      3.584229e-07      6.633748e+08
      3.597122e-07      1.216300e+09
      3.610108e-07      1.001541e+09
      3.623188e-07      1.125983e+09
      3.636364e-07      1.040718e+09
      3.649635e-07      1.084372e+09
      3.663004e-07      1.377689e+09
      3.676471e-07      1.243802e+09
      3.690037e-07      1.203309e+09
      3.703704e-07      1.161966e+09
      3.717472e-07      1.197427e+09
      3.731343e-07      9.935613e+08
      3.745318e-07      8.657375e+08
      3.759399e-07      1.190907e+09
      3.773585e-07      1.291094e+09
      3.787879e-07      1.353138e+09
      3.802281e-07      1.166223e+09
      3.816794e-07      1.060219e+09
      3.831418e-07      7.067019e+08
      3.846154e-07      9.358834e+08
      3.861004e-07      9.504454e+08
      3.875969e-07      9.178975e+08
      3.891051e-07      1.129025e+09
      3.906250e-07      1.340234e+09
      3.921569e-07      1.224695e+09
      3.937008e-07      5.998251e+08
      3.952569e-07      1.310252e+09
      3.968254e-07      6.968441e+08
      3.984064e-07      1.564182e+09
      4.000000e-07      1.714516e+09
      4.016064e-07      1.770980e+09
      4.032258e-07      1.727556e+09
      4.048583e-07      1.621217e+09
      4.065041e-07      1.573837e+09
      4.081633e-07      1.711093e+09
      4.098361e-07      1.662285e+09
      4.115226e-07      1.878094e+09
      4.132231e-07      1.764438e+09
      4.149378e-07      1.759963e+09
      4.166667e-07      1.824687e+09
      4.184101e-07      1.762730e+09
      4.201681e-07      1.706314e+09
      4.219409e-07      1.752740e+09
      4.237288e-07      1.756827e+09
      4.255319e-07      1.709725e+09
      4.273504e-07      1.657618e+09
      4.291846e-07      1.505039e+09
      4.310345e-07      1.277705e+09
      4.329004e-07      1.823501e+09
      4.347826e-07      1.638147e+09
      4.366812e-07      1.923085e+09
      4.385965e-07      1.694407e+09
      4.405286e-07      1.844324e+09
      4.424779e-07      1.933616e+09
      4.444445e-07      1.955986e+09
      4.464286e-07      1.879252e+09
      4.484305e-07      2.043203e+09
      4.504504e-07      2.143828e+09
      4.524887e-07      1.994203e+09
      4.545454e-07      2.027395e+09
      4.566210e-07      2.103082e+09
      4.587156e-07      2.032278e+09
      4.608295e-07      2.065001e+09
      4.629630e-07      2.005451e+09
      4.651163e-07      2.038679e+09
      4.672897e-07      2.013808e+09
      4.694836e-07      2.023403e+09
      4.716981e-07      2.034653e+09
      4.739337e-07      2.003052e+09
      4.761905e-07      2.054114e+09
      4.784689e-07      2.072732e+09
      4.807692e-07      2.056488e+09
      4.830918e-07      2.053016e+09
      4.854369e-07      1.817862e+09
      4.878049e-07      1.912464e+09
      4.901961e-07      1.964438e+09
      4.926108e-07      1.952127e+09
      4.950495e-07      2.032332e+09
      4.975124e-07      1.939548e+09
      5.000000e-07      1.932891e+09
      5.025125e-07      1.899870e+09
      5.050505e-07      1.957657e+09
      5.076142e-07      1.936236e+09
      5.102041e-07      1.982018e+09
      5.128205e-07      1.942488e+09
      5.154639e-07      1.896717e+09
      5.181347e-07      1.643463e+09
      5.208333e-07      1.892151e+09
      5.235602e-07      1.924215e+09
      5.263158e-07      1.803258e+09
      5.291005e-07      1.944965e+09
      5.319149e-07      1.931480e+09
      5.347594e-07      1.907619e+09
      5.376344e-07      1.922531e+09
      5.405406e-07      1.836003e+09
      5.434783e-07      1.893517e+09
      5.464481e-07      1.905956e+09
      5.494505e-07      1.882973e+09
      5.524862e-07      1.892268e+09
      5.555556e-07      1.895687e+09
      5.586592e-07      1.826837e+09
      5.617978e-07      1.877475e+09
      5.649717e-07      1.841924e+09
      5.681818e-07      1.869940e+09
      5.714286e-07      1.860896e+09
      5.747127e-07      1.877743e+09
      5.780347e-07      1.851227e+09
      5.813953e-07      1.875593e+09
      5.847953e-07      1.846881e+09
      5.882353e-07      1.770089e+09
      5.917160e-07      1.814767e+09
      5.952381e-07      1.817051e+09
      5.988024e-07      1.794632e+09
      6.024096e-07      1.768854e+09
      6.060606e-07      1.801387e+09
      6.097561e-07      1.758746e+09
      6.134969e-07      1.715004e+09
      6.172839e-07      1.705469e+09
      6.211180e-07      1.735289e+09
      6.250000e-07      1.667252e+09
      6.289308e-07      1.710089e+09
      6.329114e-07      1.667070e+09
      6.369427e-07      1.671503e+09
      6.410256e-07      1.647114e+09
      6.451613e-07      1.624538e+09
      6.493506e-07      1.609112e+09
      6.535948e-07      1.601820e+09
      6.578948e-07      1.476966e+09
      6.622516e-07      1.583321e+09
      6.666667e-07      1.559770e+09
      6.711409e-07      1.542612e+09
      6.756757e-07      1.528817e+09
      6.802721e-07      1.507601e+09
      6.849315e-07      1.481782e+09
      6.896552e-07      1.475997e+09
      6.944445e-07      1.453230e+09
      6.993007e-07      1.432167e+09
      7.042253e-07      1.416090e+09
      7.092199e-07      1.406701e+09
      7.142857e-07      1.378067e+09
      7.194245e-07      1.358632e+09
      7.246377e-07      1.363093e+09
      7.299270e-07      1.333912e+09
      7.352941e-07      1.328881e+09
      7.407407e-07      1.285778e+09
      7.462687e-07      1.295506e+09
      7.518798e-07      1.274700e+09
      7.575758e-07      1.261144e+09
      7.633588e-07      1.240800e+09
      7.692308e-07      1.217777e+09
      7.751938e-07      1.207021e+09
      7.812500e-07      1.200558e+09
      7.874016e-07      1.190088e+09
      7.936508e-07      1.155257e+09
      8.000000e-07      1.153046e+09
      8.064516e-07      1.130369e+09
      8.130081e-07      1.124011e+09
      8.196722e-07      1.091161e+09
      8.264463e-07      1.089351e+09
      8.333333e-07      1.062068e+09
      8.403362e-07      1.050257e+09
      8.474577e-07      1.021292e+09
      8.547008e-07      9.743378e+08
      8.620690e-07      1.007224e+09
      8.695652e-07      9.537614e+08
      8.771930e-07      9.747642e+08
      8.849557e-07      9.609616e+08
      8.928571e-07      9.531485e+08
      9.009008e-07      9.281373e+08
      9.090908e-07      9.131648e+08
      9.174312e-07      9.061059e+08
      9.259259e-07      8.752452e+08
      9.345794e-07      8.720348e+08
      9.433962e-07      8.449764e+08
      9.523810e-07      8.337160e+08
      9.615385e-07      8.179710e+08
      9.708738e-07      8.017668e+08
      9.803922e-07      7.847288e+08
      9.900990e-07      7.675974e+08
      1.000000e-06      7.549309e+08
      1.010101e-06      7.319594e+08
      1.020408e-06      7.154260e+08
      1.030928e-06      7.000378e+08
      1.041667e-06      6.808692e+08
      1.052632e-06      6.660828e+08
      1.063830e-06      6.457362e+08
      1.075269e-06      6.361340e+08
      1.086957e-06      6.227866e+08
      1.098901e-06      6.026610e+08
      1.111111e-06      5.951482e+08
      1.123596e-06      5.803804e+08
      1.136364e-06      5.671880e+08
      1.149425e-06      5.564994e+08
      1.162791e-06      5.402377e+08
      1.176471e-06      5.287144e+08
      1.190476e-06      5.187483e+08
      1.204819e-06      5.017896e+08
      1.219512e-06      4.944464e+08
      1.234568e-06      4.781099e+08
      1.250000e-06      4.652900e+08
      1.265823e-06      4.527551e+08
      1.282051e-06      4.367296e+08
      1.298701e-06      4.234198e+08
      1.315790e-06      4.078014e+08
      1.333333e-06      3.917491e+08
      1.351351e-06      3.777234e+08
      1.369863e-06      3.666067e+08
      1.388889e-06      3.563916e+08
      1.408451e-06      3.450612e+08
      1.428571e-06      3.337820e+08
      1.449275e-06      3.216634e+08
      1.470588e-06      3.121678e+08
      1.492537e-06      3.023859e+08
      1.515152e-06      2.906927e+08
      1.538462e-06      2.808017e+08
      1.562500e-06      2.704607e+08
      1.587302e-06      2.575772e+08
      1.612903e-06      2.464242e+08
      1.639344e-06      2.349013e+08
      1.666667e-06      2.237520e+08
      1.694915e-06      2.108416e+08
      1.724138e-06      1.984135e+08
      1.754386e-06      1.871592e+08
      1.785714e-06      1.760887e+08
      1.818182e-06      1.649634e+08
      1.851852e-06      1.546878e+08
      1.886792e-06      1.439451e+08
      1.923077e-06      1.358216e+08
      1.960784e-06      1.253492e+08
      2.000000e-06      1.178742e+08
      2.040816e-06      1.087666e+08
      2.083333e-06      9.982262e+07
      2.127660e-06      9.328559e+07
      2.173913e-06      8.617598e+07
      2.222222e-06      8.014563e+07
      2.272727e-06      7.332872e+07
      2.325581e-06      6.753160e+07
      2.380952e-06      6.175044e+07
      2.439024e-06      5.663936e+07
      2.500000e-06      5.183152e+07
      2.564102e-06      4.706600e+07
      2.631579e-06      4.306205e+07
      2.702703e-06      3.899046e+07
      2.777778e-06      3.521241e+07
      2.857143e-06      3.172308e+07
      2.941176e-06      2.850569e+07
      3.030303e-06      2.541708e+07
      3.125000e-06      2.264776e+07
      3.225806e-06      2.010830e+07
      3.333333e-06      1.767297e+07
      3.448276e-06      1.557403e+07
      3.571429e-06      1.364303e+07
      3.703704e-06      1.177669e+07
      3.846154e-06      1.024733e+07
      4.000000e-06      8.796109e+06
      4.166667e-06      7.538943e+06
      4.347826e-06      6.234564e+06
      4.545454e-06      5.123657e+06
      4.761905e-06      4.328498e+06
      5.000000e-06      3.616439e+06
      5.263158e-06      2.984546e+06
      5.555556e-06      2.439646e+06
      5.882353e-06      1.970533e+06
      6.250000e-06      1.565768e+06
      6.666667e-06      1.221057e+06
      7.142857e-06      9.333754e+05
      7.692308e-06      6.984434e+05
      8.333333e-06      5.105519e+05
      9.090909e-06      3.628195e+05
      1.000000e-05      2.496101e+05
      1.111111e-05      1.649805e+05
      1.250000e-05      1.037483e+05
      1.428571e-05      6.129529e+04
      1.666667e-05      3.338409e+04
      2.000000e-05      1.627445e+04
      2.500000e-05      6.772486e+03
      3.333333e-05      2.204887e+03
      5.000000e-05      4.670536e+02
      1.000000e-04      4.008266e+01
*END
