SOLAR SPECTRUM OF LABS AND NECKEL (1970 only)
      WAVELENGTH        IRRADIANCE
          (m)               (W/m3)
*BEGIN_DATA
      5.000000e-08      1.600000e+06
      1.900000e-07      1.600000e+06
      2.000050e-07      1.600000e+07
      2.099950e-07      1.600000e+07
      2.100050e-07      3.700000e+07
      2.199950e-07      3.700000e+07
      2.200050e-07      5.500000e+07
      2.299950e-07      5.500000e+07
      2.300050e-07      5.400000e+07
      2.399950e-07      5.400000e+07
      2.400050e-07      6.000000e+07
      2.499950e-07      6.000000e+07
      2.500050e-07      8.600000e+07
      2.599950e-07      8.600000e+07
      2.600050e-07      1.600000e+08
      2.699950e-07      1.600000e+08
      2.700050e-07      1.770000e+08
      2.799950e-07      1.770000e+08
      2.800050e-07      2.730000e+08
      2.899950e-07      2.730000e+08
      2.900050e-07      5.050000e+08
      2.999950e-07      5.050000e+08
      3.000050e-07      5.370000e+08
      3.099950e-07      5.370000e+08
      3.100050e-07      6.580000e+08
      3.199950e-07      6.580000e+08
      3.200050e-07      8.180000e+08
      3.299950e-07      8.180000e+08
      3.300050e-07      9.000000e+08
      3.399950e-07      9.000000e+08
      3.400050e-07      8.940000e+08
      3.499950e-07      8.940000e+08
      3.500050e-07      9.490000e+08
      3.599950e-07      9.490000e+08
      3.600050e-07      1.051000e+09
      3.699950e-07      1.051000e+09
      3.700050e-07      1.040000e+09
      3.799950e-07      1.040000e+09
      3.800050e-07      9.450000e+08
      3.899950e-07      9.450000e+08
      3.900050e-07      1.134000e+09
      3.999950e-07      1.134000e+09
      4.000050e-07      1.631000e+09
      4.099950e-07      1.631000e+09
      4.100050e-07      1.700000e+09
      4.199950e-07      1.700000e+09
      4.200050e-07      1.659000e+09
      4.299950e-07      1.659000e+09
      4.300050e-07      1.672000e+09
      4.399950e-07      1.672000e+09
      4.400050e-07      1.928000e+09
      4.499950e-07      1.928000e+09
      4.500050e-07      2.006000e+09
      4.599950e-07      2.006000e+09
      4.600050e-07      1.986000e+09
      4.699950e-07      1.986000e+09
      4.700050e-07      1.989000e+09
      4.799950e-07      1.989000e+09
      4.800050e-07      1.888000e+09
      4.899950e-07      1.888000e+09
      4.900050e-07      1.956000e+09
      4.999950e-07      1.956000e+09
      5.000050e-07      1.902000e+09
      5.099950e-07      1.902000e+09
      5.100050e-07      1.831000e+09
      5.199950e-07      1.831000e+09
      5.200050e-07      1.859000e+09
      5.299950e-07      1.859000e+09
      5.300050e-07      1.917000e+09
      5.399950e-07      1.917000e+09
      5.400050e-07      1.856000e+09
      5.499950e-07      1.856000e+09
      5.500050e-07      1.841000e+09
      5.599950e-07      1.841000e+09
      5.600050e-07      1.828000e+09
      5.699950e-07      1.828000e+09
      5.700050e-07      1.834000e+09
      5.799950e-07      1.834000e+09
      5.800050e-07      1.808000e+09
      5.899950e-07      1.808000e+09
      5.900050e-07      1.763000e+09
      5.999950e-07      1.763000e+09
      6.000050e-07      1.741000e+09
      6.099950e-07      1.741000e+09
      6.100050e-07      1.705000e+09
      6.199950e-07      1.705000e+09
      6.200050e-07      1.658000e+09
      6.299950e-07      1.658000e+09
      6.300050e-07      1.637000e+09
      6.399950e-07      1.637000e+09
      6.400050e-07      1.599000e+09
      6.499950e-07      1.599000e+09
      6.500050e-07      1.520000e+09
      6.599950e-07      1.520000e+09
      6.600050e-07      1.555000e+09
      6.699950e-07      1.555000e+09
      6.700050e-07      1.516000e+09
      6.799950e-07      1.516000e+09
      6.800050e-07      1.489000e+09
      6.899950e-07      1.489000e+09
      6.900050e-07      1.450000e+09
      6.999950e-07      1.450000e+09
      7.000050e-07      1.416000e+09
      7.099950e-07      1.416000e+09
      7.100050e-07      1.385000e+09
      7.199950e-07      1.385000e+09
      7.200050e-07      1.356000e+09
      7.299950e-07      1.356000e+09
      7.300050e-07      1.316000e+09
      7.399950e-07      1.316000e+09
      7.400050e-07      1.284000e+09
      7.499950e-07      1.284000e+09
      7.500050e-07      1.265000e+09
      7.599950e-07      1.265000e+09
      7.600050e-07      1.236000e+09
      7.699950e-07      1.236000e+09
      7.700050e-07      1.207000e+09
      7.799950e-07      1.207000e+09
      7.800050e-07      1.183000e+09
      7.899950e-07      1.183000e+09
      7.900050e-07      1.161000e+09
      7.999950e-07      1.161000e+09
      8.000050e-07      1.136000e+09
      8.099950e-07      1.136000e+09
      8.100050e-07      1.104000e+09
      8.199950e-07      1.104000e+09
      8.200050e-07      1.075000e+09
      8.299950e-07      1.075000e+09
      8.300050e-07      1.051000e+09
      8.399950e-07      1.051000e+09
      8.400050e-07      1.006000e+09
      8.499950e-07      1.006000e+09
      8.500050e-07      9.860000e+08
      8.599950e-07      9.860000e+08
      8.600050e-07      9.680000e+08
      8.699950e-07      9.680000e+08
      8.700050e-07      9.470000e+08
      8.799950e-07      9.470000e+08
      8.800050e-07      9.240000e+08
      8.899950e-07      9.240000e+08
      8.900050e-07      9.200000e+08
      8.999950e-07      9.200000e+08
      9.000050e-07      8.980000e+08
      9.099950e-07      8.980000e+08
      9.100050e-07      8.740000e+08
      9.199950e-07      8.740000e+08
      9.200050e-07      8.570000e+08
      9.299950e-07      8.570000e+08
      9.300050e-07      8.410000e+08
      9.399950e-07      8.410000e+08
      9.400050e-07      8.230000e+08
      9.499950e-07      8.230000e+08
      9.500050e-07      8.060000e+08
      9.599950e-07      8.060000e+08
      9.600050e-07      7.890000e+08
      9.699950e-07      7.890000e+08
      9.700050e-07      7.730000e+08
      9.799950e-07      7.730000e+08
      9.800050e-07      7.560000e+08
      9.899950e-07      7.560000e+08
      9.900050e-07      7.390000e+08
      9.999950e-07      7.390000e+08
      1.000050e-06      6.610000e+08
      1.099950e-06      6.610000e+08
      1.100050e-06      5.399000e+08
      1.199950e-06      5.399000e+08
      1.200050e-06      4.473000e+08
      1.299950e-06      4.473000e+08
      1.300050e-06      3.743000e+08
      1.399950e-06      3.743000e+08
      1.400050e-06      3.186000e+08
      1.499950e-06      3.186000e+08
      1.500050e-06      2.728000e+08
      1.599950e-06      2.728000e+08
      1.600050e-06      2.279000e+08
      1.699950e-06      2.279000e+08
      1.700050e-06      1.863000e+08
      1.799950e-06      1.863000e+08
      1.800050e-06      1.529000e+08
      1.899950e-06      1.529000e+08
      1.900050e-06      1.269000e+08
      1.999950e-06      1.269000e+08
      2.000050e-06      1.064000e+08
      2.099950e-06      1.064000e+08
      2.100050e-06      8.950000e+07
      2.199950e-06      8.950000e+07
      2.200050e-06      7.590000e+07
      2.299950e-06      7.590000e+07
      2.300050e-06      6.480000e+07
      2.399950e-06      6.480000e+07
      2.400050e-06      5.580000e+07
      2.499950e-06      5.580000e+07
      2.500050e-06      4.830000e+07
      2.599950e-06      4.830000e+07
      2.600050e-06      4.190000e+07
      2.699950e-06      4.190000e+07
      2.700050e-06      3.650000e+07
      2.799950e-06      3.650000e+07
      2.800050e-06      3.200000e+07
      2.899950e-06      3.200000e+07
      2.900050e-06      2.810000e+07
      2.999950e-06      2.810000e+07
      3.000050e-06      2.480000e+07
      3.099950e-06      2.480000e+07
      3.100050e-06      2.190000e+07
      3.199950e-06      2.190000e+07
      3.200050e-06      1.940000e+07
      3.299950e-06      1.940000e+07
      3.300050e-06      1.730000e+07
      3.399950e-06      1.730000e+07
      3.400050e-06      1.550000e+07
      3.499950e-06      1.550000e+07
      3.500050e-06      1.390000e+07
      3.599950e-06      1.390000e+07
      3.600050e-06      1.250000e+07
      3.699950e-06      1.250000e+07
      3.700050e-06      1.130000e+07
      3.799950e-06      1.130000e+07
      3.800050e-06      1.020000e+07
      3.899950e-06      1.020000e+07
      3.900050e-06      9.270000e+06
      3.999950e-06      9.270000e+06
      4.000050e-06      8.420000e+06
      4.099950e-06      8.420000e+06
      4.100050e-06      7.680000e+06
      4.199950e-06      7.680000e+06
      4.200050e-06      7.000000e+06
      4.299950e-06      7.000000e+06
      4.300050e-06      6.400000e+06
      4.399950e-06      6.400000e+06
      4.400050e-06      5.850000e+06
      4.499950e-06      5.850000e+06
      4.500050e-06      5.380000e+06
      4.599950e-06      5.380000e+06
      4.600050e-06      4.940000e+06
      4.699950e-06      4.940000e+06
      4.700050e-06      4.560000e+06
      4.799950e-06      4.560000e+06
      4.800050e-06      4.210000e+06
      4.899950e-06      4.210000e+06
      4.900050e-06      3.890000e+06
      4.999950e-06      3.890000e+06
      5.000500e-06      2.580000e+06
      5.999500e-06      2.580000e+06
      6.000500e-06      1.370000e+06
      6.999500e-06      1.370000e+06
      7.000500e-06      7.750000e+05
      7.999500e-06      7.750000e+05
      8.000500e-06      4.720000e+05
      8.999500e-06      4.720000e+05
      9.000500e-06      3.050000e+05
      9.999500e-06      3.050000e+05
      1.000050e-05      2.050000e+05
      1.099950e-05      2.050000e+05
      1.100050e-05      1.420000e+05
      1.199950e-05      1.420000e+05
      1.200050e-05      1.010000e+05
      1.299950e-05      1.010000e+05
      1.300050e-05      7.510000e+04
      1.399950e-05      7.510000e+04
      1.400050e-05      5.640000e+04
      1.499950e-05      5.640000e+04
      1.500050e-05      4.320000e+04
      1.599950e-05      4.320000e+04
      1.600050e-05      3.350000e+04
      1.699950e-05      3.350000e+04
      1.700050e-05      2.610000e+04
      1.799950e-05      2.610000e+04
      1.800050e-05      2.120000e+04
      1.899950e-05      2.120000e+04
      1.900050e-05      1.720000e+04
      1.999950e-05      1.720000e+04
      2.000050e-05      1.430000e+04
      2.099950e-05      1.430000e+04
      2.100050e-05      1.180000e+04
      2.199950e-05      1.180000e+04
      2.200050e-05      9.820000e+03
      2.299950e-05      9.820000e+03
      2.300050e-05      8.280000e+03
      2.399950e-05      8.280000e+03
      2.400050e-05      7.000000e+03
      2.499950e-05      7.000000e+03
      2.500050e-05      5.970000e+03
      2.599950e-05      5.970000e+03
      2.600050e-05      5.110000e+03
      2.699950e-05      5.110000e+03
      2.700050e-05      4.420000e+03
      2.799950e-05      4.420000e+03
      2.800050e-05      3.820000e+03
      2.899950e-05      3.820000e+03
      2.900050e-05      3.340000e+03
      2.999950e-05      3.340000e+03
      3.000500e-05      1.800000e+03
      3.999500e-05      1.800000e+03
      4.000500e-05      6.430000e+02
      4.999500e-05      6.430000e+02
      5.000500e-05      2.850000e+02
      5.999500e-05      2.850000e+02
      6.000500e-05      1.460000e+02
      6.999500e-05      1.460000e+02
      7.000500e-05      8.200000e+01
      7.999500e-05      8.200000e+01
      8.000500e-05      5.000000e+01
      8.999500e-05      5.000000e+01
      9.000500e-05      3.200000e+01
      9.999500e-05      3.200000e+01
*END
