Solar spectrum of Lean (2000, updated)
Uses data from the period 1983 - 2004
  Wavelength     Irradiance
      (m)          (W/m3)
*BEGIN_DATA
  1.20500e-07      164364.
  1.21500e-07  6.75481e+06
  1.22500e-07      60616.7
  1.23500e-07      39975.1
  1.24500e-07      33919.1
  1.25500e-07      29080.7
  1.26500e-07      45862.1
  1.27500e-07      22838.5
  1.28500e-07      18539.1
  1.29500e-07      21866.0
  1.30500e-07      161794.
  1.31500e-07      29429.9
  1.32500e-07      21802.2
  1.33500e-07      210784.
  1.34500e-07      20015.6
  1.35500e-07      46641.1
  1.36500e-07      29440.5
  1.37500e-07      31246.5
  1.38500e-07      31353.8
  1.39500e-07      82904.2
  1.40500e-07      76698.2
  1.41500e-07      44740.6
  1.42500e-07      48354.9
  1.43500e-07      56661.1
  1.44500e-07      54906.5
  1.45500e-07      58973.2
  1.46500e-07      73887.4
  1.47500e-07      86917.4
  1.48500e-07      90107.5
  1.49500e-07      82270.0
  1.50500e-07      91943.7
  1.51500e-07      99122.3
  1.52500e-07      122506.
  1.53500e-07      141487.
  1.54500e-07      241094.
  1.55500e-07      192739.
  1.56500e-07      197355.
  1.57500e-07      180473.
  1.58500e-07      178323.
  1.59500e-07      177395.
  1.60500e-07      200613.
  1.61500e-07      236389.
  1.62500e-07      268960.
  1.63500e-07      292515.
  1.64500e-07      317553.
  1.65500e-07      535159.
  1.66500e-07      356145.
  1.67500e-07      414122.
  1.68500e-07      469157.
  1.69500e-07      609637.
  1.70500e-07      710029.
  1.71500e-07      704912.
  1.72500e-07      761020.
  1.73500e-07      760595.
  1.74500e-07      935590.
  1.75500e-07  1.14608e+06
  1.76500e-07  1.23371e+06
  1.77500e-07  1.46525e+06
  1.78500e-07  1.64525e+06
  1.79500e-07  1.61404e+06
  1.80500e-07  1.95607e+06
  1.81500e-07  2.42953e+06
  1.82500e-07  2.27069e+06
  1.83500e-07  2.41176e+06
  1.84500e-07  2.09713e+06
  1.85500e-07  2.35958e+06
  1.86500e-07  2.74441e+06
  1.87500e-07  3.16042e+06
  1.88500e-07  3.35665e+06
  1.89500e-07  3.75638e+06
  1.90500e-07  3.89522e+06
  1.91500e-07  4.25319e+06
  1.92500e-07  4.51397e+06
  1.93500e-07  3.42142e+06
  1.94500e-07  5.64313e+06
  1.95500e-07  5.56716e+06
  1.96500e-07  6.13975e+06
  1.97500e-07  6.30621e+06
  1.98500e-07  6.34229e+06
  1.99500e-07  6.82585e+06
  2.00500e-07  7.47579e+06
  2.01500e-07  8.27573e+06
  2.02500e-07  8.17413e+06
  2.03500e-07  9.44724e+06
  2.04500e-07  1.05424e+07
  2.05500e-07  1.09313e+07
  2.06500e-07  1.12663e+07
  2.07500e-07  1.30334e+07
  2.08500e-07  1.48625e+07
  2.09500e-07  2.15573e+07
  2.10500e-07  2.85900e+07
  2.11500e-07  3.53989e+07
  2.12500e-07  3.20484e+07
  2.13500e-07  3.12887e+07
  2.14500e-07  4.32703e+07
  2.15500e-07  3.50565e+07
  2.16500e-07  3.31619e+07
  2.17500e-07  3.29771e+07
  2.18500e-07  4.63112e+07
  2.19500e-07  4.78972e+07
  2.20500e-07  4.97154e+07
  2.21500e-07  3.47549e+07
  2.22500e-07  4.96684e+07
  2.23500e-07  6.58140e+07
  2.24500e-07  5.94118e+07
  2.25500e-07  5.21709e+07
  2.26500e-07  3.85794e+07
  2.27500e-07  3.74018e+07
  2.28500e-07  5.46670e+07
  2.29500e-07  4.65585e+07
  2.30500e-07  5.46953e+07
  2.31500e-07  4.75204e+07
  2.32500e-07  5.30707e+07
  2.33500e-07  4.35554e+07
  2.34500e-07  3.44711e+07
  2.35500e-07  5.53069e+07
  2.36500e-07  4.48690e+07
  2.37500e-07  5.37443e+07
  2.38500e-07  3.76272e+07
  2.39500e-07  4.44722e+07
  2.40500e-07  3.96042e+07
  2.41500e-07  4.69820e+07
  2.42500e-07  7.30104e+07
  2.43500e-07  6.44037e+07
  2.44500e-07  6.30624e+07
  2.45500e-07  4.85371e+07
  2.46500e-07  4.80302e+07
  2.47500e-07  5.67145e+07
  2.48500e-07  4.39049e+07
  2.49500e-07  5.60381e+07
  2.50500e-07  5.89110e+07
  2.51500e-07  4.50469e+07
  2.52500e-07  3.91358e+07
  2.53500e-07  5.07861e+07
  2.54500e-07  5.57703e+07
  2.55500e-07  7.99299e+07
  2.56500e-07  9.99528e+07
  2.57500e-07  1.23458e+08
  2.58500e-07  1.30486e+08
  2.59500e-07  1.05910e+08
  2.60500e-07  8.52322e+07
  2.61500e-07  8.48322e+07
  2.62500e-07  1.06149e+08
  2.63500e-07  1.69783e+08
  2.64500e-07  2.64128e+08
  2.65500e-07  2.62507e+08
  2.66500e-07  2.47409e+08
  2.67500e-07  2.52474e+08
  2.68500e-07  2.46922e+08
  2.69500e-07  2.28435e+08
  2.70500e-07  2.78763e+08
  2.71500e-07  2.31607e+08
  2.72500e-07  1.92550e+08
  2.73500e-07  2.16491e+08
  2.74500e-07  1.18372e+08
  2.75500e-07  1.68885e+08
  2.76500e-07  2.50152e+08
  2.77500e-07  2.46693e+08
  2.78500e-07  1.59085e+08
  2.79500e-07  7.26475e+07
  2.80500e-07  8.15222e+07
  2.81500e-07  2.17603e+08
  2.82500e-07  2.96716e+08
  2.83500e-07  3.23353e+08
  2.84500e-07  2.57393e+08
  2.85500e-07  1.29012e+08
  2.86500e-07  3.39585e+08
  2.87500e-07  3.67920e+08
  2.88500e-07  3.09829e+08
  2.89500e-07  4.63827e+08
  2.90500e-07  6.22925e+08
  2.91500e-07  5.91696e+08
  2.92500e-07  4.95055e+08
  2.93500e-07  5.57941e+08
  2.94500e-07  4.95224e+08
  2.95500e-07  5.61156e+08
  2.96500e-07  5.08784e+08
  2.97500e-07  5.48053e+08
  2.98500e-07  4.16447e+08
  2.99500e-07  5.26280e+08
  3.00500e-07  3.89187e+08
  3.01500e-07  4.87699e+08
  3.02500e-07  4.63649e+08
  3.03500e-07  6.52666e+08
  3.04500e-07  6.04720e+08
  3.05500e-07  6.14273e+08
  3.06500e-07  5.65292e+08
  3.07500e-07  6.54250e+08
  3.08500e-07  6.56582e+08
  3.09500e-07  4.98805e+08
  3.10500e-07  6.59604e+08
  3.11500e-07  7.78770e+08
  3.12500e-07  6.73161e+08
  3.13500e-07  7.26849e+08
  3.14500e-07  6.64515e+08
  3.15500e-07  6.81091e+08
  3.16500e-07  6.19636e+08
  3.17500e-07  8.58939e+08
  3.18500e-07  6.57513e+08
  3.19500e-07  7.21290e+08
  3.20500e-07  8.87009e+08
  3.21500e-07  7.00419e+08
  3.22500e-07  7.30720e+08
  3.23500e-07  6.78375e+08
  3.24500e-07  8.09348e+08
  3.25500e-07  9.02552e+08
  3.26500e-07  1.02450e+09
  3.27500e-07  9.90285e+08
  3.28500e-07  9.16628e+08
  3.29500e-07  1.12172e+09
  3.30500e-07  1.03114e+09
  3.31500e-07  1.01662e+09
  3.32500e-07  9.82287e+08
  3.33500e-07  9.37031e+08
  3.34500e-07  9.98147e+08
  3.35500e-07  1.01306e+09
  3.36500e-07  7.98514e+08
  3.37500e-07  8.72941e+08
  3.38500e-07  9.33373e+08
  3.39500e-07  9.67933e+08
  3.40500e-07  1.06486e+09
  3.41500e-07  9.29836e+08
  3.42500e-07  1.03045e+09
  3.43500e-07  1.03158e+09
  3.44500e-07  7.41049e+08
  3.45500e-07  1.00751e+09
  3.46500e-07  9.31273e+08
  3.47500e-07  9.20249e+08
  3.48500e-07  9.55773e+08
  3.49500e-07  8.58207e+08
  3.50500e-07  1.12986e+09
  3.51500e-07  1.00436e+09
  3.52500e-07  8.96051e+08
  3.53500e-07  1.07733e+09
  3.54500e-07  1.14194e+09
  3.55500e-07  1.06663e+09
  3.56500e-07  9.49811e+08
  3.57500e-07  8.59464e+08
  3.58500e-07  6.39124e+08
  3.59500e-07  1.08984e+09
  3.60500e-07  1.02432e+09
  3.61500e-07  9.04433e+08
  3.62500e-07  1.03020e+09
  3.63500e-07  9.69409e+08
  3.64500e-07  1.04250e+09
  3.65500e-07  1.19225e+09
  3.66500e-07  1.26482e+09
  3.67500e-07  1.21543e+09
  3.68500e-07  1.08053e+09
  3.69500e-07  1.26696e+09
  3.70500e-07  1.11950e+09
  3.71500e-07  1.29035e+09
  3.72500e-07  1.06206e+09
  3.73500e-07  9.13800e+08
  3.74500e-07  9.29225e+08
  3.75500e-07  1.11277e+09
  3.76500e-07  1.08870e+09
  3.77500e-07  1.30770e+09
  3.78500e-07  1.39935e+09
  3.79500e-07  1.06616e+09
  3.80500e-07  1.24411e+09
  3.81500e-07  1.12720e+09
  3.82500e-07  8.05436e+08
  3.83500e-07  6.69012e+08
  3.84500e-07  9.67117e+08
  3.85500e-07  1.01434e+09
  3.86500e-07  1.02375e+09
  3.87500e-07  9.96956e+08
  3.88500e-07  9.55704e+08
  3.89500e-07  1.21866e+09
  3.90500e-07  1.24321e+09
  3.91500e-07  1.44299e+09
  3.92500e-07  1.08756e+09
  3.93500e-07  4.71498e+08
  3.94500e-07  1.08963e+09
  3.95500e-07  1.40568e+09
  3.96500e-07  7.44734e+08
  3.97500e-07  8.34160e+08
  3.98500e-07  1.58619e+09
  3.99500e-07  1.70116e+09
  4.00500e-07  1.70389e+09
  4.01500e-07  1.84772e+09
  4.02500e-07  1.87099e+09
  4.03500e-07  1.82687e+09
  4.04500e-07  1.78000e+09
  4.05500e-07  1.72509e+09
  4.06500e-07  1.67519e+09
  4.07500e-07  1.69364e+09
  4.08500e-07  1.71223e+09
  4.09500e-07  1.72181e+09
  4.10500e-07  1.59049e+09
  4.11500e-07  1.65053e+09
  4.12500e-07  1.71052e+09
  4.13500e-07  1.77052e+09
  4.14500e-07  1.77226e+09
  4.15500e-07  1.77152e+09
  4.16500e-07  1.78918e+09
  4.17500e-07  1.74857e+09
  4.18500e-07  1.74279e+09
  4.19500e-07  1.73944e+09
  4.20500e-07  1.77721e+09
  4.21500e-07  1.80645e+09
  4.22500e-07  1.73976e+09
  4.23500e-07  1.71397e+09
  4.24500e-07  1.75101e+09
  4.25500e-07  1.73403e+09
  4.26500e-07  1.72209e+09
  4.27500e-07  1.65381e+09
  4.28500e-07  1.64846e+09
  4.29500e-07  1.49200e+09
  4.30500e-07  1.24236e+09
  4.31500e-07  1.53537e+09
  4.32500e-07  1.69256e+09
  4.33500e-07  1.66637e+09
  4.34500e-07  1.62760e+09
  4.35500e-07  1.74509e+09
  4.36500e-07  1.83845e+09
  4.37500e-07  1.77752e+09
  4.38500e-07  1.70461e+09
  4.39500e-07  1.77160e+09
  4.40500e-07  1.84438e+09
  4.41500e-07  1.90990e+09
  4.42500e-07  1.96375e+09
  4.43500e-07  1.96480e+09
  4.44500e-07  1.96193e+09
  4.45500e-07  1.92465e+09
  4.46500e-07  1.90795e+09
  4.47500e-07  2.01533e+09
  4.48500e-07  2.03574e+09
  4.49500e-07  2.05185e+09
  4.50500e-07  2.13939e+09
  4.51500e-07  2.14468e+09
  4.52500e-07  2.03970e+09
  4.53500e-07  1.98346e+09
  4.54500e-07  2.07018e+09
  4.55500e-07  2.07992e+09
  4.56500e-07  2.13226e+09
  4.57500e-07  2.12881e+09
  4.58500e-07  2.07227e+09
  4.59500e-07  2.05534e+09
  4.60500e-07  2.08338e+09
  4.61500e-07  2.11212e+09
  4.62500e-07  2.12823e+09
  4.63500e-07  2.10038e+09
  4.64500e-07  2.04994e+09
  4.65500e-07  2.04623e+09
  4.66500e-07  2.02628e+09
  4.67500e-07  2.01171e+09
  4.68500e-07  2.04384e+09
  4.69500e-07  2.02504e+09
  4.70500e-07  1.99203e+09
  4.71500e-07  2.03759e+09
  4.72500e-07  2.09661e+09
  4.73500e-07  2.06572e+09
  4.74500e-07  2.10722e+09
  4.75500e-07  2.10227e+09
  4.76500e-07  2.07000e+09
  4.77500e-07  2.12051e+09
  4.78500e-07  2.11609e+09
  4.79500e-07  2.11094e+09
  4.80500e-07  2.09705e+09
  4.81500e-07  2.10924e+09
  4.82500e-07  2.08644e+09
  4.83500e-07  2.05608e+09
  4.84500e-07  2.02822e+09
  4.85500e-07  1.84226e+09
  4.86500e-07  1.73728e+09
  4.87500e-07  1.87742e+09
  4.88500e-07  1.93289e+09
  4.89500e-07  2.00868e+09
  4.90500e-07  2.03431e+09
  4.91500e-07  1.95996e+09
  4.92500e-07  1.95234e+09
  4.93500e-07  1.97277e+09
  4.94500e-07  2.01705e+09
  4.95500e-07  2.01473e+09
  4.96500e-07  2.00432e+09
  4.97500e-07  1.98552e+09
  4.98500e-07  1.94984e+09
  4.99500e-07  1.94384e+09
  5.00500e-07  1.90997e+09
  5.01500e-07  1.86923e+09
  5.02500e-07  1.90620e+09
  5.03500e-07  1.93948e+09
  5.04500e-07  1.92887e+09
  5.05500e-07  1.99708e+09
  5.06500e-07  2.02518e+09
  5.07500e-07  1.99273e+09
  5.08500e-07  1.96033e+09
  5.09500e-07  1.92659e+09
  5.10500e-07  1.90276e+09
  5.11500e-07  1.93770e+09
  5.12500e-07  1.91426e+09
  5.13500e-07  1.86554e+09
  5.14500e-07  1.83944e+09
  5.15500e-07  1.86487e+09
  5.16500e-07  1.73410e+09
  5.17500e-07  1.62859e+09
  5.18500e-07  1.68803e+09
  5.19500e-07  1.80450e+09
  5.20500e-07  1.83549e+09
  5.21500e-07  1.86690e+09
  5.22500e-07  1.82706e+09
  5.23500e-07  1.85698e+09
  5.24500e-07  1.91095e+09
  5.25500e-07  1.88759e+09
  5.26500e-07  1.72601e+09
  5.27500e-07  1.76503e+09
  5.28500e-07  1.87609e+09
  5.29500e-07  1.89236e+09
  5.30500e-07  1.91715e+09
  5.31500e-07  1.91864e+09
  5.32500e-07  1.89498e+09
  5.33500e-07  1.86626e+09
  5.34500e-07  1.86987e+09
  5.35500e-07  1.92300e+09
  5.36500e-07  1.87723e+09
  5.37500e-07  1.87502e+09
  5.38500e-07  1.88525e+09
  5.39500e-07  1.84066e+09
  5.40500e-07  1.80195e+09
  5.41500e-07  1.83919e+09
  5.42500e-07  1.85851e+09
  5.43500e-07  1.87214e+09
  5.44500e-07  1.88647e+09
  5.45500e-07  1.88892e+09
  5.46500e-07  1.88721e+09
  5.47500e-07  1.86310e+09
  5.48500e-07  1.87011e+09
  5.49500e-07  1.89031e+09
  5.50500e-07  1.87868e+09
  5.51500e-07  1.88335e+09
  5.52500e-07  1.87831e+09
  5.53500e-07  1.87084e+09
  5.54500e-07  1.88783e+09
  5.55500e-07  1.87646e+09
  5.56500e-07  1.83600e+09
  5.57500e-07  1.81172e+09
  5.58500e-07  1.78635e+09
  5.59500e-07  1.76049e+09
  5.60500e-07  1.80155e+09
  5.61500e-07  1.81615e+09
  5.62500e-07  1.79348e+09
  5.63500e-07  1.80048e+09
  5.64500e-07  1.80330e+09
  5.65500e-07  1.78568e+09
  5.66500e-07  1.78488e+09
  5.67500e-07  1.81460e+09
  5.68500e-07  1.79843e+09
  5.69500e-07  1.79188e+09
  5.70500e-07  1.77221e+09
  5.71500e-07  1.77342e+09
  5.72500e-07  1.84050e+09
  5.73500e-07  1.84759e+09
  5.74500e-07  1.82999e+09
  5.75500e-07  1.80133e+09
  5.76500e-07  1.80704e+09
  5.77500e-07  1.80876e+09
  5.78500e-07  1.78247e+09
  5.79500e-07  1.79439e+09
  5.80500e-07  1.80885e+09
  5.81500e-07  1.81575e+09
  5.82500e-07  1.83225e+09
  5.83500e-07  1.83227e+09
  5.84500e-07  1.81720e+09
  5.85500e-07  1.78293e+09
  5.86500e-07  1.77780e+09
  5.87500e-07  1.80059e+09
  5.88500e-07  1.72999e+09
  5.89500e-07  1.65498e+09
  5.90500e-07  1.73325e+09
  5.91500e-07  1.77267e+09
  5.92500e-07  1.77502e+09
  5.93500e-07  1.77084e+09
  5.94500e-07  1.77504e+09
  5.95500e-07  1.76559e+09
  5.96500e-07  1.77624e+09
  5.97500e-07  1.77265e+09
  5.98500e-07  1.75497e+09
  5.99500e-07  1.75327e+09
  6.00500e-07  1.74049e+09
  6.01500e-07  1.71810e+09
  6.02500e-07  1.72373e+09
  6.03500e-07  1.75344e+09
  6.04500e-07  1.75812e+09
  6.05500e-07  1.74644e+09
  6.06500e-07  1.73819e+09
  6.07500e-07  1.72943e+09
  6.08500e-07  1.71140e+09
  6.09500e-07  1.70041e+09
  6.10500e-07  1.69946e+09
  6.11500e-07  1.70062e+09
  6.12500e-07  1.69106e+09
  6.13500e-07  1.66837e+09
  6.14500e-07  1.66557e+09
  6.15500e-07  1.65088e+09
  6.16500e-07  1.61865e+09
  6.17500e-07  1.64249e+09
  6.18500e-07  1.66555e+09
  6.19500e-07  1.67444e+09
  6.20500e-07  1.68821e+09
  6.21500e-07  1.67516e+09
  6.22500e-07  1.66336e+09
  6.23500e-07  1.65271e+09
  6.24500e-07  1.63646e+09
  6.25500e-07  1.62934e+09
  6.26500e-07  1.66012e+09
  6.27500e-07  1.67912e+09
  6.28500e-07  1.67863e+09
  6.29500e-07  1.65813e+09
  6.30500e-07  1.64907e+09
  6.31500e-07  1.62425e+09
  6.32500e-07  1.64317e+09
  6.33500e-07  1.63293e+09
  6.34500e-07  1.63724e+09
  6.35500e-07  1.63543e+09
  6.36500e-07  1.62991e+09
  6.37500e-07  1.65127e+09
  6.38500e-07  1.64921e+09
  6.39500e-07  1.61512e+09
  6.40500e-07  1.60133e+09
  6.41500e-07  1.59364e+09
  6.42500e-07  1.60942e+09
  6.43500e-07  1.60299e+09
  6.44500e-07  1.60416e+09
  6.45500e-07  1.58933e+09
  6.46500e-07  1.59033e+09
  6.47500e-07  1.60055e+09
  6.48500e-07  1.59498e+09
  6.49500e-07  1.54672e+09
  6.50500e-07  1.60048e+09
  6.51500e-07  1.60769e+09
  6.52500e-07  1.58344e+09
  6.53500e-07  1.56949e+09
  6.54500e-07  1.54391e+09
  6.55500e-07  1.44123e+09
  6.56500e-07  1.32352e+09
  6.57500e-07  1.46377e+09
  6.58500e-07  1.53364e+09
  6.59500e-07  1.53791e+09
  6.60500e-07  1.55014e+09
  6.61500e-07  1.55813e+09
  6.62500e-07  1.55187e+09
  6.63500e-07  1.53235e+09
  6.64500e-07  1.53558e+09
  6.65500e-07  1.53852e+09
  6.66500e-07  1.52887e+09
  6.67500e-07  1.52391e+09
  6.68500e-07  1.53273e+09
  6.69500e-07  1.52788e+09
  6.70500e-07  1.52120e+09
  6.71500e-07  1.51306e+09
  6.72500e-07  1.50756e+09
  6.73500e-07  1.50376e+09
  6.74500e-07  1.50015e+09
  6.75500e-07  1.49669e+09
  6.76500e-07  1.49344e+09
  6.77500e-07  1.49038e+09
  6.78500e-07  1.48750e+09
  6.79500e-07  1.48477e+09
  6.80500e-07  1.48225e+09
  6.81500e-07  1.47992e+09
  6.82500e-07  1.47776e+09
  6.83500e-07  1.47579e+09
  6.84500e-07  1.47401e+09
  6.85500e-07  1.47241e+09
  6.86500e-07  1.47096e+09
  6.87500e-07  1.46970e+09
  6.88500e-07  1.47115e+09
  6.89500e-07  1.47798e+09
  6.90500e-07  1.47952e+09
  6.91500e-07  1.47102e+09
  6.92500e-07  1.46497e+09
  6.93500e-07  1.46655e+09
  6.94500e-07  1.45748e+09
  6.95500e-07  1.45527e+09
  6.96500e-07  1.45879e+09
  6.97500e-07  1.43814e+09
  6.98500e-07  1.45479e+09
  6.99500e-07  1.45784e+09
  7.00500e-07  1.43715e+09
  7.01500e-07  1.42708e+09
  7.02500e-07  1.43217e+09
  7.03500e-07  1.43821e+09
  7.04500e-07  1.45212e+09
  7.05500e-07  1.44194e+09
  7.06500e-07  1.42370e+09
  7.07500e-07  1.42449e+09
  7.08500e-07  1.41097e+09
  7.09500e-07  1.40073e+09
  7.10500e-07  1.40544e+09
  7.11500e-07  1.38542e+09
  7.12500e-07  1.37937e+09
  7.13500e-07  1.38157e+09
  7.14500e-07  1.37798e+09
  7.15500e-07  1.37211e+09
  7.16500e-07  1.37729e+09
  7.17500e-07  1.37490e+09
  7.18500e-07  1.35632e+09
  7.19500e-07  1.35614e+09
  7.20500e-07  1.35791e+09
  7.21500e-07  1.35779e+09
  7.22500e-07  1.35537e+09
  7.23500e-07  1.36038e+09
  7.24500e-07  1.35616e+09
  7.25500e-07  1.34402e+09
  7.26500e-07  1.34701e+09
  7.27500e-07  1.34369e+09
  7.28500e-07  1.31820e+09
  7.29500e-07  1.31188e+09
  7.30500e-07  1.33538e+09
  7.31500e-07  1.33161e+09
  7.32500e-07  1.32998e+09
  7.33500e-07  1.32943e+09
  7.34500e-07  1.32918e+09
  7.35294e-07  1.32888e+09
  7.40741e-07  1.28578e+09
  7.46269e-07  1.29551e+09
  7.51880e-07  1.27470e+09
  7.57576e-07  1.26114e+09
  7.63359e-07  1.24080e+09
  7.69231e-07  1.21778e+09
  7.75194e-07  1.20702e+09
  7.81250e-07  1.20056e+09
  7.87402e-07  1.19009e+09
  7.93651e-07  1.15526e+09
  8.00000e-07  1.15305e+09
  8.06452e-07  1.13037e+09
  8.13008e-07  1.12401e+09
  8.19672e-07  1.09116e+09
  8.26446e-07  1.08935e+09
  8.33333e-07  1.06207e+09
  8.40336e-07  1.05026e+09
  8.47458e-07  1.02129e+09
  8.54701e-07  9.74338e+08
  8.62069e-07  1.00722e+09
  8.69565e-07  9.53761e+08
  8.77193e-07  9.74764e+08
  8.84956e-07  9.60962e+08
  8.92857e-07  9.53148e+08
  9.00901e-07  9.28137e+08
  9.09091e-07  9.13165e+08
  9.17431e-07  9.06106e+08
  9.25926e-07  8.75245e+08
  9.34579e-07  8.72035e+08
  9.43396e-07  8.44976e+08
  9.52381e-07  8.33716e+08
  9.61538e-07  8.17971e+08
  9.70874e-07  8.01767e+08
  9.80392e-07  7.84729e+08
  9.90099e-07  7.67597e+08
  1.00000e-06  7.54931e+08
  1.01010e-06  7.31959e+08
  1.02041e-06  7.15426e+08
  1.03093e-06  7.00038e+08
  1.04167e-06  6.80869e+08
  1.05263e-06  6.66083e+08
  1.06383e-06  6.45736e+08
  1.07527e-06  6.36134e+08
  1.08696e-06  6.22787e+08
  1.09890e-06  6.02661e+08
  1.11111e-06  5.95148e+08
  1.12360e-06  5.80380e+08
  1.13636e-06  5.67188e+08
  1.14942e-06  5.56499e+08
  1.16279e-06  5.40238e+08
  1.17647e-06  5.28714e+08
  1.19048e-06  5.18748e+08
  1.20482e-06  5.01790e+08
  1.21951e-06  4.94446e+08
  1.23457e-06  4.78110e+08
  1.25000e-06  4.65290e+08
  1.26582e-06  4.52755e+08
  1.28205e-06  4.36730e+08
  1.29870e-06  4.23420e+08
  1.31579e-06  4.07801e+08
  1.33333e-06  3.91749e+08
  1.35135e-06  3.77723e+08
  1.36986e-06  3.66607e+08
  1.38889e-06  3.56392e+08
  1.40845e-06  3.45061e+08
  1.42857e-06  3.33782e+08
  1.44928e-06  3.21663e+08
  1.47059e-06  3.12168e+08
  1.49254e-06  3.02386e+08
  1.51515e-06  2.90693e+08
  1.53846e-06  2.80802e+08
  1.56250e-06  2.70461e+08
  1.58730e-06  2.57577e+08
  1.61290e-06  2.46424e+08
  1.63934e-06  2.34901e+08
  1.66667e-06  2.23752e+08
  1.69491e-06  2.10842e+08
  1.72414e-06  1.98414e+08
  1.75439e-06  1.87159e+08
  1.78571e-06  1.76089e+08
  1.81818e-06  1.64963e+08
  1.85185e-06  1.54688e+08
  1.88679e-06  1.43945e+08
  1.92308e-06  1.35822e+08
  1.96078e-06  1.25349e+08
  2.00000e-06  1.17874e+08
  2.04082e-06  1.08767e+08
  2.08333e-06  9.98226e+07
  2.12766e-06  9.32856e+07
  2.17391e-06  8.61760e+07
  2.22222e-06  8.01456e+07
  2.27273e-06  7.33287e+07
  2.32558e-06  6.75316e+07
  2.38095e-06  6.17504e+07
  2.43902e-06  5.66394e+07
  2.50000e-06  5.18315e+07
  2.56410e-06  4.70660e+07
  2.63158e-06  4.30620e+07
  2.70270e-06  3.89905e+07
  2.77778e-06  3.52124e+07
  2.85714e-06  3.17231e+07
  2.94118e-06  2.85057e+07
  3.03030e-06  2.54171e+07
  3.12500e-06  2.26478e+07
  3.22581e-06  2.01083e+07
  3.33333e-06  1.76730e+07
  3.44828e-06  1.55740e+07
  3.57143e-06  1.36430e+07
  3.70370e-06  1.17767e+07
  3.84615e-06  1.02473e+07
  4.00000e-06  8.79611e+06
  4.16667e-06  7.53894e+06
  4.34783e-06  6.23456e+06
  4.54545e-06  5.12366e+06
  4.76191e-06  4.32850e+06
  5.00000e-06  3.61644e+06
  5.26316e-06  2.98455e+06
  5.55556e-06  2.43965e+06
  5.88235e-06  1.97053e+06
  6.25000e-06  1.56577e+06
  6.66667e-06  1.22106e+06
  7.14286e-06      933375.
  7.69231e-06      698443.
  8.33333e-06      510552.
  9.09091e-06      362820.
  1.00000e-05      249610.
  1.11111e-05      164980.
  1.25000e-05      103748.
  1.42857e-05      61295.3
  1.66667e-05      33384.1
  2.00000e-05      16274.5
  2.50000e-05      6772.49
  3.33333e-05      2204.89
  5.00000e-05      467.054
  0.000100000      40.0827
*END
