 14  344.984009 4.090E-24 7.928E+00.06300.339 1411.34000.390.000000          0 0 0          0 0 0 12  6  7       11  5  6      405540 02227 5 2 0   150.0  138.0
 11  345.048381 1.625E-25 4.525E-01.06720.260 3314.85570.590.017800          0 1 0          0 1 0 11  5  6       11  2  9      55424333212851 4 8    69.0   69.0
 13  345.650970 3.970E-26 1.053E+01.06900.384 2565.34550.52-.003700          0 1 0          0 1 0  8  5  4        7  4  3      60424334 02551 4 7   306.0  270.0
 12  345.791870 2.023E-22 1.984E+01.03260.170 1033.19460.150.000840          0 0 0          0 0 0  7  7  1        6  6  0      405243342285641837    15.0   13.0
 12  345.792297 6.071E-22 1.984E+01.03260.170 1033.19410.150.000850          0 0 0          0 0 0  7  7  0        6  6  1      405243342285641837    45.0   39.0
 14  345.837006 4.120E-24 7.989E+00.06050.295 1410.58700.390.000000          0 0 0          0 0 0 12  6  6       11  5  7      405540 02227 5 2 0   150.0  138.0
 11  345.855699 1.946E-21 8.373E-03.09370.446  142.27850.790.006440          0 0 0          0 0 0  4  4  0        3  1  3      555243332185641837     9.0    7.0
 11  346.104573 2.171E-25 2.064E+00.01680.045 3675.1133-.170.000230          0 0 0          0 0 0 19  1 18       19  0 19      55524333218564 437   117.0  117.0
 11  346.105504 7.235E-26 2.064E+00.01680.045 3675.1133-.170.000230          0 0 0          0 0 0 19  2 18       19  1 19      55524333218564 437    39.0   39.0
 14  346.342010 1.880E-24 2.485E+00.07600.307 1347.13400.370.000000          0 0 0          0 0 0 13  4  9       12  3 10      405540 02227 5 2 0   162.0  150.0
 13  347.037750 2.370E-25 2.581E-02.06850.353  708.01640.610.006880          0 0 0          0 0 0  7  5  3        7  2  6      005243342285641837    90.0   90.0
 12  347.424255 7.332E-26 1.050E+01.06120.384 2556.46220.32-.003900          0 1 0          0 1 0  8  5  3        7  4  4      50424334222551 4 7    17.0   15.0
 11  347.493816 1.033E-22 1.065E+01.06900.384 2572.13920.52-.003700          0 1 0          0 1 0  8  5  4        7  4  3      55424333212551 4 7    51.0   45.0
 13  347.652771 3.708E-23 2.021E+01.03260.170 1038.76600.150.000840          0 0 0          0 0 0  7  7  1        6  6  0      405243342285641837    90.0   78.0
 13  347.653595 1.113E-22 2.022E+01.03260.170 1038.76540.150.000850          0 0 0          0 0 0  7  7  0        6  6  1      405243342285641837   270.0  234.0
 11  347.961591 3.190E-27 2.451E+00.00880.147 4554.6528-.07-.002800          0 1 0          0 1 0 17  1 16       17  0 17      55424333212951 4 9   105.0  105.0
 11  347.973876 1.063E-27 2.450E+00.00880.147 4554.6533-.07-.002800          0 1 0          0 1 0 17  2 16       17  1 17      55424333212951 4 9    35.0   35.0
 11  348.122394 9.939E-28 2.173E+00.07520.328 4643.99900.680.010900          1 0 0          1 0 0  9  4  5        8  3  6      55424335232551 4 7    57.0   51.0
 12  348.194885 1.449E-25 3.979E-01.08300.429 1913.02260.630.005800          0 1 0          0 1 0  6  3  4        5  0  5      50424334222551 4 7    39.0   33.0
 12  348.224792 4.380E-22 1.394E+01.04830.296 1051.20320.23-.002390          0 0 0          0 0 0  8  6  3        7  5  2      505243342285641837    51.0   45.0
 11  348.327429 6.911E-27 6.595E+00.07390.301 4493.80420.56-.001900          0 2 0          0 2 0 10  4  7        9  3  6      55424335232851 4 8    63.0   57.0
 14  348.351990 1.900E-25 6.412E-03.08250.388  469.66400.590.000000          0 0 0          0 0 0  7  5  2        6  3  3      405540 02227 5 2 0    90.0   78.0
 11  348.463922 4.590E-22 8.074E-02.07330.405 1282.91920.640.001780          0 0 0          0 0 0  9  6  3        9  3  6      555243332185641837    57.0   57.0
 12  348.473053 1.462E-22 1.397E+01.04750.292 1050.99040.21-.001760          0 0 0          0 0 0  8  6  2        7  5  3      505243342285641837    17.0   15.0
 11  348.644245 1.035E-27 3.563E-01.07430.301 4263.15040.760.008100          0 2 0          0 2 0  9  4  5        9  1  8      55424335232851 4 8    57.0   57.0
 14  348.667999 3.960E-27 4.025E-03.06380.338 1239.10210.450.000000          0 0 0          0 0 0 10  7  4       10  5  5      404340 02227 5 2 0   126.0  126.0
 12  348.782318 1.072E-25 1.593E+01.04620.423 2536.93480.21-.009700          0 1 0          0 1 0  7  6  2        6  5  1      50424334222851 4 8    15.0   13.0
 12  348.810974 3.216E-25 1.593E+01.04700.423 2536.90970.20-.005600          0 1 0          0 1 0  7  6  1        6  5  2      40424334222551 4 7    45.0   39.0
 13  348.925598 1.350E-26 1.076E+01.06120.384 2562.59960.32-.003900          0 1 0          0 1 0  8  5  3        7  4  4      60424334 02551 4 7   102.0   90.0
 13  349.484283 2.790E-26 4.207E-01.08300.429 1916.67360.630.005800          0 1 0          0 1 0  6  3  4        5  0  5      60424334 02551 4 7   234.0  198.0
 12  349.665070 1.426E-25 6.163E-01.08480.423 2034.37700.660.004400          0 1 0          0 1 0  7  2  5        6  1  6      50424334222551 4 7    45.0   39.0
 13  349.747650 2.780E-26 6.571E-01.08480.423 2038.32510.660.004400          0 1 0          0 1 0  7  2  5        6  1  6      60424334 02551 4 7   270.0  234.0
 11  349.755848 9.623E-20 2.036E+01.03260.170 1045.05830.150.000840          0 0 0          0 0 0  7  7  1        6  6  0      555243332185641837    15.0   13.0
 11  349.756288 2.887E-19 2.036E+01.03260.170 1045.05800.150.000850          0 0 0          0 0 0  7  7  0        6  6  1      555243332185641837    45.0   39.0
 11  349.839202 7.241E-23 6.524E-01.08480.423 2042.75340.660.004400          0 1 0          0 1 0  7  2  5        6  1  6      55424333212551 4 7    45.0   39.0
 13  349.892822 8.096E-23 1.421E+01.04830.296 1055.25520.23-.002390          0 0 0          0 0 0  8  6  3        7  5  2      405243342285641837   306.0  270.0
 11  350.007321 7.603E-27 7.200E-05.06080.243 1875.46190.75-.003780          0 0 0          0 0 0  9  9  1       10  6  4      555243332185641837    19.0   21.0
 11  350.038463 6.717E-22 2.787E-02.06850.353  709.60830.610.006880          0 0 0          0 0 0  7  5  3        7  2  6      555243332185641837    15.0   15.0
 11  350.125103 9.501E-25 4.939E-04.05640.277 1524.84800.670.007200          0 0 0          0 0 0 10  6  5       11  1 10      555243332185641837    63.0   69.0
 13  350.126831 2.703E-23 1.423E+01.04750.292 1055.05410.21-.001760          0 0 0          0 0 0  8  6  2        7  5  3      405243342285641837   102.0   90.0
 14  350.493988 1.920E-25 6.476E-03.07200.367  467.51500.590.000000          0 0 0          0 0 0  7  5  3        6  3  4      405540 02227 5 2 0    90.0   78.0
 11  350.496154 2.286E-26 7.215E-05.06020.230 1874.97310.76-.003420          0 0 0          0 0 0  9  9  0       10  6  5      555243332185641837    57.0   63.0
 13  350.552582 1.940E-26 1.616E+01.04620.423 2544.43380.21-.009700          0 1 0          0 1 0  7  6  2        6  5  1      60424334 02851 4 8    90.0   78.0
 13  350.579712 5.810E-26 1.614E+01.04700.423 2544.40990.20-.005600          0 1 0          0 1 0  7  6  1        6  5  2      60424334 02551 4 7   270.0  234.0
 11  350.591909 1.828E-25 2.320E-01.07250.282 2903.14600.760.008600          0 1 0          0 1 0 10  4  6       10  1  9      55424333212851 4 8    21.0   21.0
 11  350.624042 3.507E-23 1.086E+01.06120.384 2569.50810.32-.003900          0 1 0          0 1 0  8  5  3        7  4  4      55424333212551 4 7    17.0   15.0
 14  350.697998 5.000E-27 2.653E-03.06640.323 1082.89400.490.000000          0 0 0          0 0 0  9  7  3        9  5  4      404340 02227 5 2 0   114.0  114.0
 11  350.945723 7.191E-23 4.153E-01.08300.429 1920.76660.630.005800          0 1 0          0 1 0  6  3  4        5  0  5      55424333212551 4 7    39.0   33.0
 14  351.018005 5.380E-24 2.715E-01.07070.357  598.56400.490.000000          0 0 0          0 0 0  9  4  6        8  1  7      405540 02227 5 2 0   114.0  102.0
 11  351.335218 1.959E-27 7.508E+00.06010.328 4756.39400.32-.000500          1 0 0          1 0 0  9  5  4        8  4  5      55424335232551 4 7    57.0   51.0
 11  351.776016 2.130E-19 1.438E+01.04830.296 1059.83540.23-.002390          0 0 0          0 0 0  8  6  3        7  5  2      555243332185641837    51.0   45.0
 12  351.975983 2.282E-22 9.091E+00.05980.337 1116.63620.320.003310          0 0 0          0 0 0  9  5  4        8  4  5      005243342285641837    57.0   51.0
 11  351.995257 7.109E-20 1.440E+01.04750.292 1059.64670.21-.001760          0 0 0          0 0 0  8  6  2        7  5  3      555243332185641837    17.0   15.0
 11  352.041394 2.465E-25 5.488E+00.04720.285 3822.24630.14-.011670          0 0 0          0 0 0 17  5 12       16  6 11      555243332185641837   105.0   99.0
 12  352.097992 5.016E-26 2.204E+00.08280.384 2308.90600.740.005700          0 1 0          0 1 0  8  3  5        7  2  6      50424334222851 4 7    17.0   15.0
 11  352.112691 4.429E-27 1.093E-03.06750.344 2631.28370.630.006360          0 0 0          0 0 0 14  5  9       15  2 14      555243332185641837    29.0   31.0
 12  352.134705 3.818E-25 3.644E-02.07830.395 1047.32870.780.001020          0 0 0          0 0 0  8  6  2        8  3  5      505243342285641837    17.0   17.0
 11  352.174412 4.076E-25 5.345E-03.08480.429 2053.96880.860.001500          0 1 0          0 1 0  5  5  0        5  2  3      55424333212851 4 8    33.0   33.0
 11  352.249752 2.529E-23 2.330E+00.08280.384 2318.53980.740.005700          0 1 0          0 1 0  8  3  5        7  2  6      55424333212851 4 7    17.0   15.0
 11  352.253859 1.746E-27 1.876E+01.00390.149 4889.4883-.66-.002800          0 1 0          0 1 0 19  1 19       18  0 18      55424333212951 4 9    39.0   37.0
 11  352.254867 5.239E-27 1.876E+01.00390.149 4889.4883-.66-.002800          0 1 0          0 1 0 19  0 19       18  1 18      55424333212951 4 9   117.0  111.0
 12  352.265015 1.392E-26 1.287E+01.02730.169 3071.9021-.09-.002310          0 0 0          0 0 0 16  3 13       15  4 12      00524334228564 437    33.0   31.0
 14  352.278992 4.870E-27 1.471E-03.06660.316  942.56700.530.000000          0 0 0          0 0 0  8  7  2        8  5  3      404340 02227 5 2 0   102.0  102.0
 11  352.332357 9.119E-28 2.033E+00.06440.328 4643.99900.470.007276          0 2 0          1 0 0  9  6  3        8  3  6      55424335232851 4 8    57.0   51.0
 11  352.493168 3.112E-26 1.247E+01.06630.423 4016.05300.44-.001400          0 2 0          0 2 0  7  5  3        6  4  2      55424335232551 4 7    15.0   13.0
 11  352.550880 5.043E-23 1.647E+01.04620.423 2552.87990.21-.009700          0 1 0          0 1 0  7  6  2        6  5  1      55424333212851 4 8    15.0   13.0
 11  352.576239 1.513E-22 1.648E+01.04700.423 2552.85740.20-.005600          0 1 0          0 1 0  7  6  1        6  5  2      55424333212551 4 7    45.0   39.0
 12  352.672485 1.487E-22 2.646E-01.08420.456  398.36050.740.007160          0 0 0          0 0 0  6  4  3        5  1  4      505243342285641837    39.0   33.0
 11  352.698425 1.225E-26 4.721E+00.07120.384 4033.61450.630.008100          0 2 0          0 2 0  8  4  4        7  3  5      55424335232851 4 7    17.0   15.0
 11  353.094778 1.793E-27 1.085E+01.01800.171 4736.2417-.09-.007300          0 1 0          0 1 0 16  3 13       15  4 12      55424333212951 4 9    33.0   31.0
 11  353.121893 9.365E-26 1.251E+01.06010.423 4015.51510.34-.004700          0 2 0          0 2 0  7  5  2        6  4  3      55424335232551 4 7    45.0   39.0
 13  353.196960 4.258E-23 9.277E+00.05980.337 1119.48800.320.003310          0 0 0          0 0 0  9  5  4        8  4  5      405243342285641837   342.0  306.0
 11  353.412107 6.187E-24 1.218E+01.02730.169 3083.8655-.09-.002310          0 0 0          0 0 0 16  3 13       15  4 12      55524333218564 437    33.0   31.0
 11  353.461569 8.907E-27 1.031E+01.02690.191 4382.7798-.040.004000          0 1 0          0 1 0 15  4 12       14  3 11      55424333212951 4 9    31.0   29.0
 12  353.493408 1.938E-22 4.447E+00.07650.409 1001.70590.680.005880          0 0 0          0 0 0  9  4  5        8  3  6      505243342285641837    57.0   51.0
 11  353.742859 6.874E-27 2.662E+00.06790.384 4033.61450.51-.007912          1 0 0          0 2 0  8  0  8        7  3  5      55424335232851 4 8    17.0   15.0
 13  353.774506 3.664E-23 4.561E+00.07650.409 1003.78130.680.005880          0 0 0          0 0 0  9  4  5        8  3  6      405243342285641837   342.0  306.0
 11  354.119420 9.968E-20 4.687E+00.07650.409 1006.11600.680.005880          0 0 0          0 0 0  9  4  5        8  3  6      555243332185641837    57.0   51.0
 14  354.122009 1.020E-23 1.541E+01.03600.170 1294.84590.490.000000          0 0 0          0 0 0  9  8  1        8  7  2      405540 02227 5 2 0   114.0  102.0
 14  354.122009 1.020E-23 1.541E+01.03470.170 1294.84590.490.000000          0 0 0          0 0 0  9  8  2        8  7  1      405540 02227 5 2 0   114.0  102.0
 12  354.187012 2.730E-26 2.233E+01.01340.042 3305.3379-.660.000620          0 0 0          0 0 0 19  0 19       18  1 18      005243 0 08564 437   117.0  111.0
 11  354.225383 1.751E-24 8.535E+00.03880.235 3269.54000.01-.010460          0 0 0          0 0 0 16  4 12       15  5 11      555243332185641837    33.0   31.0
 12  354.341003 7.324E-23 8.510E+00.07340.411 1355.19930.64-.002250          0 0 0          0 0 0 10  5  6        9  4  5      405243342285641837    63.0   57.0
 12  354.420990 3.004E-26 1.627E+01.01980.095 3198.0750-.290.000530          0 0 0          0 0 0 17  2 15       16  3 14      00524334228564 437   105.0   99.0
 11  354.588850 1.134E-19 9.418E+00.05980.337 1122.70860.320.003310          0 0 0          0 0 0  9  5  4        8  4  5      555243332185641837    57.0   51.0
 12  354.613007 1.003E-26 1.630E+01.01980.096 3197.9480-.290.000770          0 0 0          0 0 0 17  3 15       16  2 14      00524334228564 437    35.0   33.0
 12  354.746002 2.600E-26 1.960E+01.01480.048 3277.1851-.570.000870          0 0 0          0 0 0 18  2 17       17  1 16      005243 0 08564 437   111.0  105.0
 13  354.825714 2.712E-23 2.620E-01.08420.456  398.87940.740.007160          0 0 0          0 0 0  6  4  3        5  1  4      505243342285641837   234.0  198.0
 11  355.628183 1.846E-24 1.971E-02.07820.423 2042.75340.640.004800          0 1 0          0 1 0  6  4  3        6  1  6      55424333212851 4 8    39.0   39.0
 11  355.664674 1.156E-23 2.039E+01.01340.042 3319.4485-.660.000620          0 0 0          0 0 0 19  0 19       18  1 18      55524333218564 437   117.0  111.0
 11  355.664731 3.854E-24 2.039E+01.01340.042 3319.4485-.660.000620          0 0 0          0 0 0 19  1 19       18  0 18      55524333218564 437    39.0   37.0
 11  355.961230 1.354E-23 1.575E+01.01980.095 3211.2129-.290.000530          0 0 0          0 0 0 17  2 15       16  3 14      55524333218564 437   105.0   99.0
 11  356.000070 1.397E-27 1.715E+01.00460.147 4902.6270-.57-.002900          0 1 0          0 1 0 18  1 17       17  2 16      55424333212951 4 9    37.0   35.0
 14  356.011993 2.770E-24 9.715E-01.07950.305 1049.12900.390.000000          0 0 0          0 0 0 12  3  9       11  2 10      405540 02227 5 2 0   150.0  138.0
 11  356.017194 4.195E-27 1.717E+01.00460.147 4902.6143-.57-.002900          0 1 0          0 1 0 18  2 17       17  1 16      55424333212951 4 9   111.0  105.0
 11  356.199106 4.523E-24 1.578E+01.01980.096 3211.0562-.290.000770          0 0 0          0 0 0 17  3 15       16  2 14      55524333218564 437    35.0   33.0
 13  356.293701 1.370E-23 8.713E+00.07340.411 1357.55580.64-.002250          0 0 0          0 0 0 10  5  6        9  4  5      405243342285641837   378.0  342.0
 11  356.307245 3.767E-24 1.836E+01.01480.048 3291.1526-.570.000870          0 0 0          0 0 0 18  1 17       17  2 16      55524333218564 437    37.0   35.0
 11  356.312658 1.130E-23 1.836E+01.01480.048 3291.1489-.570.000870          0 0 0          0 0 0 18  2 17       17  1 16      55524333218564 437   111.0  105.0
 13  356.523804 6.804E-26 3.577E-02.07830.395 1048.65710.780.001020          0 0 0          0 0 0  8  6  2        8  3  5      505243342285641837   102.0  102.0
 11  356.534079 9.527E-26 1.768E+01.04200.429 4050.51270.25-.007800          0 2 0          0 2 0  6  6  1        5  5  0      55424335232551 4 7    39.0   33.0
 11  356.654178 3.456E-26 1.925E+01.03850.429 4050.50390.25-.007400          0 2 0          0 2 0  6  6  0        5  5  1      55424335232951 4 8    13.0   11.0
 12  357.045990 4.331E-26 1.343E+01.02880.188 3068.8000-.070.004690          0 0 0          0 0 0 16  4 13       15  3 12      00524334228564 437    99.0   93.0
 11  357.126510 4.419E-27 1.471E+01.00880.158 4847.6226-.29-.004100          0 1 0          0 1 0 17  2 15       16  3 14      55424333212951 4 9   105.0   99.0
 11  357.185774 4.226E-24 1.764E-02.09000.466 1772.41350.810.005700          0 1 0          0 1 0  4  4  1        3  1  2      55424333212551 4 7    27.0   21.0
 11  357.267290 7.270E-20 2.656E-01.08420.456  399.45750.740.007160          0 0 0          0 0 0  6  4  3        5  1  4      555243332185641837    39.0   33.0
 11  357.510630 9.143E-28 1.696E-01.08740.429 4049.53610.810.007224          0 2 0          1 0 0  6  6  1        5  1  4      55424335232851 4 8    39.0   33.0
 11  357.516048 8.549E-27 1.594E+00.07920.429 4050.51270.82-.007364          0 0 1          0 2 0  6  3  3        5  5  0      55424335232851 4 8    39.0   33.0
 11  357.796133 1.148E-27 3.757E-01.07140.423 4195.47750.530.007000          0 0 1          0 0 1  7  3  5        6  0  6      55424335232851 4 7    45.0   39.0
 11  357.798927 1.480E-27 1.479E+01.00860.158 4847.1895-.29-.002900          0 1 0          0 1 0 17  3 15       16  2 14      55424333212951 4 9    35.0   33.0
 14  357.899994 5.380E-24 1.136E+01.05100.240 1399.48000.410.000000          0 0 0          0 0 0 11  7  5       10  6  4      405540 02227 5 2 0   138.0  126.0
 14  357.911011 5.380E-24 1.136E+01.05100.245 1399.47000.410.000000          0 0 0          0 0 0 11  7  4       10  6  5      405540 02227 5 2 0   138.0  126.0
 14  358.347992 1.720E-24 8.208E+00.06200.327 1599.83110.370.000000          0 0 0          0 0 0 13  6  8       12  5  7      405540 02227 5 2 0   162.0  150.0
 11  358.483505 3.634E-20 8.818E+00.07340.411 1360.23540.64-.002250          0 0 0          0 0 0 10  5  6        9  4  5      555243332185641837    63.0   57.0
 14  358.661987 6.780E-26 2.376E-02.05760.303 1046.47900.390.000000          0 0 0          0 0 0 12  3  9       11  1 10      405540 02227 5 2 0   150.0  138.0
 14  358.768005 8.420E-25 5.224E+00.05800.284 1668.12900.360.000000          0 0 0          0 0 0 14  5  9       13  4 10      405540 02227 5 2 0   174.0  162.0
 11  359.128180 1.939E-23 1.283E+01.02880.188 3080.1790-.070.004690          0 0 0          0 0 0 16  4 13       15  3 12      55524333218564 437    99.0   93.0
 11  360.027483 2.175E-27 2.139E-04.05090.210 2612.79980.69-.003730          0 0 0          0 0 0 11 10  1       12  7  6      555243332185641837    69.0   75.0
 14  360.338013 1.740E-24 8.308E+00.05850.293 1598.09900.370.000000          0 0 0          0 0 0 13  6  7       12  5  8      405540 02227 5 2 0   162.0  150.0
 11  360.448551 8.188E-25 2.014E-04.06470.319 1114.53230.710.005830          0 0 0          0 0 0  9  5  5       10  0 10      555243332185641837    19.0   21.0
 14  360.604004 1.760E-25 9.569E-03.08440.410  581.96300.530.000000          0 0 0          0 0 0  8  5  3        7  3  4      404340 02227 5 2 0   102.0   90.0
 11  360.897515 1.740E-27 1.802E+01.03320.384 4929.06200.11-.004400          0 0 1          0 0 1  8  7  1        7  6  2      55424335232951 4 8    51.0   45.0
 14  361.006012 1.260E-25 7.182E-03.06840.291  634.79200.450.000000          0 0 0          0 0 0 10  3  8        9  1  9      404340 02227 5 2 0   126.0  114.0
 14  361.368988 4.970E-24 2.833E-01.07280.298  634.42900.450.000000          0 0 0          0 0 0 10  3  8        9  0  9      405540 02227 5 2 0   126.0  114.0
 11  361.484250 1.870E-22 3.776E-02.07830.395 1050.15770.780.001020          0 0 0          0 0 0  8  6  2        8  3  5      555243332185641837    17.0   17.0
 11  361.605655 4.928E-26 6.137E-04.05210.238 1960.20750.600.008440          0 0 0          0 0 0 11  7  5       12  2 10      555243332185641837    23.0   25.0
 11  362.012407 1.269E-24 5.544E-01.05720.320 2739.42870.440.017530          0 0 0          0 0 0 14  6  8       14  3 11      555243332185641837    29.0   29.0
 14  362.247009 3.770E-26 4.962E-02.05330.261 1331.23000.370.000000          0 0 0          0 0 0 13  4  9       12  2 10      405540 02227 5 2 0   162.0  150.0
 11  362.597199 1.118E-27 1.318E+01.05180.328 4977.04440.23-.007700          0 0 1          0 0 1  9  6  4        8  5  3      55424335232851 4 8    57.0   51.0
 11  362.750779 9.594E-22 3.089E-02.07810.407  920.16840.730.001920          0 0 0          0 0 0  9  3  6        9  0  9      555243332185641837    57.0   57.0
 13  363.166443 3.163E-25 2.709E-02.07810.407  918.10200.730.001920          0 0 0          0 0 0  9  3  6        9  0  9      505243342285641837   342.0  342.0
 14  363.174011 1.560E-25 1.520E-02.06020.324  743.09900.450.000000          0 0 0          0 0 0 10  4  7        9  2  8      405540 02227 5 2 0   126.0  114.0
 12  363.539886 1.640E-24 2.600E-02.07810.407  916.25780.730.001920          0 0 0          0 0 0  9  3  6        9  0  9      505243342285641837    57.0   57.0
 11  363.680850 2.924E-25 3.620E-04.05760.267 1690.66440.620.008000          0 0 0          0 0 0 10  7  4       11  2  9      555243332185641837    63.0   69.0
 12  364.009369 2.864E-26 1.060E+01.07330.328 2758.96020.60-.002800          0 1 0          0 1 0  9  5  5        8  4  4      40424334222851 4 7    19.0   17.0
 11  364.066301 1.261E-26 2.278E+00.01520.040 4048.2498-.210.000350          0 0 0          0 0 0 20  1 19       20  0 20      55524333218564 437    41.0   41.0
 11  364.066796 3.783E-26 2.278E+00.01520.040 4048.2498-.210.000350          0 0 0          0 0 0 20  2 19       20  1 20      55524333218564 437   123.0  123.0
 12  364.454498 2.717E-24 4.091E-02.06300.337  881.91420.560.008010          0 0 0          0 0 0  8  5  4        8  2  7      005243342285641837    51.0   51.0
 12  364.625427 1.022E-24 1.421E-02.08020.406  839.54950.830.001500          0 0 0          0 0 0  7  6  1        7  3  4      505243342285641837    45.0   45.0
 12  364.643646 7.266E-24 8.428E+00.07370.416 1611.65360.63-.002420          0 0 0          0 0 0 11  5  7       10  4  6      405243342285641837    23.0   21.0
 11  365.629824 4.559E-26 8.631E-01.08480.423 3601.85860.660.004400          0 2 0          0 2 0  7  2  5        6  1  6      55424335232551 4 7    45.0   39.0
 14  365.631989 1.790E-25 9.713E-03.06900.353  576.90500.530.000000          0 0 0          0 0 0  8  5  4        7  3  5      405540 02227 5 2 0   102.0   90.0
 11  365.708691 1.495E-26 3.103E+00.08280.384 3894.16750.740.005700          0 2 0          0 2 0  8  3  5        7  2  6      55424335232851 4 7    17.0   15.0
 11  365.863234 5.930E-27 1.219E+01.01990.171 4728.2212-.070.002400          0 1 0          0 1 0 16  4 13       15  3 12      55424333212951 4 9    99.0   93.0
 11  365.914997 5.636E-26 8.841E-04.04850.250 2246.88500.590.009530          0 0 0          0 0 0 12  7  6       13  2 11      555243332185641837    75.0   81.0
 11  366.388223 1.661E-27 4.824E+00.04390.308 4833.20850.00-.005410          0 0 0          0 0 0 19  6 13       18  7 12      55524333218564 437   117.0  111.0
 11  366.493322 2.860E-27 2.036E+01.03460.384 4846.77590.11-.005300          1 0 0          1 0 0  8  7  2        7  6  1      55424335232851 4 7    51.0   45.0
 11  366.495965 9.532E-28 2.036E+01.03320.384 4846.77340.11-.004400          1 0 0          1 0 0  8  7  1        7  6  2      55424335232951 4 8    17.0   15.0
 13  366.846771 5.040E-25 4.149E-02.06300.337  883.65190.560.008010          0 0 0          0 0 0  8  5  4        8  2  7      505243342285641837   306.0  306.0
 13  366.852570 1.358E-24 8.626E+00.07370.416 1613.90090.63-.002420          0 0 0          0 0 0 11  5  7       10  4  6      405243342285641837   138.0  126.0
 11  366.991567 1.756E-27 1.380E+01.05160.328 4889.45700.18-.003500          1 0 0          1 0 0  9  6  3        8  5  4      55424335232551 4 7    57.0   51.0
 12  367.337799 9.079E-26 5.753E+00.07520.328 2618.92140.680.010900          0 1 0          0 1 0  9  4  5        8  3  6      40424334222551 4 7    57.0   51.0
 11  367.785718 1.369E-23 1.096E+01.07330.328 2771.69020.60-.002800          0 1 0          0 1 0  9  5  5        8  4  4      55424333212851 4 7    19.0   17.0
 13  367.907043 1.720E-26 6.014E+00.07520.328 2624.22920.680.010900          0 1 0          0 1 0  9  4  5        8  3  6      60424334 02551 4 7   342.0  306.0
 12  367.915527 7.388E-23 4.590E-01.07430.417  444.84620.530.005840          0 0 0          0 0 0  7  3  5        6  0  6      505243342285641837    15.0   13.0
 11  367.981398 1.192E-25 6.197E-04.05400.276 1774.61650.650.007660          0 0 0          0 0 0 11  6  6       12  1 11      555243332185641837    23.0   25.0
 11  368.217786 1.029E-27 5.609E-01.08160.423 4290.75730.670.005600          0 0 1          0 0 1  7  4  4        6  1  5      55424335232551 4 7    45.0   39.0
 11  368.573761 4.475E-23 6.023E+00.07520.328 2630.19260.680.010900          0 1 0          0 1 0  9  4  5        8  3  6      55424333212551 4 7    57.0   51.0
 14  368.790985 5.470E-24 1.568E+01.03900.181 1433.59200.450.000000          0 0 0          0 0 0 10  8  2        9  7  3      405540 02227 5 2 0   126.0  114.0
 14  368.790985 5.470E-24 1.568E+01.03720.181 1433.59200.450.000000          0 0 0          0 0 0 10  8  3        9  7  2      405540 02227 5 2 0   126.0  114.0
 13  368.891541 1.382E-23 4.645E-01.07430.417  445.71920.530.005840          0 0 0          0 0 0  7  3  5        6  0  6      505243342285641837    90.0   78.0
 13  368.953552 1.818E-25 1.391E-02.08020.406  840.86490.830.001500          0 0 0          0 0 0  7  6  1        7  3  4      405243342285641837   270.0  270.0
 11  369.331873 3.579E-21 8.678E+00.07370.416 1616.45310.63-.002420          0 0 0          0 0 0 11  5  7       10  4  6      555243332185641837    23.0   21.0
 11  369.566566 1.449E-21 4.545E-02.06300.337  885.60030.560.008010          0 0 0          0 0 0  8  5  4        8  2  7      555243332185641837    51.0   51.0
 11  369.586566 1.053E-27 2.150E+01.00280.135 5241.7432-.76-.003300          0 1 0          0 1 0 20  1 20       19  0 19      55424333212951 4 9   123.0  117.0
 11  369.997670 3.817E-20 4.830E-01.07430.417  446.69660.530.005840          0 0 0          0 0 0  7  3  5        6  0  6      555243332185641837    15.0   13.0
 12  370.503296 2.819E-22 2.089E+01.03670.208 1204.17500.11-.001400          0 0 0          0 0 0  8  7  2        7  6  1      405243342285641837    51.0   45.0
 12  370.508942 9.398E-23 2.089E+01.03670.207 1204.16960.11-.001370          0 0 0          0 0 0  8  7  1        7  6  2      405243342285641837    17.0   15.0
 14  370.536011 4.410E-24 4.285E-01.07680.326  735.73600.450.000000          0 0 0          0 0 0 10  4  7        9  1  8      405540 02227 5 2 0   126.0  114.0
 12  370.721100 9.728E-27 8.438E-02.08890.439 1868.25380.780.007600          0 1 0          0 1 0  5  4  2        4  1  3      50424334222551 4 7    11.0    9.0
 14  370.751007 6.600E-25 8.400E+00.06000.318 1804.88500.360.000000          0 0 0          0 0 0 14  6  9       13  5  8      405540 02227 5 2 0   174.0  162.0
 14  371.097992 1.390E-25 1.332E-02.08380.400  711.79700.490.000000          0 0 0          0 0 0  9  5  4        8  3  5      404340 02227 5 2 0   114.0  102.0
 12  371.242493 5.898E-24 8.532E+00.07040.439 1894.19590.53-.001880          0 0 0          0 0 0 12  5  8       11  4  7      405243342285641837    75.0   69.0
 11  371.586724 1.525E-26 4.981E-01.05980.237 3587.66700.650.017100          0 1 0          0 1 0 12  5  7       12  2 10      55424333212951 4 9    25.0   25.0
 11  371.629980 3.924E-24 1.484E+01.02450.147 3439.3071-.10-.001200          0 0 0          0 0 0 17  3 14       16  4 13      55524333218564 437   105.0   99.0
 12  371.690186 5.979E-23 1.473E+01.05010.320 1247.20620.23-.002110          0 0 0          0 0 0  9  6  4        8  5  3      405243342285641837    19.0   17.0
 12  371.743805 6.109E-26 2.387E+01.02560.423 2714.44460.15-.002800          0 1 0          0 1 0  7  7  1        6  6  0      40424334222951 4 9    15.0   13.0
 12  371.743896 1.833E-25 2.387E+01.03040.423 2714.44430.150.001300          0 1 0          0 1 0  7  7  0        6  6  1      40424334222551 4 7    45.0   39.0
 11  372.214342 4.321E-27 9.716E-05.07870.384 2180.64310.720.000600          0 1 0          0 1 0  6  5  2        7  0  7      55424333212851 410    39.0   45.0
 14  372.295013 2.480E-24 1.178E+01.05300.260 1570.12400.390.000000          0 0 0          0 0 0 12  7  6       11  6  5      405540 02227 5 2 0   150.0  138.0
 11  372.318005 1.138E-27 1.344E+01.01420.158 5094.0845-.10-.005500          0 1 0          0 1 0 17  3 14       16  4 13      55424333212951 4 9   105.0   99.0
 14  372.332001 2.480E-24 1.178E+01.05000.252 1570.09000.390.000000          0 0 0          0 0 0 12  7  5       11  6  6      405540 02227 5 2 0   150.0  138.0
 13  372.377808 5.163E-23 2.126E+01.03670.208 1209.81840.11-.001400          0 0 0          0 0 0  8  7  2        7  6  1      405243342285641837   306.0  270.0
 13  372.383331 1.721E-23 2.126E+01.03670.207 1209.81340.11-.001370          0 0 0          0 0 0  8  7  1        7  6  2      405243342285641837   102.0   90.0
 14  372.579987 2.970E-24 3.127E-01.07300.274  769.11800.410.000000          0 0 0          0 0 0 11  2  9       10  1 10      405540 02227 5 2 0   138.0  126.0
 11  372.614711 1.333E-25 1.667E-04.06520.314 1437.96880.670.006940          0 0 0          0 0 0  9  7  3       10  2  8      555243332185641837    19.0   21.0
 12  372.687286 1.804E-22 1.482E+01.04790.311 1246.36870.18-.000830          0 0 0          0 0 0  9  6  3        8  5  4      405243342285641837    57.0   51.0
 14  372.766998 7.320E-26 7.707E-03.04920.293  768.93100.410.000000          0 0 0          0 0 0 11  2  9       10  0 10      405540 02227 5 2 0   138.0  126.0
 11  373.136375 7.619E-25 2.337E+01.01190.034 3675.1133-.760.000260          0 0 0          0 0 0 20  0 20       19  1 19      55524333218564 437    41.0   39.0
 11  373.136402 2.286E-24 2.337E+01.01190.034 3675.1133-.760.000260          0 0 0          0 0 0 20  1 20       19  0 19      55524333218564 437   123.0  117.0
 12  373.138794 1.502E-25 1.683E+01.05090.384 2708.06230.23-.006800          0 1 0          0 1 0  8  6  3        7  5  2      50424334222851 4 7    51.0   45.0
 11  373.290284 9.161E-25 1.844E+01.01770.078 3567.2551-.390.000610          0 0 0          0 0 0 18  2 16       17  3 15      55524333218564 437    37.0   35.0
 12  373.297943 8.973E-26 1.112E+01.06010.328 2751.41850.32-.000500          0 1 0          0 1 0  9  5  4        8  4  5      40424334222551 4 7    57.0   51.0
 12  373.300354 5.010E-26 1.685E+01.04930.384 2707.92160.21-.007800          0 1 0          0 1 0  8  6  2        7  5  3      40424334222851 4 7    17.0   15.0
 13  373.402405 1.106E-23 1.503E+01.05010.320 1251.29110.23-.002110          0 0 0          0 0 0  9  6  4        8  5  3      005243342285641837   114.0  102.0
 11  373.413651 2.751E-24 1.847E+01.01770.076 3567.1743-.390.000760          0 0 0          0 0 0 18  3 16       17  2 15      55524333218564 437   111.0  105.0
 13  373.652313 1.099E-24 8.713E+00.07040.439 1896.45520.53-.001880          0 0 0          0 0 0 12  5  8       11  4  7      405243342285641837   450.0  414.0
 13  373.719452 1.080E-26 2.387E+01.02560.423 2723.62280.15-.002800          0 1 0          0 1 0  7  7  1        6  6  0      60424334 02951 4 9    90.0   78.0
 13  373.719940 3.250E-26 2.394E+01.03040.423 2723.62230.150.001300          0 1 0          0 1 0  7  7  0        6  6  1      60424334 02551 4 7   270.0  234.0
 11  373.756263 2.252E-24 2.122E+01.01300.036 3647.4617-.680.000800          0 0 0          0 0 0 19  1 18       18  2 17      55524333218564 437   117.0  111.0
 11  373.759040 7.507E-25 2.122E+01.01300.036 3647.4597-.680.000800          0 0 0          0 0 0 19  2 18       18  1 17      55524333218564 437    39.0   37.0
 11  373.837948 5.040E-22 1.480E-02.08020.406  842.35660.830.001500          0 0 0          0 0 0  7  6  1        7  3  4      555243332185641837    45.0   45.0
 11  374.160283 2.285E-22 1.209E-01.07290.403 1524.84800.700.005030          0 0 0          0 0 0 11  4  7       11  1 10      555243332185641837    69.0   69.0
 13  374.343628 3.335E-23 1.511E+01.04790.311 1250.49870.18-.000830          0 0 0          0 0 0  9  6  3        8  5  4      405243342285641837   342.0  306.0
 11  374.495574 1.337E-19 2.138E+01.03670.208 1216.19460.11-.001400          0 0 0          0 0 0  8  7  2        7  6  1      555243332185641837    51.0   45.0
 11  374.500962 4.457E-20 2.138E+01.03670.207 1216.18980.11-.001370          0 0 0          0 0 0  8  7  1        7  6  2      555243332185641837    17.0   15.0
 12  374.584473 1.755E-25 3.663E-03.08120.387  658.61010.850.001120          0 0 0          0 0 0  6  6  0        6  3  3      405243342285641837    13.0   13.0
 13  374.726715 1.660E-26 1.144E+01.06010.328 2757.66600.32-.000500          0 1 0          0 1 0  9  5  4        8  4  5      60424334 02551 4 7   342.0  306.0
 11  374.742579 8.937E-28 1.728E+01.00670.147 5204.7490-.39-.002800          0 1 0          0 1 0 18  3 16       17  2 15      55424333212951 4 9   111.0  105.0
 11  374.769718 1.338E-24 1.524E+01.02510.146 3437.2776-.090.002680          0 0 0          0 0 0 17  4 14       16  3 13      55524333218564 437    35.0   33.0
 13  374.932251 2.720E-26 1.710E+01.05090.384 2715.63600.23-.006800          0 1 0          0 1 0  8  6  3        7  5  2      60424334 02851 4 7   306.0  270.0
 13  374.937653 7.542E-26 1.056E-01.07290.403 1521.51750.700.005030          0 0 0          0 0 0 11  4  7       11  1 10      405243342285641837   414.0  414.0
 14  374.997009 6.760E-25 8.613E+00.05500.266 1801.25310.360.000000          0 0 0          0 0 0 14  6  8       13  5  9      405540 02227 5 2 0   174.0  162.0
 11  375.107623 1.365E-27 4.871E-01.06360.423 4197.33890.63-.000920          1 0 0          0 2 0  7  4  3        6  5  2      55424335232851 4 8    45.0   39.0
 11  375.333946 2.902E-20 1.516E+01.05010.320 1255.91160.23-.002110          0 0 0          0 0 0  9  6  4        8  5  3      555243332185641837    19.0   17.0
 12  375.534241 4.950E-25 8.981E+00.06400.417 2200.43700.370.000980          0 0 0          0 0 0 13  5  9       12  4  8      305243342285641837    27.0   25.0
 12  375.637482 2.535E-24 2.022E-02.06850.365  740.99870.620.005720          0 0 0          0 0 0  8  4  5        8  1  8      505243342285641837    51.0   51.0
 11  375.640448 4.325E-26 1.307E+01.06900.384 4188.39450.52-.003700          0 2 0          0 2 0  8  5  4        7  4  3      55424335232551 4 7    51.0   45.0
 12  375.653290 3.914E-25 1.011E-01.07290.403 1518.54260.700.005030          0 0 0          0 0 0 11  4  7       11  1 10      405243342285641837    69.0   69.0
 11  375.948611 2.807E-23 2.456E+01.02560.423 2733.96290.15-.002800          0 1 0          0 1 0  7  7  1        6  6  0      55424333212951 4 9    15.0   13.0
 11  375.948875 8.420E-23 2.456E+01.03040.423 2733.96290.150.001300          0 1 0          0 1 0  7  7  0        6  6  1      55424333212551 4 7    45.0   39.0
 11  376.192735 5.699E-27 1.139E-03.04600.232 2550.88260.560.010030          0 0 0          0 0 0 13  7  7       14  2 12      555243332185641837    27.0   29.0
 11  376.216279 8.752E-20 1.525E+01.04790.311 1255.16670.18-.000830          0 0 0          0 0 0  9  6  3        8  5  4      555243332185641837    57.0   51.0
 11  376.225639 4.672E-24 8.600E-02.08890.439 1875.46970.780.007600          0 1 0          0 1 0  5  4  2        4  1  3      55424333212551 4 7    11.0    9.0
 11  376.348584 4.287E-23 1.148E+01.06010.328 2764.69750.32-.000500          0 1 0          0 1 0  9  5  4        8  4  5      55424333212551 4 7    57.0   51.0
 11  376.364721 2.865E-21 8.678E+00.07040.439 1899.00830.53-.001880          0 0 0          0 0 0 12  5  8       11  4  7      555243332185641837    75.0   69.0
 11  376.956654 7.040E-23 1.735E+01.05090.384 2724.16720.23-.006800          0 1 0          0 1 0  8  6  3        7  5  2      55424333212851 4 7    51.0   45.0
 13  376.997192 4.795E-25 2.079E-02.06850.365  742.49080.620.005720          0 0 0          0 0 0  8  4  5        8  1  8      505243342285641837   306.0  306.0
 11  377.100767 2.349E-23 1.737E+01.04930.384 2724.04150.21-.007800          0 1 0          0 1 0  8  6  2        7  5  3      55424333212851 4 7    17.0   15.0
 11  377.797165 1.459E-26 1.323E+01.06120.384 4186.56930.32-.003900          0 2 0          0 2 0  8  5  3        7  4  4      55424335232551 4 7    17.0   15.0
 13  378.040009 9.177E-26 9.138E+00.06400.417 2202.89990.370.000980          0 0 0          0 0 0 13  5  9       12  4  8      005243342285641837   162.0  150.0
 11  378.370313 1.133E-24 1.168E+01.03220.219 3639.5383-.06-.007800          0 0 0          0 0 0 17  4 13       16  5 12      55524333218564 437   105.0   99.0
 11  378.545906 1.428E-21 2.343E-02.06850.365  744.16270.620.005720          0 0 0          0 0 0  8  4  5        8  1  8      555243332185641837    51.0   51.0
 14  378.588989 4.460E-24 2.148E+01.02200.138 1510.86300.490.000000          0 0 0          0 0 0  9  9  1        8  8  0      405540 02227 5 2 0   114.0  102.0
 14  378.588989 4.460E-24 2.148E+01.01780.131 1510.86300.490.000000          0 0 0          0 0 0  9  9  0        8  8  1      405540 02227 5 2 0   114.0  102.0
 13  378.779175 3.111E-26 3.571E-03.08120.387  659.98680.850.001120          0 0 0          0 0 0  6  6  0        6  3  3      405243342285641837    78.0   78.0
 12  379.160004 3.519E-25 9.879E+00.05830.361 2527.68900.280.005470          0 0 0          0 0 0 14  5 10       13  4  9      005243342285641837    87.0   81.0
 11  379.510336 9.669E-28 2.452E+01.01870.384 5096.24560.08-.001600          0 0 1          0 0 1  8  8  0        7  7  1      55424335232951 4 9    51.0   45.0
 14  379.671997 6.490E-25 2.408E+00.07800.293 1543.26700.360.000000          0 0 0          0 0 0 14  4 10       13  3 11      405540 02227 5 2 0   174.0  162.0
 14  379.707001 9.770E-26 1.803E-02.07970.402  859.39500.450.000000          0 0 0          0 0 0 10  5  5        9  3  6      405540 02227 5 2 0   126.0  114.0
 11  379.982670 1.893E-27 5.417E-05.05640.195 2321.90580.77-.001870          0 0 0          0 0 0 10 10  1       11  7  4      555243332185641837    63.0   69.0
 12  380.258728 2.937E-26 1.063E+01.07500.301 2986.25900.64-.001900          0 1 0          0 1 0 10  5  6        9  4  5      40424334222851 4 7    63.0   57.0
 12  380.715729 5.608E-23 5.888E-01.07870.441  541.18020.670.007320          0 0 0          0 0 0  7  4  4        6  1  5      505243342285641837    15.0   13.0
 11  380.877032 2.359E-22 8.987E+00.06400.417 2205.65280.370.000980          0 0 0          0 0 0 13  5  9       12  4  8      555243332185641837    27.0   25.0
 12  380.964386 2.474E-23 2.527E-02.08940.465  223.82860.720.006680          0 0 0          0 0 0  5  4  1        4  1  4      505243342285641837    33.0   27.0
 14  381.170990 1.440E-25 1.373E-02.06300.337  701.62200.490.000000          0 0 0          0 0 0  9  5  5        8  3  6      405540 02227 5 2 0   114.0  102.0
 14  381.376007 2.830E-25 5.208E+00.05300.231 1884.89200.360.000000          0 0 0          0 0 0 15  5 10       14  4 11      405540 02227 5 2 0   186.0  174.0
 11  381.521409 1.814E-26 1.997E+01.04620.423 4197.36130.21-.009700          0 2 0          0 2 0  7  6  2        6  5  1      55424335232851 4 8    15.0   13.0
 11  381.639249 5.344E-26 1.962E+01.04700.423 4197.33890.20-.005600          0 2 0          0 2 0  7  6  1        6  5  2      55424335232551 4 7    45.0   39.0
 13  381.647003 6.481E-26 1.000E+01.05830.361 2530.58200.280.005470          0 0 0          0 0 0 14  5 10       13  4  9      005243342285641837   522.0  486.0
 12  381.720551 2.632E-23 9.373E+00.06120.378 1334.47940.330.006070          0 0 0          0 0 0 10  5  5        9  4  6      405243342285641837    21.0   19.0
 14  381.755005 2.310E-25 8.492E+00.06500.317 2026.89700.360.000000          0 0 0          0 0 0 15  6 10       14  5  9      404340 02227 5 2 0   186.0  174.0
 11  381.988300 1.201E-25 4.670E-03.08070.429 2024.15270.730.001700          0 1 0          0 1 0  5  5  1        5  2  4      55424333212851 4 8    11.0   11.0
 11  382.449637 1.894E-23 2.959E-01.06710.383 2246.88500.630.009220          0 0 0          0 0 0 13  5  8       13  2 11      555243332185641837    81.0   81.0
 13  382.644714 1.028E-23 5.861E-01.07870.441  541.99680.670.007320          0 0 0          0 0 0  7  4  4        6  1  5      505243342285641837    90.0   78.0
 13  382.694702 4.924E-24 9.583E+00.06120.378 1337.48950.330.006070          0 0 0          0 0 0 10  5  5        9  4  6      405243342285641837   126.0  114.0
 13  383.093170 4.582E-24 2.540E-02.08940.465  224.30420.720.006680          0 0 0          0 0 0  5  4  1        4  1  4      505243342285641837   198.0  162.0
 14  383.324005 2.720E-24 1.605E+01.03650.207 1587.77100.410.000000          0 0 0          0 0 0 11  8  4       10  7  3      405540 02227 5 2 0   138.0  126.0
 14  383.325012 2.720E-24 1.605E+01.04300.207 1587.77000.410.000000          0 0 0          0 0 0 11  8  3       10  7  4      405540 02227 5 2 0   138.0  126.0
 12  383.377014 9.259E-27 2.843E-01.05970.356 2527.68900.360.009680          0 0 0          0 0 0 13  7  6       13  4  9      005243342285641837    81.0   81.0
 11  383.509463 8.683E-23 3.822E-03.08120.387  661.54890.850.001120          0 0 0          0 0 0  6  6  0        6  3  3      555243332185641837    13.0   13.0
 12  383.756012 2.614E-26 1.127E+01.05250.326 2873.32910.230.008350          0 0 0          0 0 0 15  5 11       14  4 10      005243342285641837    31.0   29.0
 11  383.820533 1.312E-20 9.727E+00.06120.378 1340.88490.330.006070          0 0 0          0 0 0 10  5  5        9  4  6      555243332185641837    21.0   19.0
 12  383.978271 3.279E-26 2.470E-01.06710.383 2238.03200.630.009220          0 0 0          0 0 0 13  5  8       13  2 11      405243342285641837    81.0   81.0
 11  384.451792 1.640E-22 9.705E+00.05830.361 2533.79320.280.005470          0 0 0          0 0 0 14  5 10       13  4  9      555243332185641837    87.0   81.0
 11  384.495241 3.544E-25 6.212E-01.05140.299 3244.60080.280.018280          0 0 0          0 0 0 15  7  8       15  4 11      555243332185641837    93.0   93.0
 11  384.499126 1.401E-23 1.097E+01.07500.301 2998.76640.64-.001900          0 1 0          0 1 0 10  5  6        9  4  5      55424333212851 4 7    63.0   57.0
 11  384.708655 1.430E-27 1.206E-03.04270.220 3080.17900.470.010000          0 0 0          0 0 0 14  8  7       15  3 12      555243332185641837    87.0   93.0
 11  384.838149 2.770E-20 5.971E-01.07870.441  542.90580.670.007320          0 0 0          0 0 0  7  4  4        6  1  5      555243332185641837    15.0   13.0
 11  385.128630 1.692E-26 8.608E+00.04140.251 4221.03960.09-.012520          0 0 0          0 0 0 18  5 13       17  6 12      555243332185641837    37.0   35.0
 11  385.502803 1.271E-20 2.661E-02.08940.465  224.83840.720.006680          0 0 0          0 0 0  5  4  1        4  1  4      555243332185641837    33.0   27.0
 11  385.679915 4.707E-25 4.538E-01.05580.336 2880.83450.330.014140          0 0 0          0 0 0 14  7  7       14  4 10      555243332185641837    29.0   29.0
 11  385.979608 3.690E-26 4.850E-01.08300.429 3478.98660.630.005800          0 2 0          0 2 0  6  3  4        5  0  5      55424335232551 4 7    39.0   33.0
 14  386.457001 1.060E-24 1.226E+01.05600.236 1756.42400.370.000000          0 0 0          0 0 0 13  7  7       12  6  6      405540 02227 5 2 0   162.0  150.0
 11  386.523029 1.598E-27 2.884E+01.02490.384 5020.02640.08-.004100          1 0 0          1 0 0  8  8  1        7  7  0      55424335232551 4 7    51.0   45.0
 14  386.567993 1.060E-24 1.226E+01.04800.251 1756.32400.370.000000          0 0 0          0 0 0 13  7  6       12  6  7      405540 02227 5 2 0   162.0  150.0
 11  386.578131 1.467E-27 1.957E-04.07260.328 2337.46340.72-.001400          0 1 0          0 1 0  7  5  3        8  0  8      55424333212851 410    15.0   17.0
 14  386.766998 6.220E-26 2.412E-02.08000.401 1024.57300.410.000000          0 0 0          0 0 0 11  5  6       10  3  7      405540 02227 5 2 0   138.0  126.0
 11  387.055724 6.189E-27 4.502E-01.05550.237 3738.54350.430.015300          0 1 0          0 1 0 12  6  6       12  3  9      55424333212951 4 9    25.0   25.0
 11  387.208281 2.268E-26 7.688E+00.07520.328 4224.58640.680.010900          0 2 0          0 2 0  9  4  5        8  3  6      55424335232551 4 7    57.0   51.0
 12  387.811523 5.286E-25 3.652E-03.07540.372  645.38260.740.000140          0 0 0          0 0 0  6  6  1        6  3  4      505243342285641837    39.0   39.0
 11  388.374261 1.535E-27 8.088E-04.04700.236 2739.42870.480.009530          0 0 0          0 0 0 13  8  6       14  3 11      555243332185641837    27.0   29.0
 11  388.418135 4.556E-25 2.864E-02.07150.384 2181.08980.620.005400          0 1 0          0 1 0  7  4  4        7  1  7      55424333212851 4 8    15.0   15.0
 11  388.705546 1.190E-23 1.087E+01.05250.326 2880.83450.230.008350          0 0 0          0 0 0 15  5 11       14  4 10      555243332185641837    31.0   29.0
 11  388.768592 3.274E-25 5.196E-05.07330.333 1201.92160.740.004700          0 0 0          0 0 0  8  7  2        9  2  7      555243332185641837    51.0   57.0
 14  388.872986 9.170E-26 1.861E-02.05250.307  889.57800.410.000000          0 0 0          0 0 0 11  4  8       10  2  9      405540 02227 5 2 0   138.0  126.0
 11  389.204500 2.491E-25 1.766E+01.02230.121 3812.0471-.15-.000370          0 0 0          0 0 0 18  3 15       17  4 14      55524333218564 437    37.0   35.0
 12  389.815125 5.226E-23 2.955E+01.02720.129 1378.98650.080.001490          0 0 0          0 0 0  8  8  0        7  7  1      405243342285641837    17.0   15.0
 12  389.815125 1.568E-22 2.956E+01.02720.129 1378.98650.080.001490          0 0 0          0 0 0  8  8  1        7  7  0      405243342285641837    51.0   45.0
 11  389.902109 5.953E-27 6.233E-01.04910.214 4052.81100.390.019800          0 1 0          0 1 0 13  6  7       13  3 10      55424333212951 4 9    81.0   81.0
 12  390.108856 4.750E-25 5.515E-02.05920.339 1075.90950.550.009240          0 0 0          0 0 0  9  5  5        9  2  8      405243342285641837    19.0   19.0
 14  390.110992 2.410E-25 8.876E+00.05800.255 2019.88790.360.000000          0 0 0          0 0 0 15  6  9       14  5 10      404340 02227 5 2 0   186.0  174.0
 11  390.135018 7.724E-25 9.529E-03.09250.466 1739.48360.790.005500          0 1 0          0 1 0  4  4  0        3  1  3      55424333212851 4 8     9.0    7.0
 14  390.186005 1.480E-26 5.460E-02.06240.216 1532.75400.360.000000          0 0 0          0 0 0 14  4 10       13  2 11      404340 02227 5 2 0   174.0  162.0
 11  390.479274 5.071E-25 2.136E+01.01550.063 3940.5879-.500.000940          0 0 0          0 0 0 19  2 17       18  3 16      55524333218564 437   117.0  111.0
 11  390.498944 4.120E-25 2.656E+01.01000.029 4048.2498-.870.000140          0 0 0          0 0 0 21  0 21       20  1 20      55524333218564 437   129.0  123.0
 11  390.498955 1.373E-25 2.655E+01.01000.029 4048.2498-.870.000140          0 0 0          0 0 0 21  1 21       20  0 20      55524333218564 437    43.0   41.0
 11  390.544020 1.691E-25 2.137E+01.01550.063 3940.5454-.500.001020          0 0 0          0 0 0 19  3 17       18  2 16      55524333218564 437    39.0   37.0
 12  390.545013 1.630E-26 1.316E+01.04480.270 3235.24800.120.009730          0 0 0          0 0 0 16  5 12       15  4 11      005243342285641837    99.0   93.0
 11  390.556272 1.187E-27 2.145E+01.03790.328 5039.62740.15-.007600          1 0 0          1 0 0  9  7  2        8  6  3      55424335232851 4 8    57.0   51.0
 14  390.868988 7.340E-26 8.438E+00.06510.314 2266.26810.380.000000          0 0 0          0 0 0 16  6 11       15  5 10      404340 02227 5 2 0   198.0  186.0
 11  390.921596 7.563E-25 1.791E+01.02250.118 3810.9370-.150.001800          0 0 0          0 0 0 18  4 15       17  3 14      55524333218564 437   111.0  105.0
 11  391.097172 1.362E-25 2.429E+01.01120.031 4021.2188-.810.000460          0 0 0          0 0 0 20  1 19       19  2 18      55524333218564 437    41.0   39.0
 11  391.098625 4.087E-25 2.429E+01.01120.031 4021.2178-.810.000460          0 0 0          0 0 0 20  2 19       19  1 18      55524333218564 437   123.0  117.0
 12  391.407745 3.273E-25 1.347E-02.06910.347  812.76180.650.001840          0 0 0          0 0 0  7  6  2        7  3  5      505243342285641837    15.0   15.0
 11  391.489817 1.096E-25 7.112E-04.05200.257 2042.31070.610.008040          0 0 0          0 0 0 12  6  7       13  1 12      555243332185641837    75.0   81.0
 11  391.571265 7.447E-25 1.658E-02.07390.423 2161.28610.660.002700          0 1 0          0 1 0  6  5  2        6  2  5      55424333212851 4 8    39.0   39.0
 11  391.608826 9.300E-25 2.222E-04.06230.321 1327.11010.690.006540          0 0 0          0 0 0 10  5  6       11  0 11      555243332185641837    63.0   69.0
 13  391.693176 9.352E-26 3.553E-03.07540.372  647.07220.740.000140          0 0 0          0 0 0  6  6  1        6  3  4      405243342285641837   234.0  234.0
 13  391.888824 2.846E-23 3.010E+01.02720.129 1386.41890.080.001490          0 0 0          0 0 0  8  8  1        7  7  0      405243342285641837   306.0  270.0
 13  391.889069 9.486E-24 3.009E+01.02720.129 1386.41870.080.001490          0 0 0          0 0 0  8  8  0        7  7  1      405243342285641837   102.0   90.0
 11  392.063131 4.278E-27 1.355E-03.04400.224 2872.27440.530.009280          0 0 0          0 0 0 14  7  8       15  2 13      555243332185641837    87.0   93.0
 11  392.104892 4.563E-26 2.894E-01.06210.260 3441.03960.510.009300          0 1 0          0 1 0 11  6  5       11  3  8      55424333212951 4 8    69.0   69.0
 13  392.205231 8.847E-26 5.616E-02.05920.339 1078.02030.550.009240          0 0 0          0 0 0  9  5  5        9  2  8      405243342285641837   114.0  114.0
 12  392.236694 5.299E-26 2.614E-01.08560.429 1993.27690.740.008600          0 1 0          0 1 0  6  4  3        5  1  4      50424334222551 4 7    39.0   33.0
 11  392.270698 1.151E-27 1.725E+00.07930.328 4525.96390.650.007100          1 0 0          1 0 0  9  3  6        8  2  7      55424335232551 4 7    57.0   51.0
 11  392.368952 2.362E-26 7.622E-01.04930.308 3623.76540.270.020550          0 0 0          0 0 0 16  7  9       16  4 12      555243332185641837    33.0   33.0
 11  392.387504 6.559E-25 5.520E-02.07590.301 2512.28300.730.002600          0 1 0          0 1 0  9  3  6        9  0  9      55424333212851 4 8    57.0   57.0
 14  392.532013 5.450E-26 2.719E-03.07850.366  480.25900.640.000000          0 0 0          0 0 0  6  6  0        5  4  1      404340 02227 5 2 0    78.0   66.0
 14  392.548004 5.450E-26 2.719E-03.07620.364  480.24300.640.000000          0 0 0          0 0 0  6  6  1        5  4  2      404340 02227 5 2 0    78.0   66.0
 11  392.702440 6.804E-25 5.555E-01.05880.319 3080.17900.510.015390          0 0 0          0 0 0 15  6  9       15  3 12      555243332185641837    93.0   93.0
 14  393.066986 3.630E-26 3.225E-02.07900.349 1206.76290.390.000000          0 0 0          0 0 0 12  5  7       11  3  8      404340 02227 5 2 0   150.0  138.0
 14  393.181000 2.380E-24 2.161E+01.02670.146 1648.96800.450.000000          0 0 0          0 0 0 10  9  2        9  8  1      405540 02227 5 2 0   126.0  114.0
 14  393.181000 2.380E-24 2.161E+01.02750.146 1648.96800.450.000000          0 0 0          0 0 0 10  9  1        9  8  2      405540 02227 5 2 0   126.0  114.0
 14  393.373840 2.970E-24 6.012E-01.07680.295  885.06700.410.000000          0 0 0          0 0 0 11  4  8       10  1  9      505540 02227 5 2 0   138.0  126.0
 12  393.842682 6.402E-23 1.536E+01.05080.332 1468.61220.27-.003810          0 0 0          0 0 0 10  6  5        9  5  4      406243342271641837    63.0   57.0
 14  394.132996 1.270E-25 2.147E-03.09280.442  221.83600.690.000000          0 0 0          0 0 0  5  5  1        4  2  2      404340 02227 5 2 0    66.0   54.0
 11  394.148076 4.556E-24 3.018E-01.05970.356 2533.79320.360.009680          0 0 0          0 0 0 13  7  6       13  4  9      555243332185641837    81.0   81.0
 11  394.228624 7.229E-20 2.999E+01.02720.129 1394.81430.080.001490          0 0 0          0 0 0  8  8  1        7  7  0      555243332185641837    51.0   45.0
 11  394.228676 2.410E-20 2.999E+01.02720.129 1394.81420.080.001490          0 0 0          0 0 0  8  8  0        7  7  1      555243332185641837    17.0   15.0
 11  394.595371 2.594E-22 6.274E-02.05920.339 1080.38550.550.009240          0 0 0          0 0 0  9  5  5        9  2  8      555243332185641837    19.0   19.0
 13  394.713623 1.000E-26 2.720E-01.08560.429 1996.85380.740.008600          0 1 0          0 1 0  6  4  3        5  1  4      60424334 02551 4 7   234.0  198.0
 12  394.911377 3.855E-23 2.202E+01.03880.232 1399.46340.15-.001010          0 0 0          0 0 0  9  7  3        8  6  2      405243342285641837    19.0   17.0
 11  394.937390 7.262E-24 1.250E+01.04480.270 3244.60080.120.009730          0 0 0          0 0 0 16  5 12       15  4 11      555243332185641837    99.0   93.0
 12  394.952393 1.157E-22 2.203E+01.03870.230 1399.42810.15-.000850          0 0 0          0 0 0  9  7  2        8  6  3      405243342285641837    57.0   51.0
 13  395.202637 5.817E-26 1.317E-02.06910.347  814.61070.650.001840          0 0 0          0 0 0  7  6  2        7  3  5      505243342285641837    90.0   90.0
 14  395.399994 7.070E-26 8.216E-03.06290.260  769.11800.410.000000          0 0 0          0 0 0 11  3  9       10  1 10      404340 02227 5 2 0   138.0  126.0
 14  395.587006 2.800E-24 3.253E-01.06870.266  768.93100.410.000000          0 0 0          0 0 0 11  3  9       10  0 10      405540 02227 5 2 0   138.0  126.0
 13  395.645752 1.186E-23 1.569E+01.05080.332 1472.68510.27-.003810          0 0 0          0 0 0 10  6  5        9  5  4      406243342271641837   378.0  342.0
 12  395.646332 3.534E-26 5.591E-01.07140.423 2033.48860.530.007000          0 1 0          0 1 0  7  3  5        6  0  6      50424334222851 4 7    15.0   13.0
 11  396.079281 2.629E-22 3.829E-03.07540.372  648.97870.740.000140          0 0 0          0 0 0  6  6  1        6  3  4      555243332185641837    39.0   39.0
 12  396.235840 4.583E-23 5.587E-01.07700.443  583.98650.61-.000700          0 0 0          0 0 0  8  2  6        7  1  7      505243342285641837    17.0   15.0
 11  396.283489 2.096E-27 4.887E+00.07020.328 4387.35740.650.011064          0 2 0          1 0 0  9  5  5        8  0  8      55424335232851 4 8    19.0   17.0
 13  396.334015 8.618E-24 5.669E-01.07700.443  585.16190.61-.000700          0 0 0          0 0 0  8  2  6        7  1  7      505243342285641837   102.0   90.0
 11  396.432560 2.396E-20 5.917E-01.07700.443  586.47920.61-.000700          0 0 0          0 0 0  8  2  6        7  1  7      555243332185641837    17.0   15.0
 12  396.621338 8.463E-26 2.489E+01.03460.384 2885.72070.11-.005300          0 1 0          0 1 0  8  7  2        7  6  1      40424334222851 4 7    51.0   45.0
 12  396.625427 2.821E-26 2.489E+01.03320.384 2885.71730.11-.004400          0 1 0          0 1 0  8  7  1        7  6  2      40424334222951 4 8    17.0   15.0
 11  396.771159 1.380E-24 1.077E+01.07510.282 3253.73800.63-.005700          0 1 0          0 1 0 11  5  7       10  4  6      55424333212951 4 8    23.0   21.0
 13  396.804016 7.064E-24 2.243E+01.03880.232 1405.18090.15-.001010          0 0 0          0 0 0  9  7  3        8  6  2      405243342285641837   114.0  102.0
 13  396.842072 2.120E-23 2.244E+01.03870.230 1405.14810.15-.000850          0 0 0          0 0 0  9  7  2        8  6  3      405243342285641837   342.0  306.0
 12  396.900635 2.056E-26 1.775E+01.05180.328 2903.88650.23-.007700          0 1 0          0 1 0  9  6  4        8  5  3      40424334222851 4 8    19.0   17.0
 12  397.001831 2.169E-23 1.563E+01.04080.319 1466.01840.18-.000990          0 0 0          0 0 0 10  6  4        9  5  5      407243342271641837    21.0   19.0
 14  397.179993 1.110E-24 9.983E-01.07500.258 1221.54600.370.000000          0 0 0          0 0 0 13  3 10       12  2 11      405540 02227 5 2 0   162.0  150.0
 11  397.318923 5.811E-20 1.839E+00.08150.426  885.60030.650.003200          0 0 0          0 0 0  9  3  6        8  2  7      556243332171641837    57.0   51.0
 11  397.327924 3.703E-27 8.628E+00.07330.328 4386.31300.60-.002800          0 2 0          0 2 0  9  5  5        8  4  4      55424335232851 4 7    19.0   17.0
 14  397.437012 1.010E-25 1.842E-02.05950.325  841.37000.450.000000          0 0 0          0 0 0 10  5  6        9  3  7      405540 02227 5 2 0   126.0  114.0
 11  397.518503 2.539E-23 2.657E-01.08560.429 2000.86320.740.008600          0 1 0          0 1 0  6  4  3        5  1  4      55424333212551 4 7    39.0   33.0
 12  397.553375 6.192E-26 1.782E+01.05160.328 2903.32960.18-.003500          0 1 0          0 1 0  9  6  3        8  5  4      50424334222551 4 7    57.0   51.0
 13  397.616547 2.106E-23 1.773E+00.08150.426  883.65190.650.003200          0 0 0          0 0 0  9  3  6        8  2  7      506243342271641837   342.0  306.0
 11  397.675624 3.104E-20 1.579E+01.05080.332 1477.29750.27-.003810          0 0 0          0 0 0 10  6  5        9  5  4      556243332171641837    63.0   57.0
 14  397.687012 2.130E-26 8.287E+00.07040.099 2523.25610.410.000000          0 0 0          0 0 0 17  6 12       16  5 11      400040 022 0 3 2 0   210.0  198.0
 14  397.704010 1.260E-24 1.659E+01.03290.206 1757.38100.390.000000          0 0 0          0 0 0 12  8  5       11  7  4      405540 02227 5 2 0   150.0  138.0
 14  397.704987 1.260E-24 1.659E+01.04280.206 1757.38000.390.000000          0 0 0          0 0 0 12  8  4       11  7  5      405540 02227 5 2 0   150.0  138.0
 12  397.722198 9.841E-25 3.065E-02.06310.330 1001.70590.560.003220          0 0 0          0 0 0  8  6  3        8  3  6      505243342285641837    51.0   51.0
 12  397.883514 1.115E-22 1.737E+00.08150.426  881.91420.650.003200          0 0 0          0 0 0  9  3  6        8  2  7      506243342271641837    57.0   51.0
 11  398.173944 1.773E-23 5.902E-01.07140.423 2041.78060.530.007000          0 1 0          0 1 0  7  3  5        6  0  6      55424333212851 4 7    15.0   13.0
 13  398.613190 1.510E-26 2.513E+01.03460.384 2894.98970.11-.005300          0 1 0          0 1 0  8  7  2        7  6  1      60424334 02851 4 7   306.0  270.0
 13  398.633270 4.012E-24 1.593E+01.04080.319 1470.22550.18-.000990          0 0 0          0 0 0 10  6  4        9  5  5      407243342271641837   126.0  114.0
 14  398.687988 2.780E-26 2.498E-02.04500.269 1220.03800.370.000000          0 0 0          0 0 0 13  3 10       12  1 11      405540 02227 5 2 0   162.0  150.0
 11  398.788690 1.135E-26 4.642E-04.05390.265 2414.72340.530.010460          0 0 0          0 0 0 12  8  5       13  3 10      555243332185641837    75.0   81.0
 11  398.941390 1.825E-20 2.250E+01.03880.232 1411.64200.15-.001010          0 0 0          0 0 0  9  7  3        8  6  2      555243332185641837    19.0   17.0
 11  398.976486 5.476E-20 2.250E+01.03870.230 1411.61150.15-.000850          0 0 0          0 0 0  9  7  2        8  6  3      555243332185641837    57.0   51.0
 11  398.981118 4.365E-26 2.790E-04.07160.383 1806.67180.680.001870          0 0 0          0 0 0 12  4  8       13  1 13      555243332185641837    25.0   27.0
 13  399.350616 1.130E-26 1.824E+01.05160.328 2910.99630.18-.003500          0 1 0          0 1 0  9  6  3        8  5  4      60424334 02551 4 7   342.0  306.0
 11  399.495565 1.642E-22 1.425E-02.06910.347  816.69430.650.001840          0 0 0          0 0 0  7  6  2        7  3  5      555243332185641837    15.0   15.0
 11  399.658843 7.096E-26 1.499E+01.02770.183 4027.5061-.11-.004790          0 0 0          0 0 0 18  4 14       17  5 13      55524333218564 437    37.0   35.0
 14  399.743988 1.950E-26 4.327E-02.07460.309 1405.14100.370.000000          0 0 0          0 0 0 13  5  8       12  3  9      404340 02227 5 2 0   162.0  150.0
 11  400.105764 1.427E-25 2.123E-01.06970.260 3135.76490.700.007200          0 1 0          0 1 0 11  4  7       11  1 10      55424333212851 4 8    69.0   69.0
 11  400.221819 1.053E-20 4.567E+00.06390.418 1216.23130.680.005450          0 0 0          0 0 0 10  4  6        9  3  7      556243332171641837    21.0   19.0
 14  400.321014 4.150E-25 1.265E+01.04290.290 1958.43600.360.000000          0 0 0          0 0 0 14  7  8       13  6  7      404340 02227 5 2 0   174.0  162.0
 13  400.338623 3.858E-24 4.432E+00.06390.418 1213.56230.680.005450          0 0 0          0 0 0 10  4  6        9  3  7      406243342271641837   126.0  114.0
 12  400.467804 2.038E-23 4.317E+00.06390.418 1211.18580.680.005450          0 0 0          0 0 0 10  4  6        9  3  7      406243342271641837    21.0   19.0
 11  400.481040 1.051E-20 1.605E+01.04080.319 1474.98100.18-.000990          0 0 0          0 0 0 10  6  4        9  5  5      557243332171641837    21.0   19.0
 14  400.610992 4.150E-25 1.265E+01.04920.271 1958.17800.360.000000          0 0 0          0 0 0 14  7  7       13  6  8      404340 02227 5 2 0   174.0  162.0
 11  400.797692 9.608E-24 1.825E+01.05180.328 2920.13210.23-.007700          0 1 0          0 1 0  9  6  4        8  5  3      55424333212851 4 8    19.0   17.0
 11  400.861654 3.879E-23 2.556E+01.03460.384 2905.43360.11-.005300          0 1 0          0 1 0  8  7  2        7  6  1      55424333212851 4 7    51.0   45.0
 11  400.864883 1.293E-23 2.556E+01.03320.384 2905.43070.11-.004400          0 1 0          0 1 0  8  7  1        7  6  2      55424333212951 4 8    17.0   15.0
 13  401.366791 1.760E-25 3.016E-02.06310.330 1003.78130.560.003220          0 0 0          0 0 0  8  6  3        8  3  6      405243342285641837   306.0  306.0
 12  401.376953 1.058E-26 1.160E+01.05540.301 2969.72190.330.002000          0 1 0          0 1 0 10  5  5        9  4  6      40424334222851 4 8    21.0   19.0
 11  401.380294 2.892E-23 1.831E+01.05160.328 2919.63310.18-.003500          0 1 0          0 1 0  9  6  3        8  5  4      55424333212551 4 7    57.0   51.0
 14  402.054993 5.670E-27 8.072E+00.06800.099 2797.80000.410.000000          0 0 0          0 0 0 18  6 13       17  5 12      400040 022 0 3 2 0   222.0  210.0
 11  402.744660 2.993E-26 1.682E-01.06710.282 3162.25900.550.004200          0 1 0          0 1 0 10  6  4       10  3  7      55424333212951 4 8    21.0   21.0
 11  402.926670 1.795E-26 1.396E+01.06010.328 4381.73540.32-.000500          0 2 0          0 2 0  9  5  4        8  4  5      55424335232551 4 7    57.0   51.0
 11  403.732373 1.329E-27 8.894E-02.08050.429 3722.73100.70-.000248          0 0 1          0 2 0  4  3  1        5  3  2      55424335232551 4 7    27.0   33.0
 11  403.740763 4.559E-25 1.455E+01.03710.230 3623.76540.010.009710          0 0 0          0 0 0 17  5 13       16  4 12      555243332185641837    35.0   33.0
 11  404.077607 5.059E-24 1.198E+01.05540.301 2983.32320.330.002000          0 1 0          0 1 0 10  5  5        9  4  6      55424333212851 4 8    21.0   19.0
 11  404.164736 2.251E-27 2.533E+00.08370.423 4408.02880.590.002056          0 2 0          0 0 1  7  7  0        6  3  3      55424335233051 510    45.0   39.0
 11  404.649029 1.082E-24 1.055E+01.06780.260 3535.87060.53-.006500          0 1 0          0 1 0 12  5  8       11  4  7      55424333212951 4 8    75.0   69.0
 11  405.035356 8.815E-27 2.973E+01.02560.423 4407.15820.15-.002800          0 2 0          0 2 0  7  7  1        6  6  0      55424335232951 4 9    15.0   13.0
 11  405.146705 2.437E-26 2.740E+01.03040.423 4407.04690.150.001300          0 2 0          0 2 0  7  7  0        6  6  1      55424335232551 4 7    45.0   39.0
 14  405.173004 3.600E-25 8.039E-03.09100.439  303.99500.640.000000          0 0 0          0 0 0  6  5  2        5  2  3      404340 02227 5 2 0    78.0   66.0
 11  405.495533 5.001E-22 3.288E-02.06310.330 1006.11600.560.003220          0 0 0          0 0 0  8  6  3        8  3  6      555243332185641837    51.0   51.0
 11  405.501572 2.731E-25 3.599E-02.06600.384 2318.53980.610.005900          0 1 0          0 1 0  7  5  3        7  2  6      55424333212851 4 8    15.0   15.0
 14  406.122986 7.850E-26 9.054E+00.05000.212 2253.76390.380.000000          0 0 0          0 0 0 16  6 10       15  5 11      404340 02227 5 2 0   198.0  186.0
 11  406.167886 2.517E-26 2.080E+01.05090.384 4368.63720.23-.006800          0 2 0          0 2 0  8  6  3        7  5  2      55424335232851 4 7    51.0   45.0
 11  406.365240 1.289E-25 2.066E+01.02010.101 4201.8589-.230.000100          0 0 0          0 0 0 19  3 16       18  4 15      55524333218564 437   117.0  111.0
 11  406.542240 7.837E-27 1.945E+01.04930.384 4368.54590.21-.007800          0 2 0          0 2 0  8  6  2        7  5  3      55424335232851 4 7    17.0   15.0
 14  407.161011 8.070E-26 5.850E-03.07980.365  573.97100.590.000000          0 0 0          0 0 0  7  6  1        6  4  2      404340 02227 5 2 0    90.0   78.0
 14  407.240997 8.080E-26 5.857E-03.07720.362  573.89100.590.000000          0 0 0          0 0 0  7  6  2        6  4  3      404340 02227 5 2 0    90.0   78.0
 11  407.305198 4.325E-26 2.082E+01.02030.098 4201.2515-.210.001410          0 0 0          0 0 0 19  4 16       18  3 15      55524333218564 437    39.0   37.0
 11  407.350088 2.987E-27 2.992E-04.06300.301 2512.28300.710.005000          0 1 0          0 1 0  8  5  4        9  0  9      55424333212851 4 8    51.0   57.0
 11  407.451836 4.070E-24 1.874E-01.06380.408 2205.65280.430.003140          0 0 0          0 0 0 12  7  5       12  4  8      555243332185641837    25.0   25.0
 11  407.532238 2.842E-26 2.448E+01.01320.053 4331.0894-.640.001180          0 0 0          0 0 0 20  2 18       19  3 17      55524333218564 437    41.0   39.0
 14  407.537994 8.540E-26 5.065E+00.05080.188 2115.71800.380.000000          0 0 0          0 0 0 16  5 11       15  4 12      404340 02227 5 2 0   198.0  186.0
 11  407.566682 8.527E-26 2.449E+01.01320.052 4331.0669-.640.001210          0 0 0          0 0 0 20  3 18       19  2 17      55524333218564 437   123.0  117.0
 14  407.631012 1.180E-24 2.190E+01.03820.201 1802.38400.410.000000          0 0 0          0 0 0 11  9  2       10  8  3      404340 02227 5 2 0   138.0  126.0
 14  407.631012 1.180E-24 2.190E+01.03680.202 1802.38400.410.000000          0 0 0          0 0 0 11  9  3       10  8  2      404340 02227 5 2 0   138.0  126.0
 12  407.710571 2.254E-25 5.439E-02.05760.329 1211.18580.480.005100          0 0 0          0 0 0  9  6  4        9  3  7      005243342285641837    19.0   19.0
 11  407.979306 1.339E-27 1.011E+00.07720.384 4348.41500.570.009600          1 0 0          1 0 0  8  4  5        7  1  6      55424335232551 4 7    51.0   45.0
 14  408.170990 9.520E-27 5.753E-02.07010.277 1618.72600.360.000000          0 0 0          0 0 0 14  5  9       13  3 10      404340 02227 5 2 0   174.0  162.0
 11  408.206298 2.044E-27 9.568E-04.06280.295 2952.39400.540.003510          0 0 0          0 0 0 15  5 10       16  2 15      555243332185641837    93.0   99.0
 11  408.325136 6.764E-26 2.758E+01.00950.026 4412.3164-.900.000840          0 0 0          0 0 0 21  1 20       20  2 19      55524333218564 437   129.0  123.0
 11  408.325913 2.255E-26 2.758E+01.00950.026 4412.3159-.900.000840          0 0 0          0 0 0 21  2 20       20  1 19      55524333218564 437    43.0   41.0
 11  408.558914 1.022E-26 4.926E-01.06020.214 3877.08890.630.014600          0 1 0          0 1 0 13  5  8       13  2 11      55424333212951 4 8    81.0   81.0
 11  409.037655 8.559E-26 1.053E+01.05670.237 3843.41060.37-.004400          0 1 0          0 1 0 13  5  9       12  4  8      55424333212951 4 9    27.0   25.0
 11  409.504585 2.873E-23 2.390E+00.07930.328 2495.16600.650.007100          0 1 0          0 1 0  9  3  6        8  2  7      55424333212551 4 7    57.0   51.0
 12  409.636353 1.316E-25 2.470E-04.08910.411  324.04680.750.004760          0 0 0          0 0 0  5  5  0        5  0  5      005243342285641837    33.0   33.0
 13  409.672211 1.110E-26 2.414E+00.07930.328 2489.72630.650.007100          0 1 0          0 1 0  9  3  6        8  2  7      60424334 02551 4 7   342.0  306.0
 12  409.828369 5.690E-26 2.255E+00.07930.328 2484.87720.650.007100          0 1 0          0 1 0  9  3  6        8  2  7      50424334222551 4 7    57.0   51.0
 11  410.205331 1.130E-26 8.387E-01.04890.317 4017.90870.300.019680          0 0 0          0 0 0 17  7 10       17  4 13      555243332185641837   105.0  105.0
 12  411.110504 5.548E-26 1.034E-01.06930.395 1894.19590.60-.001110          0 0 0          0 0 0 11  7  4       11  4  7      405243342285641837    69.0   69.0
 13  411.131226 4.066E-26 5.398E-02.05760.329 1213.56230.480.005100          0 0 0          0 0 0  9  6  4        9  3  7      005243342285641837   114.0  114.0
 11  411.310312 5.638E-26 1.084E+01.05320.214 4174.03910.280.006300          0 1 0          0 1 0 14  5 10       13  4  9      55424333212951 4 9    87.0   81.0
 11  411.420701 1.328E-27 1.360E-01.07280.384 3879.33640.52-.005732          0 0 1          0 2 0  6  1  5        7  1  6      55424335232551 4 7    39.0   45.0
 11  411.814652 1.329E-27 5.792E-01.06690.384 4232.18460.460.007500          1 0 0          1 0 0  8  3  6        7  0  7      55424335232551 4 7    51.0   45.0
 11  411.902479 3.980E-26 8.160E-06.08100.355  982.91180.800.002470          0 0 0          0 0 0  7  7  1        8  2  6      555243332185641837    15.0   17.0
 14  411.907990 5.360E-25 1.704E+01.04330.237 1942.42200.370.000000          0 0 0          0 0 0 13  8  6       12  7  5      404340 02227 5 2 0   162.0  150.0
 14  411.911011 5.360E-25 1.704E+01.04290.248 1942.41800.370.000000          0 0 0          0 0 0 13  8  5       12  7  6      404340 02227 5 2 0   162.0  150.0
 12  411.925140 9.809E-27 5.683E+00.07380.301 2829.56100.680.010300          0 1 0          0 1 0 10  4  6        9  3  7      50424334222851 4 8    21.0   19.0
 11  412.135761 1.707E-27 1.793E-02.09000.466 3334.62700.810.005700          0 2 0          0 2 0  4  4  1        3  1  2      55424335232551 4 7    27.0   21.0
 11  412.307201 4.867E-24 5.983E+00.07380.301 2841.43090.680.010300          0 1 0          0 1 0 10  4  6        9  3  7      55424333212851 4 8    21.0   19.0
 13  412.963165 2.414E-26 2.471E-04.08910.411  324.66100.750.004760          0 0 0          0 0 0  5  5  0        5  0  5      405243342285641837   198.0  198.0
 11  413.014337 3.857E-27 1.155E+01.04830.191 4525.23930.230.008600          0 1 0          0 1 0 15  5 11       14  4 10      55424333212951 4 9    31.0   29.0
 11  413.043868 1.231E-27 2.966E-04.06180.301 2688.08010.710.006000          0 1 0          0 1 0  8  6  3        9  1  8      55424333212851 4 8    51.0   57.0
 11  413.656447 1.022E-27 2.741E-02.07820.423 3601.85860.640.004800          0 2 0          0 2 0  6  4  3        6  1  6      55424335232851 4 8    39.0   39.0
 12  413.697906 6.600E-24 1.570E+01.05620.359 1716.20000.30-.005220          0 0 0          0 0 0 11  6  6       10  5  5      405243342285641837    23.0   21.0
 14  413.781006 1.500E-25 1.304E+01.04730.291 2176.25000.360.000000          0 0 0          0 0 0 15  7  9       14  6  8      404340 02227 5 2 0   186.0  174.0
 11  414.022814 8.970E-27 1.240E+01.03470.237 4638.6455-.01-.010810          0 0 0          0 0 0 19  5 14       18  6 13      55524333218564 437   117.0  111.0
 14  414.459991 6.310E-25 2.058E-02.08970.431  403.54900.590.000000          0 0 0          0 0 0  7  5  3        6  2  4      404340 02227 5 2 0    90.0   78.0
 14  414.479004 1.510E-25 1.313E+01.05610.269 2175.63600.360.000000          0 0 0          0 0 0 15  7  8       14  6  9      404340 02227 5 2 0   186.0  174.0
 12  414.490356 2.386E-26 7.066E-01.07780.384 2172.14330.610.002100          0 1 0          0 1 0  8  2  6        7  1  7      50424334222551 4 7    17.0   15.0
 12  414.673584 2.127E-23 3.091E+01.02550.170 1574.67830.07-.000130          0 0 0          0 0 0  9  8  2        8  7  1      304243342271641837    19.0   17.0
 12  414.673767 6.381E-23 3.091E+01.02550.170 1574.67830.07-.000130          0 0 0          0 0 0  9  8  1        8  7  2      304243342271641837    57.0   51.0
 11  414.723011 1.213E-23 7.510E-01.07780.384 2181.08980.610.002100          0 1 0          0 1 0  8  2  6        7  1  7      55424333212551 4 7    17.0   15.0
 14  414.789001 6.320E-26 2.396E-02.07420.314  995.79800.410.000000          0 0 0          0 0 0 11  5  7       10  3  8      404340 02227 5 2 0   138.0  126.0
 12  414.941895 1.291E-22 1.005E+00.07140.403  701.69430.570.008930          0 0 0          0 0 0  8  4  5        7  1  6      505243342285641837    51.0   45.0
 11  414.951835 2.370E-25 1.697E+01.03070.212 4017.9087-.080.007470          0 0 0          0 0 0 18  5 14       17  4 13      55524333218564 437   111.0  105.0
 11  415.014253 1.167E-22 5.946E-02.05760.329 1216.23130.480.005100          0 0 0          0 0 0  9  6  4        9  3  7      555243332185641837    19.0   19.0
 14  415.102997 1.470E-24 3.485E-01.07100.243  916.12700.390.000000          0 0 0          0 0 0 12  2 10       11  1 11      405540 02227 5 2 0   150.0  138.0
 14  415.197998 3.660E-26 8.675E-03.05180.224  916.03200.390.000000          0 0 0          0 0 0 12  2 10       11  0 11      404340 02227 5 2 0   150.0  138.0
 11  415.279491 6.034E-27 1.367E+01.07500.301 4611.79490.64-.001900          0 2 0          0 2 0 10  5  6        9  4  5      55424335232851 4 7    63.0   57.0
 11  415.653701 2.226E-27 1.270E+01.03930.171 4894.58590.120.010100          0 1 0          0 1 0 16  5 12       15  4 11      55424333212951 4 9    99.0   93.0
 13  415.674316 1.224E-24 1.605E+01.05620.359 1720.18420.30-.005220          0 0 0          0 0 0 11  6  6       10  5  5      405243342285641837   138.0  126.0
 11  416.342878 1.429E-25 8.948E-02.07300.301 2904.67040.640.000200          0 1 0          0 1 0  9  6  3        9  3  6      55424333212851 4 8    57.0   57.0
 11  416.393342 6.718E-27 2.147E-04.06170.321 2105.86790.600.009250          0 0 0          0 0 0 11  8  4       12  3  9      555243332185641837    23.0   25.0
 12  416.407318 2.325E-23 9.358E+00.05600.407 1574.44960.410.008120          0 0 0          0 0 0 11  5  6       10  4  7      507243342271641837    69.0   63.0
 12  416.419556 1.373E-26 3.484E+01.01870.384 3086.18820.08-.001600          0 1 0          0 1 0  8  8  0        7  7  1      40424334222951 4 9    17.0   15.0
 12  416.419556 4.120E-26 3.485E+01.02490.384 3086.18820.08-.004100          0 1 0          0 1 0  8  8  1        7  7  0      40424334222551 4 7    51.0   45.0
 14  416.477997 8.980E-25 2.890E+01.02220.150 1889.45200.450.000000          0 0 0          0 0 0 10 10  0        9  9  1      404340 02227 5 2 0   126.0  114.0
 14  416.477997 8.980E-25 2.890E+01.02080.147 1889.45200.450.000000          0 0 0          0 0 0 10 10  1        9  9  0      404340 02227 5 2 0   126.0  114.0
 14  416.562988 2.090E-25 2.344E+00.05110.183 1752.57400.360.000000          0 0 0          0 0 0 15  4 11       14  3 12      404340 02227 5 2 0   186.0  174.0
 13  416.602051 2.381E-23 1.006E+00.07140.403  702.88600.570.008930          0 0 0          0 0 0  8  4  5        7  1  6      505243342285641837   306.0  270.0
 13  416.643158 9.897E-27 1.023E-01.06930.395 1896.45520.60-.001110          0 0 0          0 0 0 11  7  4       11  4  7      405243342285641837   414.0  414.0
 14  416.721008 4.820E-26 2.195E-02.04440.290 1049.12900.390.000000          0 0 0          0 0 0 12  4  9       11  2 10      405540 02227 5 2 0   150.0  138.0
 11  416.728405 7.002E-23 2.723E-04.08910.411  325.34790.750.004760          0 0 0          0 0 0  5  5  0        5  0  5      555243332185641837    33.0   33.0
 13  416.759521 3.858E-24 3.145E+01.02550.170 1582.19670.07-.000130          0 0 0          0 0 0  9  8  2        8  7  1      404243342271641837   114.0  102.0
 13  416.760101 1.157E-23 3.144E+01.02550.170 1582.19620.07-.000130          0 0 0          0 0 0  9  8  1        8  7  2      404243342271641837   342.0  306.0
 13  416.975525 4.365E-24 9.594E+00.05600.407 1577.68840.410.008120          0 0 0          0 0 0 11  5  6       10  4  7      407243342271641837   414.0  378.0
 11  417.659337 1.166E-20 9.754E+00.05600.407 1581.33610.410.008120          0 0 0          0 0 0 11  5  6       10  4  7      557243332171641837    69.0   63.0
 11  417.892301 3.197E-21 1.612E+01.05620.359 1724.70540.30-.005220          0 0 0          0 0 0 11  6  6       10  5  5      555243332185641837    23.0   21.0
 12  417.928070 1.286E-22 5.710E-01.06600.381  583.77780.460.004440          0 0 0          0 0 0  8  3  6        7  0  7      506243342271641837    51.0   45.0
 11  418.180674 1.266E-27 3.619E-01.04450.429 4050.51270.34-.008480          0 0 1          0 2 0  5  5  1        5  5  0      55424335232551 4 7    33.0   33.0
 12  418.185760 3.624E-25 2.177E-02.06390.354  916.29360.600.005860          0 0 0          0 0 0  9  4  6        9  1  9      505243342285641837    19.0   19.0
 12  418.373566 2.083E-26 6.019E-01.08160.423 2138.08860.670.005600          0 1 0          0 1 0  7  4  4        6  1  5      50424334222551 4 7    15.0   13.0
 11  418.494513 6.468E-20 1.034E+00.07140.403  704.21410.570.008930          0 0 0          0 0 0  8  4  5        7  1  6      555243332185641837    51.0   45.0
 13  418.840454 2.408E-23 5.789E-01.06600.381  584.94090.460.004440          0 0 0          0 0 0  8  3  6        7  0  7      506243342271641837   306.0  270.0
 12  418.878113 4.190E-23 2.317E+01.03690.262 1619.05590.14-.001590          0 0 0          0 0 0 10  7  4        9  6  3      406243342271641837    63.0   57.0
 11  418.960372 3.545E-26 1.839E+01.02470.160 4432.8604-.15-.002580          0 0 0          0 0 0 19  4 15       18  5 14      55524333218564 437   117.0  111.0
 12  419.065918 1.398E-23 2.319E+01.03400.257 1618.89620.14-.001370          0 0 0          0 0 0 10  7  3        9  6  4      406243342271641837    21.0   19.0
 11  419.114310 9.781E-21 3.128E+01.02550.170 1590.69080.07-.000130          0 0 0          0 0 0  9  8  2        8  7  1      554243332171641837    19.0   17.0
 11  419.115042 2.934E-20 3.128E+01.02550.170 1590.69020.07-.000130          0 0 0          0 0 0  9  8  1        8  7  2      554243332171641837    57.0   51.0
 12  419.219940 2.655E-24 1.484E-02.08470.403  314.45950.840.002130          0 0 0          0 0 0  5  5  1        4  2  2      505243342285641837    11.0    9.0
 13  419.348999 6.868E-26 2.243E-02.06390.354  918.14050.600.005860          0 0 0          0 0 0  9  4  6        9  1  9      405243342285641837   114.0  114.0
 14  419.372009 1.690E-24 7.681E-01.07440.265 1046.47900.390.000000          0 0 0          0 0 0 12  4  9       11  1 10      405540 02227 5 2 0   150.0  138.0
 12  419.617920 2.220E-26 1.857E+01.05480.301 3124.71660.27-.009200          0 1 0          0 1 0 10  6  5        9  5  4      40424334222851 4 8    63.0   57.0
 14  419.822998 4.120E-27 7.388E-02.06460.252 1846.44490.360.000000          0 0 0          0 0 0 15  5 10       14  3 11      404340 02227 5 2 0   186.0  174.0
 11  419.872417 6.696E-20 6.065E-01.06600.381  586.24360.460.004440          0 0 0          0 0 0  8  3  6        7  0  7      556243332171641837    51.0   45.0
 11  420.215756 9.397E-27 7.645E-04.05020.249 2327.88400.590.008710          0 0 0          0 0 0 13  6  8       14  1 13      555243332185641837    27.0   29.0
 11  420.674889 2.106E-22 2.604E-02.06390.354  920.21010.600.005860          0 0 0          0 0 0  9  4  6        9  1  9      555243332185641837    19.0   19.0
 13  420.796509 7.681E-24 2.362E+01.03690.262 1624.84230.14-.001590          0 0 0          0 0 0 10  7  4        9  6  3      406243342271641837   378.0  342.0
 13  420.971008 2.563E-24 2.364E+01.03400.257 1624.69350.14-.001370          0 0 0          0 0 0 10  7  3        9  6  4      406243342271641837   126.0  114.0
 11  421.045953 1.836E-23 3.551E+01.02490.384 3109.91160.08-.004100          0 1 0          0 1 0  8  8  1        7  7  0      55424333212551 4 7    51.0   45.0
 11  421.045982 6.120E-24 3.551E+01.01870.384 3109.91160.08-.001600          0 1 0          0 1 0  8  8  0        7  7  1      55424333212951 4 9    17.0   15.0
 12  421.200653 1.156E-26 2.612E+01.04010.328 3081.22220.15-.007700          0 1 0          0 1 0  9  7  3        8  6  2      40424334222851 4 8    19.0   17.0
 12  421.224976 3.469E-26 2.613E+01.03790.328 3081.20090.15-.007600          0 1 0          0 1 0  9  7  2        8  6  3      40424334222851 4 8    57.0   51.0
 12  421.272919 5.882E-25 6.580E-02.05620.328 1288.26730.540.009750          0 0 0          0 0 0 10  5  6       10  2  9      405243342285641837    63.0   63.0
 14  421.401001 8.260E-26 9.540E-03.07930.377  683.61100.530.000000          0 0 0          0 0 0  8  6  2        7  4  3      404340 02227 5 2 0   102.0   90.0
 14  421.686005 8.280E-26 9.561E-03.07810.354  683.32500.530.000000          0 0 0          0 0 0  8  6  3        7  4  4      404340 02227 5 2 0   102.0   90.0
 14  421.924011 5.430E-25 2.232E+01.03620.220 1971.09500.390.000000          0 0 0          0 0 0 12  9  4       11  8  3      404340 02227 5 2 0   150.0  138.0
 14  421.924011 5.430E-25 2.232E+01.03630.210 1971.09500.390.000000          0 0 0          0 0 0 12  9  3       11  8  4      404340 02227 5 2 0   150.0  138.0
 12  422.025940 2.054E-23 1.631E+01.04030.319 1709.54030.120.000280          0 0 0          0 0 0 11  6  5       10  5  6      407243342271641837    69.0   63.0
 11  422.070823 1.706E-26 3.180E+00.07930.328 4071.73320.650.007100          0 2 0          0 2 0  9  3  6        8  2  7      55424335232551 4 7    57.0   51.0
 12  422.166809 3.474E-25 8.166E-02.05290.309 1440.28810.440.007160          0 0 0          0 0 0 10  6  5       10  3  8      005243342285641837    63.0   63.0
 14  422.412994 8.620E-25 4.516E-02.08810.414  520.12400.530.000000          0 0 0          0 0 0  8  5  4        7  2  5      404340 02227 5 2 0   102.0   90.0
 13  422.542114 4.830E-25 1.472E-02.08470.403  315.07850.840.002130          0 0 0          0 0 0  5  5  1        4  2  2      005243342285641837    66.0   54.0
 11  422.897517 2.764E-23 1.106E-01.06930.395 1899.00830.60-.001110          0 0 0          0 0 0 11  7  4       11  4  7      555243332185641837    69.0   69.0
 11  422.962194 1.980E-20 2.364E+01.03690.262 1631.38310.14-.001590          0 0 0          0 0 0 10  7  4        9  6  3      556243332171641837    63.0   57.0
 13  423.051025 1.100E-25 6.729E-02.05620.328 1290.79850.540.009750          0 0 0          0 0 0 10  5  6       10  2  9      405243342285641837   378.0  378.0
 11  423.123182 6.605E-21 2.365E+01.03400.257 1631.24560.14-.001370          0 0 0          0 0 0 10  7  3        9  6  4      556243332171641837    21.0   19.0
 14  423.204987 5.120E-27 5.710E-02.05400.185 1745.93200.360.000000          0 0 0          0 0 0 15  4 11       14  2 12      404340 02227 5 2 0   186.0  174.0
 11  423.237585 6.745E-27 2.386E+01.01800.085 4608.5571-.290.000500          0 0 0          0 0 0 20  3 17       19  4 16      55524333218564 437    41.0   39.0
 11  423.244313 1.004E-23 6.156E-01.08160.423 2146.26390.670.005600          0 1 0          0 1 0  7  4  4        6  1  5      55424333212551 4 7    15.0   13.0
 13  423.570374 3.805E-24 1.665E+01.04030.319 1713.84950.120.000280          0 0 0          0 0 0 11  6  5       10  5  6      407243342271641837   414.0  378.0
 11  423.617236 9.875E-23 2.875E-02.07240.390 1114.53230.68-.000420          0 0 0          0 0 0 10  3  7       10  0 10      555243332185641837    21.0   21.0
 14  423.631012 2.340E-26 9.159E+00.05500.099 2502.56590.410.000000          0 0 0          0 0 0 17  6 11       16  5 12      400040 022 0 3 2 0   210.0  198.0
 11  423.659017 1.034E-23 1.903E+01.05480.301 3141.04610.27-.009200          0 1 0          0 1 0 10  6  5        9  5  4      55424333212851 4 8    63.0   57.0
 11  423.754541 2.031E-26 2.396E+01.01790.085 4608.2241-.320.001090          0 0 0          0 0 0 20  4 17       19  3 16      55524333218564 437   123.0  117.0
 13  424.131683 3.152E-26 2.437E-02.07240.390 1112.02500.68-.000420          0 0 0          0 0 0 10  3  7       10  0 10      405243342285641837   126.0  126.0
 11  424.446744 1.308E-26 2.781E+01.01120.043 4738.6338-.780.001530          0 0 0          0 0 0 21  2 19       20  3 18      55524333218564 437   129.0  123.0
 11  424.465341 4.360E-27 2.781E+01.01120.043 4738.6216-.780.001550          0 0 0          0 0 0 21  3 19       20  2 18      55524333218564 437    43.0   41.0
 11  424.467169 6.142E-25 6.068E-02.05940.328 2495.16600.560.003900          0 1 0          0 1 0  8  5  4        8  2  7      55424333212851 4 8    51.0   51.0
 12  424.581299 1.642E-25 2.345E-02.07240.390 1109.78710.68-.000420          0 0 0          0 0 0 10  3  7       10  0 10      505243342285641837    21.0   21.0
 12  425.069885 1.039E-26 2.902E-02.08830.439 1814.08720.720.005200          0 1 0          0 1 0  5  4  1        4  1  4      50424334222851 4 8    33.0   27.0
