P-T table bewteen 0.01 and 1e3 Pa, centred on an idealised average Martian temperature profile.
*PTVAL
1.0000000E-02 0.4000000E+02 0.6500000E+02 0.9000000E+02 1.1500000E+02 1.4000000E+02 1.6500000E+02 1.9000000E+02 2.1500000E+02 2.4000000E+02
1.2589254E-02 0.4000000E+02 0.6500000E+02 0.9000000E+02 1.1500000E+02 1.4000000E+02 1.6500000E+02 1.9000000E+02 2.1500000E+02 2.4000000E+02
1.5848932E-02 0.4000000E+02 0.6500000E+02 0.9000000E+02 1.1500000E+02 1.4000000E+02 1.6500000E+02 1.9000000E+02 2.1500000E+02 2.4000000E+02
1.9952623E-02 0.4000000E+02 0.6500000E+02 0.9000000E+02 1.1500000E+02 1.4000000E+02 1.6500000E+02 1.9000000E+02 2.1500000E+02 2.4000000E+02
2.5118864E-02 0.4000000E+02 0.6500000E+02 0.9000000E+02 1.1500000E+02 1.4000000E+02 1.6500000E+02 1.9000000E+02 2.1500000E+02 2.4000000E+02
3.1622777E-02 0.4000000E+02 0.6500000E+02 0.9000000E+02 1.1500000E+02 1.4000000E+02 1.6500000E+02 1.9000000E+02 2.1500000E+02 2.4000000E+02
3.9810717E-02 0.4000000E+02 0.6500000E+02 0.9000000E+02 1.1500000E+02 1.4000000E+02 1.6500000E+02 1.9000000E+02 2.1500000E+02 2.4000000E+02
5.0118723E-02 0.4000000E+02 0.6500000E+02 0.9000000E+02 1.1500000E+02 1.4000000E+02 1.6500000E+02 1.9000000E+02 2.1500000E+02 2.4000000E+02
6.3095734E-02 0.4000000E+02 0.6500000E+02 0.9000000E+02 1.1500000E+02 1.4000000E+02 1.6500000E+02 1.9000000E+02 2.1500000E+02 2.4000000E+02
7.9432823E-02 0.4000000E+02 0.6500000E+02 0.9000000E+02 1.1500000E+02 1.4000000E+02 1.6500000E+02 1.9000000E+02 2.1500000E+02 2.4000000E+02
1.0000000E-01 0.4000000E+02 0.6500000E+02 0.9000000E+02 1.1500000E+02 1.4000000E+02 1.6500000E+02 1.9000000E+02 2.1500000E+02 2.4000000E+02
1.2589254E-01 0.4100000E+02 0.6600000E+02 0.9100000E+02 1.1600000E+02 1.4100000E+02 1.6600000E+02 1.9100000E+02 2.1600000E+02 2.4100000E+02
1.5848932E-01 0.4200000E+02 0.6700000E+02 0.9200000E+02 1.1700000E+02 1.4200000E+02 1.6700000E+02 1.9200000E+02 2.1700000E+02 2.4200000E+02
1.9952623E-01 0.4300000E+02 0.6800000E+02 0.9300000E+02 1.1800000E+02 1.4300000E+02 1.6800000E+02 1.9300000E+02 2.1800000E+02 2.4300000E+02
2.5118864E-01 0.4400000E+02 0.6900000E+02 0.9400000E+02 1.1900000E+02 1.4400000E+02 1.6900000E+02 1.9400000E+02 2.1900000E+02 2.4400000E+02
3.1622777E-01 0.4500000E+02 0.7000000E+02 0.9500000E+02 1.2000000E+02 1.4500000E+02 1.7000000E+02 1.9500000E+02 2.2000000E+02 2.4500000E+02
3.9810717E-01 0.4600000E+02 0.7100000E+02 0.9600000E+02 1.2100000E+02 1.4600000E+02 1.7100000E+02 1.9600000E+02 2.2100000E+02 2.4600000E+02
5.0118723E-01 0.4700000E+02 0.7200000E+02 0.9700000E+02 1.2200000E+02 1.4700000E+02 1.7200000E+02 1.9700000E+02 2.2200000E+02 2.4700000E+02
6.3095734E-01 0.4800000E+02 0.7300000E+02 0.9800000E+02 1.2300000E+02 1.4800000E+02 1.7300000E+02 1.9800000E+02 2.2300000E+02 2.4800000E+02
7.9432823E-01 0.4900000E+02 0.7400000E+02 0.9900000E+02 1.2400000E+02 1.4900000E+02 1.7400000E+02 1.9900000E+02 2.2400000E+02 2.4900000E+02
1.0000000E+00 0.5000000E+02 0.7500000E+02 1.0000000E+02 1.2500000E+02 1.5000000E+02 1.7500000E+02 2.0000000E+02 2.2500000E+02 2.5000000E+02
1.2589254E+00 0.5200000E+02 0.7700000E+02 1.0200000E+02 1.2700000E+02 1.5200000E+02 1.7700000E+02 2.0200000E+02 2.2700000E+02 2.5200000E+02
1.5848932E+00 0.5400000E+02 0.7900000E+02 1.0400000E+02 1.2900000E+02 1.5400000E+02 1.7900000E+02 2.0400000E+02 2.2900000E+02 2.5400000E+02
1.9952623E+00 0.5600000E+02 0.8100000E+02 1.0600000E+02 1.3100000E+02 1.5600000E+02 1.8100000E+02 2.0600000E+02 2.3100000E+02 2.5600000E+02
2.5118864E+00 0.5800000E+02 0.8300000E+02 1.0800000E+02 1.3300000E+02 1.5800000E+02 1.8300000E+02 2.0800000E+02 2.3300000E+02 2.5800000E+02
3.1622777E+00 0.6000000E+02 0.8500000E+02 1.1000000E+02 1.3500000E+02 1.6000000E+02 1.8500000E+02 2.1000000E+02 2.3500000E+02 2.6000000E+02
3.9810717E+00 0.6200000E+02 0.8700000E+02 1.1200000E+02 1.3700000E+02 1.6200000E+02 1.8700000E+02 2.1200000E+02 2.3700000E+02 2.6200000E+02
5.0118723E+00 0.6400000E+02 0.8900000E+02 1.1400000E+02 1.3900000E+02 1.6400000E+02 1.8900000E+02 2.1400000E+02 2.3900000E+02 2.6400000E+02
6.3095734E+00 0.6600000E+02 0.9100000E+02 1.1600000E+02 1.4100000E+02 1.6600000E+02 1.9100000E+02 2.1600000E+02 2.4100000E+02 2.6600000E+02
7.9432823E+00 0.6800000E+02 0.9300000E+02 1.1800000E+02 1.4300000E+02 1.6800000E+02 1.9300000E+02 2.1800000E+02 2.4300000E+02 2.6800000E+02
1.0000000E+01 0.7000000E+02 0.9500000E+02 1.2000000E+02 1.4500000E+02 1.7000000E+02 1.9500000E+02 2.2000000E+02 2.4500000E+02 2.7000000E+02
1.2589254E+01 0.7300000E+02 0.9800000E+02 1.2300000E+02 1.4800000E+02 1.7300000E+02 1.9800000E+02 2.2300000E+02 2.4800000E+02 2.7300000E+02
1.5848932E+01 0.7600000E+02 1.0100000E+02 1.2600000E+02 1.5100000E+02 1.7600000E+02 2.0100000E+02 2.2600000E+02 2.5100000E+02 2.7600000E+02
1.9952623E+01 0.7900000E+02 1.0400000E+02 1.2900000E+02 1.5400000E+02 1.7900000E+02 2.0400000E+02 2.2900000E+02 2.5400000E+02 2.7900000E+02
2.5118864E+01 0.8200000E+02 1.0700000E+02 1.3200000E+02 1.5700000E+02 1.8200000E+02 2.0700000E+02 2.3200000E+02 2.5700000E+02 2.8200000E+02
3.1622777E+01 0.8500000E+02 1.1000000E+02 1.3500000E+02 1.6000000E+02 1.8500000E+02 2.1000000E+02 2.3500000E+02 2.6000000E+02 2.8500000E+02
3.9810717E+01 0.8800000E+02 1.1300000E+02 1.3800000E+02 1.6300000E+02 1.8800000E+02 2.1300000E+02 2.3800000E+02 2.6300000E+02 2.8800000E+02
5.0118723E+01 0.9100000E+02 1.1600000E+02 1.4100000E+02 1.6600000E+02 1.9100000E+02 2.1600000E+02 2.4100000E+02 2.6600000E+02 2.9100000E+02
6.3095734E+01 0.9400000E+02 1.1900000E+02 1.4400000E+02 1.6900000E+02 1.9400000E+02 2.1900000E+02 2.4400000E+02 2.6900000E+02 2.9400000E+02
7.9432823E+01 0.9700000E+02 1.2200000E+02 1.4700000E+02 1.7200000E+02 1.9700000E+02 2.2200000E+02 2.4700000E+02 2.7200000E+02 2.9700000E+02
1.0000000E+02 1.0000000E+02 1.2500000E+02 1.5000000E+02 1.7500000E+02 2.0000000E+02 2.2500000E+02 2.5000000E+02 2.7500000E+02 3.0000000E+02
1.2589254E+02 1.0400000E+02 1.2900000E+02 1.5400000E+02 1.7900000E+02 2.0400000E+02 2.2900000E+02 2.5400000E+02 2.7900000E+02 3.0400000E+02
1.5848932E+02 1.0800000E+02 1.3300000E+02 1.5800000E+02 1.8300000E+02 2.0800000E+02 2.3300000E+02 2.5800000E+02 2.8300000E+02 3.0800000E+02
1.9952623E+02 1.1200000E+02 1.3700000E+02 1.6200000E+02 1.8700000E+02 2.1200000E+02 2.3700000E+02 2.6200000E+02 2.8700000E+02 3.1200000E+02
2.5118864E+02 1.1200000E+02 1.3700000E+02 1.6200000E+02 1.8700000E+02 2.1200000E+02 2.3700000E+02 2.6200000E+02 2.8700000E+02 3.1200000E+02
3.1622777E+02 1.1200000E+02 1.3700000E+02 1.6200000E+02 1.8700000E+02 2.1200000E+02 2.3700000E+02 2.6200000E+02 2.8700000E+02 3.1200000E+02
3.9810717E+02 1.1200000E+02 1.3700000E+02 1.6200000E+02 1.8700000E+02 2.1200000E+02 2.3700000E+02 2.6200000E+02 2.8700000E+02 3.1200000E+02
5.0118723E+02 1.1200000E+02 1.3700000E+02 1.6200000E+02 1.8700000E+02 2.1200000E+02 2.3700000E+02 2.6200000E+02 2.8700000E+02 3.1200000E+02
6.3095734E+02 1.1200000E+02 1.3700000E+02 1.6200000E+02 1.8700000E+02 2.1200000E+02 2.3700000E+02 2.6200000E+02 2.8700000E+02 3.1200000E+02
7.9432823E+02 1.1200000E+02 1.3700000E+02 1.6200000E+02 1.8700000E+02 2.1200000E+02 2.3700000E+02 2.6200000E+02 2.8700000E+02 3.1200000E+02
1.0000000E+03 1.1200000E+02 1.3700000E+02 1.6200000E+02 1.8700000E+02 2.1200000E+02 2.3700000E+02 2.6200000E+02 2.8700000E+02 3.1200000E+02
*END
