Temperature profiles corresponding to MLS values (middle column)
+/- 25 and +/- 50 K.
*PTVAL
9.65770E-01 1.6434E+02 1.8934E+02 2.1434E+02 2.3934E+02 2.6434E+02
1.17960E+00 1.6466E+02 1.8966E+02 2.1466E+02 2.3966E+02 2.6466E+02
1.44080E+00 1.6498E+02 1.8998E+02 2.1498E+02 2.3998E+02 2.6498E+02
1.75980E+00 1.6530E+02 1.9030E+02 2.1530E+02 2.4030E+02 2.6530E+02
2.14940E+00 1.6563E+02 1.9063E+02 2.1563E+02 2.4063E+02 2.6563E+02
2.62520E+00 1.6595E+02 1.9095E+02 2.1595E+02 2.4095E+02 2.6595E+02
3.20650E+00 1.6627E+02 1.9127E+02 2.1627E+02 2.4127E+02 2.6627E+02
3.91640E+00 1.6661E+02 1.9161E+02 2.1661E+02 2.4161E+02 2.6661E+02
4.78350E+00 1.6703E+02 1.9203E+02 2.1703E+02 2.4203E+02 2.6703E+02
5.84260E+00 1.6805E+02 1.9305E+02 2.1805E+02 2.4305E+02 2.6805E+02
7.13610E+00 1.7045E+02 1.9545E+02 2.2045E+02 2.4545E+02 2.7045E+02
8.71610E+00 1.7409E+02 1.9909E+02 2.2409E+02 2.4909E+02 2.7409E+02
1.06460E+01 1.7809E+02 2.0309E+02 2.2809E+02 2.5309E+02 2.7809E+02
1.30030E+01 1.8222E+02 2.0722E+02 2.3222E+02 2.5722E+02 2.8222E+02
1.58820E+01 1.8646E+02 2.1146E+02 2.3646E+02 2.6146E+02 2.8646E+02
1.93980E+01 1.9068E+02 2.1568E+02 2.4068E+02 2.6568E+02 2.9068E+02
2.36930E+01 1.9503E+02 2.2003E+02 2.4503E+02 2.7003E+02 2.9503E+02
2.89380E+01 1.9949E+02 2.2449E+02 2.4949E+02 2.7449E+02 2.9949E+02
3.53460E+01 2.0397E+02 2.2897E+02 2.5397E+02 2.7897E+02 3.0397E+02
4.31710E+01 2.0852E+02 2.3352E+02 2.5852E+02 2.8352E+02 3.0852E+02
5.27290E+01 2.1320E+02 2.3820E+02 2.6320E+02 2.8820E+02 3.1320E+02
6.44040E+01 2.1790E+02 2.4290E+02 2.6790E+02 2.9290E+02 3.1790E+02
7.86630E+01 2.2242E+02 2.4742E+02 2.7242E+02 2.9742E+02 3.2242E+02
9.60790E+01 2.2552E+02 2.5052E+02 2.7552E+02 3.0052E+02 3.2552E+02
1.17350E+02 2.2532E+02 2.5032E+02 2.7532E+02 3.0032E+02 3.2532E+02
1.43330E+02 2.2288E+02 2.4788E+02 2.7288E+02 2.9788E+02 3.2288E+02
1.75070E+02 2.1956E+02 2.4456E+02 2.6956E+02 2.9456E+02 3.1956E+02
2.13830E+02 2.1580E+02 2.4080E+02 2.6580E+02 2.9080E+02 3.1580E+02
2.61170E+02 2.1198E+02 2.3698E+02 2.6198E+02 2.8698E+02 3.1198E+02
3.18990E+02 2.0816E+02 2.3316E+02 2.5816E+02 2.8316E+02 3.0816E+02
3.89620E+02 2.0434E+02 2.2934E+02 2.5434E+02 2.7934E+02 3.0434E+02
4.75880E+02 2.0063E+02 2.2563E+02 2.5063E+02 2.7563E+02 3.0063E+02
5.81240E+02 1.9712E+02 2.2212E+02 2.4712E+02 2.7212E+02 2.9712E+02
7.09930E+02 1.9381E+02 2.1881E+02 2.4381E+02 2.6881E+02 2.9381E+02
8.67110E+02 1.9062E+02 2.1562E+02 2.4062E+02 2.6562E+02 2.9062E+02
1.05910E+03 1.8754E+02 2.1254E+02 2.3754E+02 2.6254E+02 2.8754E+02
1.29360E+03 1.8447E+02 2.0947E+02 2.3447E+02 2.5947E+02 2.8447E+02
1.58000E+03 1.8141E+02 2.0641E+02 2.3141E+02 2.5641E+02 2.8141E+02
1.92980E+03 1.7852E+02 2.0352E+02 2.2852E+02 2.5352E+02 2.7852E+02
2.35710E+03 1.7594E+02 2.0094E+02 2.2594E+02 2.5094E+02 2.7594E+02
2.87890E+03 1.7391E+02 1.9891E+02 2.2391E+02 2.4891E+02 2.7391E+02
3.51630E+03 1.7226E+02 1.9726E+02 2.2226E+02 2.4726E+02 2.7226E+02
4.29480E+03 1.7070E+02 1.9570E+02 2.2070E+02 2.4570E+02 2.7070E+02
5.24570E+03 1.6913E+02 1.9413E+02 2.1913E+02 2.4413E+02 2.6913E+02
6.40720E+03 1.6760E+02 1.9260E+02 2.1760E+02 2.4260E+02 2.6760E+02
7.82570E+03 1.6635E+02 1.9135E+02 2.1635E+02 2.4135E+02 2.6635E+02
9.55840E+03 1.6581E+02 1.9081E+02 2.1581E+02 2.4081E+02 2.6581E+02
1.16750E+04 1.6575E+02 1.9075E+02 2.1575E+02 2.4075E+02 2.6575E+02
1.42590E+04 1.6580E+02 1.9080E+02 2.1580E+02 2.4080E+02 2.6580E+02
1.74160E+04 1.6710E+02 1.9210E+02 2.1710E+02 2.4210E+02 2.6710E+02
2.12730E+04 1.7321E+02 1.9821E+02 2.2321E+02 2.4821E+02 2.7321E+02
2.59820E+04 1.8187E+02 2.0687E+02 2.3187E+02 2.5687E+02 2.8187E+02
3.17350E+04 1.9090E+02 2.1590E+02 2.4090E+02 2.6590E+02 2.9090E+02
3.87610E+04 2.0025E+02 2.2525E+02 2.5025E+02 2.7525E+02 3.0025E+02
4.73430E+04 2.0974E+02 2.3474E+02 2.5974E+02 2.8474E+02 3.0974E+02
5.78250E+04 2.1916E+02 2.4416E+02 2.6916E+02 2.9416E+02 3.1916E+02
7.06270E+04 2.2880E+02 2.5380E+02 2.7880E+02 3.0380E+02 3.2880E+02
8.62640E+04 2.3827E+02 2.6327E+02 2.8827E+02 3.1327E+02 3.3827E+02
1.00485E+05 2.4400E+02 2.6900E+02 2.9400E+02 3.1900E+02 3.4400E+02
*END

Profile for H2O (MLS temperatures)
*GAS1
9.65770E-01 2.1434E+02 0.400396E-05
1.17960E+00 2.1466E+02 0.400396E-05
1.44080E+00 2.1498E+02 0.400396E-05
1.75980E+00 2.1530E+02 0.400396E-05
2.14940E+00 2.1563E+02 0.400396E-05
2.62520E+00 2.1595E+02 0.400396E-05
3.20650E+00 2.1627E+02 0.400396E-05
3.91640E+00 2.1661E+02 0.400396E-05
4.78350E+00 2.1703E+02 0.400396E-05
5.84260E+00 2.1805E+02 0.400396E-05
7.13610E+00 2.2045E+02 0.400396E-05
8.71610E+00 2.2409E+02 0.400396E-05
1.06460E+01 2.2809E+02 0.400396E-05
1.30030E+01 2.3222E+02 0.400396E-05
1.58820E+01 2.3646E+02 0.400396E-05
1.93980E+01 2.4068E+02 0.400396E-05
2.36930E+01 2.4503E+02 0.400396E-05
2.89380E+01 2.4949E+02 0.400396E-05
3.53460E+01 2.5397E+02 0.400396E-05
4.31710E+01 2.5852E+02 0.400396E-05
5.27290E+01 2.6320E+02 0.400396E-05
6.44040E+01 2.6790E+02 0.400396E-05
7.86630E+01 2.7242E+02 0.400396E-05
9.60790E+01 2.7552E+02 0.400396E-05
1.17350E+02 2.7532E+02 0.400396E-05
1.43330E+02 2.7288E+02 0.400396E-05
1.75070E+02 2.6956E+02 0.400396E-05
2.13830E+02 2.6580E+02 0.400396E-05
2.61170E+02 2.6198E+02 0.400396E-05
3.18990E+02 2.5816E+02 0.400396E-05
3.89620E+02 2.5434E+02 0.400396E-05
4.75880E+02 2.5063E+02 0.400396E-05
5.81240E+02 2.4712E+02 0.400396E-05
7.09930E+02 2.4381E+02 0.400396E-05
8.67110E+02 2.4062E+02 0.400396E-05
1.05910E+03 2.3754E+02 0.400396E-05
1.29360E+03 2.3447E+02 0.400396E-05
1.58000E+03 2.3141E+02 0.400396E-05
1.92980E+03 2.2852E+02 0.400396E-05
2.35710E+03 2.2594E+02 0.400396E-05
2.87890E+03 2.2391E+02 0.400396E-05
3.51630E+03 2.2226E+02 0.400396E-05
4.29480E+03 2.2070E+02 0.400396E-05
5.24570E+03 2.1913E+02 0.400396E-05
6.40720E+03 2.1760E+02 0.400396E-05
7.82570E+03 2.1635E+02 0.400396E-05
9.55840E+03 2.1581E+02 0.400396E-05
1.16750E+04 2.1575E+02 0.400396E-05
1.42590E+04 2.1580E+02 0.403155E-05
1.74160E+04 2.1710E+02 0.544658E-05
2.12730E+04 2.2321E+02 0.229042E-04
2.59820E+04 2.3187E+02 0.937118E-04
3.17350E+04 2.4090E+02 0.236253E-03
3.87610E+04 2.5025E+02 0.464293E-03
4.73430E+04 2.5974E+02 0.864373E-03
5.78250E+04 2.6916E+02 0.164775E-02
7.06270E+04 2.7880E+02 0.379298E-02
8.62640E+04 2.8827E+02 0.753207E-02
1.00485E+05 2.9400E+02 0.114462E-01
*END

Profile for H2O (MLS temperatures -25K)
*GAS1
9.65770E-01 1.8934E+02 0.400396E-05
1.17960E+00 1.8966E+02 0.400396E-05
1.44080E+00 1.8998E+02 0.400396E-05
1.75980E+00 1.9030E+02 0.400396E-05
2.14940E+00 1.9063E+02 0.400396E-05
2.62520E+00 1.9095E+02 0.400396E-05
3.20650E+00 1.9127E+02 0.400396E-05
3.91640E+00 1.9161E+02 0.400396E-05
4.78350E+00 1.9203E+02 0.400396E-05
5.84260E+00 1.9305E+02 0.400396E-05
7.13610E+00 1.9545E+02 0.400396E-05
8.71610E+00 1.9909E+02 0.400396E-05
1.06460E+01 2.0309E+02 0.400396E-05
1.30030E+01 2.0722E+02 0.400396E-05
1.58820E+01 2.1146E+02 0.400396E-05
1.93980E+01 2.1568E+02 0.400396E-05
2.36930E+01 2.2003E+02 0.400396E-05
2.89380E+01 2.2449E+02 0.400396E-05
3.53460E+01 2.2897E+02 0.400396E-05
4.31710E+01 2.3352E+02 0.400396E-05
5.27290E+01 2.3820E+02 0.400396E-05
6.44040E+01 2.4290E+02 0.400396E-05
7.86630E+01 2.4742E+02 0.400396E-05
9.60790E+01 2.5052E+02 0.400396E-05
1.17350E+02 2.5032E+02 0.400396E-05
1.43330E+02 2.4788E+02 0.400396E-05
1.75070E+02 2.4456E+02 0.400396E-05
2.13830E+02 2.4080E+02 0.400396E-05
2.61170E+02 2.3698E+02 0.400396E-05
3.18990E+02 2.3316E+02 0.400396E-05
3.89620E+02 2.2934E+02 0.400396E-05
4.75880E+02 2.2563E+02 0.400396E-05
5.81240E+02 2.2212E+02 0.400396E-05
7.09930E+02 2.1881E+02 0.400396E-05
8.67110E+02 2.1562E+02 0.400396E-05
1.05910E+03 2.1254E+02 0.400396E-05
1.29360E+03 2.0947E+02 0.400396E-05
1.58000E+03 2.0641E+02 0.400396E-05
1.92980E+03 2.0352E+02 0.400396E-05
2.35710E+03 2.0094E+02 0.400396E-05
2.87890E+03 1.9891E+02 0.400396E-05
3.51630E+03 1.9726E+02 0.400396E-05
4.29480E+03 1.9570E+02 0.400396E-05
5.24570E+03 1.9413E+02 0.400396E-05
6.40720E+03 1.9260E+02 0.400396E-05
7.82570E+03 1.9135E+02 0.400396E-05
9.55840E+03 1.9081E+02 0.400396E-05
1.16750E+04 1.9075E+02 0.400396E-05
1.42590E+04 1.9080E+02 0.403155E-05
1.74160E+04 1.9210E+02 0.544658E-05
2.12730E+04 1.9821E+02 0.229042E-04
2.59820E+04 2.0687E+02 0.937118E-04
3.17350E+04 2.1590E+02 0.236253E-03
3.87610E+04 2.2525E+02 0.464293E-03
4.73430E+04 2.3474E+02 0.864373E-03
5.78250E+04 2.4416E+02 0.164775E-02
7.06270E+04 2.5380E+02 0.379298E-02
8.62640E+04 2.6327E+02 0.753207E-02
1.00485E+05 2.6900E+02 0.114462E-01
*END

Profile for H2O (MLS temperatures +25K)
*GAS1
9.65770E-01 2.3934E+02 0.400396E-05
1.17960E+00 2.3966E+02 0.400396E-05
1.44080E+00 2.3998E+02 0.400396E-05
1.75980E+00 2.4030E+02 0.400396E-05
2.14940E+00 2.4063E+02 0.400396E-05
2.62520E+00 2.4095E+02 0.400396E-05
3.20650E+00 2.4127E+02 0.400396E-05
3.91640E+00 2.4161E+02 0.400396E-05
4.78350E+00 2.4203E+02 0.400396E-05
5.84260E+00 2.4305E+02 0.400396E-05
7.13610E+00 2.4545E+02 0.400396E-05
8.71610E+00 2.4909E+02 0.400396E-05
1.06460E+01 2.5309E+02 0.400396E-05
1.30030E+01 2.5722E+02 0.400396E-05
1.58820E+01 2.6146E+02 0.400396E-05
1.93980E+01 2.6568E+02 0.400396E-05
2.36930E+01 2.7003E+02 0.400396E-05
2.89380E+01 2.7449E+02 0.400396E-05
3.53460E+01 2.7897E+02 0.400396E-05
4.31710E+01 2.8352E+02 0.400396E-05
5.27290E+01 2.8820E+02 0.400396E-05
6.44040E+01 2.9290E+02 0.400396E-05
7.86630E+01 2.9742E+02 0.400396E-05
9.60790E+01 3.0052E+02 0.400396E-05
1.17350E+02 3.0032E+02 0.400396E-05
1.43330E+02 2.9788E+02 0.400396E-05
1.75070E+02 2.9456E+02 0.400396E-05
2.13830E+02 2.9080E+02 0.400396E-05
2.61170E+02 2.8698E+02 0.400396E-05
3.18990E+02 2.8316E+02 0.400396E-05
3.89620E+02 2.7934E+02 0.400396E-05
4.75880E+02 2.7563E+02 0.400396E-05
5.81240E+02 2.7212E+02 0.400396E-05
7.09930E+02 2.6881E+02 0.400396E-05
8.67110E+02 2.6562E+02 0.400396E-05
1.05910E+03 2.6254E+02 0.400396E-05
1.29360E+03 2.5947E+02 0.400396E-05
1.58000E+03 2.5641E+02 0.400396E-05
1.92980E+03 2.5352E+02 0.400396E-05
2.35710E+03 2.5094E+02 0.400396E-05
2.87890E+03 2.4891E+02 0.400396E-05
3.51630E+03 2.4726E+02 0.400396E-05
4.29480E+03 2.4570E+02 0.400396E-05
5.24570E+03 2.4413E+02 0.400396E-05
6.40720E+03 2.4260E+02 0.400396E-05
7.82570E+03 2.4135E+02 0.400396E-05
9.55840E+03 2.4081E+02 0.400396E-05
1.16750E+04 2.4075E+02 0.400396E-05
1.42590E+04 2.4080E+02 0.403155E-05
1.74160E+04 2.4210E+02 0.544658E-05
2.12730E+04 2.4821E+02 0.229042E-04
2.59820E+04 2.5687E+02 0.937118E-04
3.17350E+04 2.6590E+02 0.236253E-03
3.87610E+04 2.7525E+02 0.464293E-03
4.73430E+04 2.8474E+02 0.864373E-03
5.78250E+04 2.9416E+02 0.164775E-02
7.06270E+04 3.0380E+02 0.379298E-02
8.62640E+04 3.1327E+02 0.753207E-02
1.00485E+05 3.1900E+02 0.114462E-01
*END

Profile for H2O (MLS temperatures -50K)
*GAS1
9.65770E-01 1.6434E+02 0.400396E-05
1.17960E+00 1.6466E+02 0.400396E-05
1.44080E+00 1.6498E+02 0.400396E-05
1.75980E+00 1.6530E+02 0.400396E-05
2.14940E+00 1.6563E+02 0.400396E-05
2.62520E+00 1.6595E+02 0.400396E-05
3.20650E+00 1.6627E+02 0.400396E-05
3.91640E+00 1.6661E+02 0.400396E-05
4.78350E+00 1.6703E+02 0.400396E-05
5.84260E+00 1.6805E+02 0.400396E-05
7.13610E+00 1.7045E+02 0.400396E-05
8.71610E+00 1.7409E+02 0.400396E-05
1.06460E+01 1.7809E+02 0.400396E-05
1.30030E+01 1.8222E+02 0.400396E-05
1.58820E+01 1.8646E+02 0.400396E-05
1.93980E+01 1.9068E+02 0.400396E-05
2.36930E+01 1.9503E+02 0.400396E-05
2.89380E+01 1.9949E+02 0.400396E-05
3.53460E+01 2.0397E+02 0.400396E-05
4.31710E+01 2.0852E+02 0.400396E-05
5.27290E+01 2.1320E+02 0.400396E-05
6.44040E+01 2.1790E+02 0.400396E-05
7.86630E+01 2.2242E+02 0.400396E-05
9.60790E+01 2.2552E+02 0.400396E-05
1.17350E+02 2.2532E+02 0.400396E-05
1.43330E+02 2.2288E+02 0.400396E-05
1.75070E+02 2.1956E+02 0.400396E-05
2.13830E+02 2.1580E+02 0.400396E-05
2.61170E+02 2.1198E+02 0.400396E-05
3.18990E+02 2.0816E+02 0.400396E-05
3.89620E+02 2.0434E+02 0.400396E-05
4.75880E+02 2.0063E+02 0.400396E-05
5.81240E+02 1.9712E+02 0.400396E-05
7.09930E+02 1.9381E+02 0.400396E-05
8.67110E+02 1.9062E+02 0.400396E-05
1.05910E+03 1.8754E+02 0.400396E-05
1.29360E+03 1.8447E+02 0.400396E-05
1.58000E+03 1.8141E+02 0.400396E-05
1.92980E+03 1.7852E+02 0.400396E-05
2.35710E+03 1.7594E+02 0.400396E-05
2.87890E+03 1.7391E+02 0.400396E-05
3.51630E+03 1.7226E+02 0.400396E-05
4.29480E+03 1.7070E+02 0.400396E-05
5.24570E+03 1.6913E+02 0.400396E-05
6.40720E+03 1.6760E+02 0.400396E-05
7.82570E+03 1.6635E+02 0.400396E-05
9.55840E+03 1.6581E+02 0.400396E-05
1.16750E+04 1.6575E+02 0.400396E-05
1.42590E+04 1.6580E+02 0.403155E-05
1.74160E+04 1.6710E+02 0.544658E-05
2.12730E+04 1.7321E+02 0.229042E-04
2.59820E+04 1.8187E+02 0.937118E-04
3.17350E+04 1.9090E+02 0.236253E-03
3.87610E+04 2.0025E+02 0.464293E-03
4.73430E+04 2.0974E+02 0.864373E-03
5.78250E+04 2.1916E+02 0.164775E-02
7.06270E+04 2.2880E+02 0.379298E-02
8.62640E+04 2.3827E+02 0.753207E-02
1.00485E+05 2.4400E+02 0.114462E-01
*END

Profile for H2O (MLS temperatures +50K)
*GAS1
9.65770E-01 2.6434E+02 0.400396E-05
1.17960E+00 2.6466E+02 0.400396E-05
1.44080E+00 2.6498E+02 0.400396E-05
1.75980E+00 2.6530E+02 0.400396E-05
2.14940E+00 2.6563E+02 0.400396E-05
2.62520E+00 2.6595E+02 0.400396E-05
3.20650E+00 2.6627E+02 0.400396E-05
3.91640E+00 2.6661E+02 0.400396E-05
4.78350E+00 2.6703E+02 0.400396E-05
5.84260E+00 2.6805E+02 0.400396E-05
7.13610E+00 2.7045E+02 0.400396E-05
8.71610E+00 2.7409E+02 0.400396E-05
1.06460E+01 2.7809E+02 0.400396E-05
1.30030E+01 2.8222E+02 0.400396E-05
1.58820E+01 2.8646E+02 0.400396E-05
1.93980E+01 2.9068E+02 0.400396E-05
2.36930E+01 2.9503E+02 0.400396E-05
2.89380E+01 2.9949E+02 0.400396E-05
3.53460E+01 3.0397E+02 0.400396E-05
4.31710E+01 3.0852E+02 0.400396E-05
5.27290E+01 3.1320E+02 0.400396E-05
6.44040E+01 3.1790E+02 0.400396E-05
7.86630E+01 3.2242E+02 0.400396E-05
9.60790E+01 3.2552E+02 0.400396E-05
1.17350E+02 3.2532E+02 0.400396E-05
1.43330E+02 3.2288E+02 0.400396E-05
1.75070E+02 3.1956E+02 0.400396E-05
2.13830E+02 3.1580E+02 0.400396E-05
2.61170E+02 3.1198E+02 0.400396E-05
3.18990E+02 3.0816E+02 0.400396E-05
3.89620E+02 3.0434E+02 0.400396E-05
4.75880E+02 3.0063E+02 0.400396E-05
5.81240E+02 2.9712E+02 0.400396E-05
7.09930E+02 2.9381E+02 0.400396E-05
8.67110E+02 2.9062E+02 0.400396E-05
1.05910E+03 2.8754E+02 0.400396E-05
1.29360E+03 2.8447E+02 0.400396E-05
1.58000E+03 2.8141E+02 0.400396E-05
1.92980E+03 2.7852E+02 0.400396E-05
2.35710E+03 2.7594E+02 0.400396E-05
2.87890E+03 2.7391E+02 0.400396E-05
3.51630E+03 2.7226E+02 0.400396E-05
4.29480E+03 2.7070E+02 0.400396E-05
5.24570E+03 2.6913E+02 0.400396E-05
6.40720E+03 2.6760E+02 0.400396E-05
7.82570E+03 2.6635E+02 0.400396E-05
9.55840E+03 2.6581E+02 0.400396E-05
1.16750E+04 2.6575E+02 0.400396E-05
1.42590E+04 2.6580E+02 0.403155E-05
1.74160E+04 2.6710E+02 0.544658E-05
2.12730E+04 2.7321E+02 0.229042E-04
2.59820E+04 2.8187E+02 0.937118E-04
3.17350E+04 2.9090E+02 0.236253E-03
3.87610E+04 3.0025E+02 0.464293E-03
4.73430E+04 3.0974E+02 0.864373E-03
5.78250E+04 3.1916E+02 0.164775E-02
7.06270E+04 3.2880E+02 0.379298E-02
8.62640E+04 3.3827E+02 0.753207E-02
1.00485E+05 3.4400E+02 0.114462E-01
*END

