*BLOCK: sub-band mapping

Band:    1, gas:    3, sub-bands:      6
Sub-band  k-term       weight       wavelength_short   wavelength_long
       1       1   1.758882119E-02   2.000000000E-07   2.200000000E-07
       2       2   3.498811665E-02   2.200000000E-07   2.400000000E-07
       3       3   4.855246416E-02   2.400000000E-07   2.600000000E-07
       4       4   1.417722300E-01   2.600000000E-07   2.800000000E-07
       5       5   2.960968546E-01   2.800000000E-07   3.000000000E-07
       6       6   4.610015133E-01   3.000000000E-07   3.200000000E-07
*END
