prep_spec <<EOF
sp_lw_9_skel
9
12
1
2
3
4
6
9
14
15
16
17
19
25
0
25
1
2
3
4
6
31
32
17
18
19
20
21
22
12
13
23
24
10
11
15
16
25
26
27
30
c
4.000000000E+02     1.000000000E+00
5.500000000E+02     4.000000000E+02
8.000000000E+02     5.500000000E+02
7.500000000E+02     5.900000000E+02
1.200000000E+03     8.000000000E+02
1.120000000E+03     9.900000000E+02
1.330000000E+03     1.200000000E+03
1.500000000E+03     1.330000000E+03
2.995000000E+03     1.500000000E+03
0
0
0
0
0
0
0
0
0
0
1
1
1
1
1
1
1
0
y
0
0
4
0
6
0
0
0
0
-1
EOF
