*BEGIN_DATA

     Start of table                = -2.00000E+01     cm-1
     End of table                  =  2.00000E+04     cm-1
     Increment in table            =  1.00000E+01     cm-1
     Number of points in table     =  2003

     Continuum coefficients (cm^3.mol-1 * 1.0E-20)
    1.28590E-02    1.17150E-02    1.10380E-02    1.17150E-02
    1.28590E-02    1.53260E-02    1.69990E-02    1.83210E-02
    1.94020E-02    1.95700E-02    1.94320E-02    1.75720E-02
    1.67600E-02    1.54800E-02    1.39840E-02    1.22660E-02
    1.04670E-02    9.45260E-03    8.04850E-03    6.94840E-03
    6.14160E-03    5.09410E-03    4.48360E-03    3.81330E-03
    3.46080E-03    3.14870E-03    2.45550E-03    2.09770E-03
    1.72660E-03    1.49200E-03    1.27090E-03    9.80810E-04
    8.50630E-04    6.88220E-04    5.38090E-04    4.46790E-04
    3.37740E-04    2.79790E-04    2.10470E-04    1.65110E-04
    1.29930E-04    9.30330E-05    7.43600E-05    5.64280E-05
    4.54420E-05    3.45750E-05    2.79030E-05    2.13740E-05
    1.60750E-05    1.30220E-05    1.09620E-05    8.59590E-06
    6.91250E-06    5.38080E-06    4.35860E-06    3.63940E-06
    2.95520E-06    2.35470E-06    1.84630E-06    1.60360E-06
    1.34830E-06    1.19680E-06    1.03330E-06    8.44840E-07
    6.71950E-07    5.09470E-07    4.23430E-07    3.44530E-07
    2.78300E-07    2.30630E-07    1.99510E-07    1.70870E-07
    1.43930E-07    1.25750E-07    1.07500E-07    8.23250E-08
    5.75240E-08    4.44820E-08    3.81060E-08    3.43150E-08
    2.94220E-08    2.50690E-08    2.24020E-08    1.93490E-08
    1.61520E-08    1.22080E-08    8.96600E-09    7.13220E-09
    6.10280E-09    5.29380E-09    4.53500E-09    3.49770E-09
    2.95110E-09    2.47340E-09    2.05080E-09    1.85070E-09
    1.63730E-09    1.51710E-09    1.30710E-09    1.24620E-09
    1.21480E-09    1.25900E-09    1.31530E-09    1.33010E-09
    1.44830E-09    1.69440E-09    2.05590E-09    2.29540E-09
    2.62210E-09    3.26060E-09    4.23920E-09    5.21710E-09
    6.25530E-09    8.25480E-09    9.58420E-09    1.12800E-08
    1.36280E-08    1.76350E-08    2.15760E-08    2.48350E-08
    3.00140E-08    3.84850E-08    4.74400E-08    5.52020E-08
    7.08970E-08    9.65780E-08    1.39760E-07    1.83910E-07
    2.32070E-07    2.99600E-07    4.04080E-07    5.92600E-07
    7.84870E-07    1.09470E-06    1.46760E-06    1.93250E-06
    2.65870E-06    3.45340E-06    4.43760E-06    5.80610E-06
    7.01410E-06    8.49370E-06    1.01860E-05    1.20340E-05
    1.38370E-05    1.65950E-05    1.92590E-05    2.16200E-05
    2.36810E-05    2.70640E-05    3.25100E-05    3.54600E-05
    3.91090E-05    4.28910E-05    4.77570E-05    5.09810E-05
    5.05270E-05    4.86180E-05    4.40010E-05    3.79820E-05
    3.26670E-05    2.77940E-05    2.49100E-05    2.43750E-05
    2.73160E-05    3.25790E-05    3.54990E-05    3.80100E-05
    4.13530E-05    4.33230E-05    4.30040E-05    3.97900E-05
    3.77180E-05    3.63600E-05    3.23860E-05    2.74090E-05
    2.36260E-05    2.06310E-05    1.83710E-05    1.54450E-05
    1.29890E-05    1.10980E-05    9.65520E-06    8.06490E-06
    7.23650E-06    5.91370E-06    5.27590E-06    4.88600E-06
    4.13210E-06    3.59180E-06    2.76400E-06    2.48920E-06
    2.10180E-06    1.78480E-06    1.58550E-06    1.35690E-06
    1.19860E-06    9.46930E-07    7.40970E-07    6.34430E-07
    4.81310E-07    4.09420E-07    3.33160E-07    2.84880E-07
    2.34610E-07    1.73970E-07    1.46840E-07    1.09530E-07
    8.53960E-08    6.92610E-08    5.40010E-08    4.54300E-08
    3.27910E-08    2.59950E-08    2.02250E-08    1.57100E-08
    1.30270E-08    1.02290E-08    8.52770E-09    6.52490E-09
    5.01170E-09    3.99060E-09    3.23320E-09    2.78470E-09
    2.45700E-09    2.33590E-09    2.05990E-09    1.84360E-09
    1.65590E-09    1.49100E-09    1.27940E-09    9.82290E-10
    8.00540E-10    6.07690E-10    4.56460E-10    3.31110E-10
    2.44280E-10    1.80070E-10    1.32910E-10    9.79740E-11
    7.82710E-11    6.38330E-11    5.44250E-11    4.64710E-11
    4.02090E-11    3.52270E-11    3.12120E-11    2.88400E-11
    2.77620E-11    2.79350E-11    3.20120E-11    3.95250E-11
    5.03030E-11    6.80270E-11    9.39540E-11    1.29860E-10
    1.84780E-10    2.53310E-10    3.48270E-10    4.69680E-10
    6.23800E-10    7.91060E-10    1.00260E-09    1.21020E-09
    1.41460E-09    1.61540E-09    1.75100E-09    1.85750E-09
    1.87420E-09    1.87000E-09    1.85820E-09    1.96570E-09
    2.12040E-09    2.03810E-09    2.01220E-09    2.04360E-09
    2.12130E-09    2.07420E-09    1.98700E-09    2.04650E-09
    2.15560E-09    2.22220E-09    2.19770E-09    2.10470E-09
    1.93340E-09    1.73570E-09    1.57540E-09    1.43980E-09
    1.40180E-09    1.54590E-09    1.75760E-09    2.16450E-09
    2.94800E-09    4.44390E-09    5.83410E-09    8.07570E-09
    1.16580E-08    1.67930E-08    2.26940E-08    2.94680E-08
    3.92780E-08    5.21450E-08    6.43780E-08    7.79470E-08
    8.53210E-08    9.78480E-08    1.09990E-07    1.14890E-07
    1.20820E-07    1.28220E-07    1.40530E-07    1.52380E-07
    1.54540E-07    1.50180E-07    1.40480E-07    1.23590E-07
    1.08580E-07    9.34860E-08    8.16380E-08    7.76900E-08
    8.46250E-08    1.01140E-07    1.14300E-07    1.22630E-07
    1.30840E-07    1.33800E-07    1.35730E-07    1.34410E-07
    1.29620E-07    1.26380E-07    1.19340E-07    1.13710E-07
    1.08710E-07    9.88430E-08    9.18770E-08    9.10500E-08
    9.32130E-08    9.29290E-08    1.01550E-07    1.12630E-07
    1.23700E-07    1.36360E-07    1.54000E-07    1.76560E-07
    2.13290E-07    2.30450E-07    2.58110E-07    2.92610E-07
    3.42590E-07    4.07700E-07    4.87710E-07    5.80810E-07
    7.28950E-07    8.74820E-07    1.07950E-06    1.33840E-06
    1.72080E-06    2.06770E-06    2.52940E-06    3.11230E-06
    3.79000E-06    4.77520E-06    5.68910E-06    6.62610E-06
    7.62460E-06    8.77300E-06    9.66720E-06    1.09800E-05
    1.12870E-05    1.16700E-05    1.16350E-05    1.17680E-05
    1.20390E-05    1.22530E-05    1.32940E-05    1.40050E-05
    1.38540E-05    1.34200E-05    1.30030E-05    1.26450E-05
    1.17150E-05    1.12580E-05    1.15160E-05    1.24940E-05
    1.36550E-05    1.49310E-05    1.46490E-05    1.38570E-05
    1.31200E-05    1.17910E-05    1.06370E-05    8.27600E-06
    6.58210E-06    5.19590E-06    4.01580E-06    3.01310E-06
    2.04620E-06    1.48530E-06    1.03650E-06    7.39380E-07
    4.97520E-07    3.41480E-07    2.49920E-07    1.83630E-07
    1.45910E-07    1.13800E-07    9.05880E-08    7.36970E-08
    6.02520E-08    5.18680E-08    4.26600E-08    3.61630E-08
    3.25120E-08    2.92580E-08    2.42380E-08    2.12090E-08
    1.63620E-08    1.38710E-08    1.23550E-08    9.69400E-09
    7.77350E-09    6.22780E-09    5.22820E-09    4.37990E-09
    3.55450E-09    2.75270E-09    2.09500E-09    1.63440E-09
    1.26890E-09    1.04030E-09    8.48800E-10    6.34610E-10
    4.76570E-10    3.52200E-10    2.78790E-10    2.30210E-10
    1.61670E-10    1.17320E-10    8.92060E-11    7.05960E-11
    5.83100E-11    4.40840E-11    3.15340E-11    2.50680E-11
    2.20880E-11    2.25790E-11    2.26370E-11    2.57050E-11
    3.24150E-11    4.61160E-11    6.53460E-11    9.48420E-11
    1.28090E-10    1.82110E-10    2.40520E-10    3.02700E-10
    3.55310E-10    4.24020E-10    4.67300E-10    4.79420E-10
    4.68130E-10    4.59970E-10    4.57880E-10    4.03110E-10
    3.73670E-10    3.31490E-10    2.92810E-10    2.52310E-10
    2.11520E-10    1.97990E-10    1.86360E-10    1.90850E-10
    2.07860E-10    2.24640E-10    2.37850E-10    2.56840E-10
    2.74990E-10    2.69620E-10    2.63780E-10    2.62970E-10
    2.69030E-10    2.70350E-10    2.53940E-10    2.56550E-10
    2.71840E-10    2.90130E-10    3.05850E-10    3.07910E-10
    3.16670E-10    3.43430E-10    3.73650E-10    4.02690E-10
    4.72600E-10    5.65840E-10    6.97910E-10    8.65690E-10
    1.03930E-09    1.20670E-09    1.50470E-09    1.85830E-09
    2.23570E-09    2.64980E-09    3.24830E-09    3.99270E-09
    4.66180E-09    5.55550E-09    6.66090E-09    8.21390E-09
    1.02850E-08    1.39190E-08    1.87860E-08    2.51500E-08
    3.31300E-08    4.54420E-08    6.33700E-08    9.06280E-08
    1.21180E-07    1.59270E-07    2.13580E-07    2.78250E-07
    3.76710E-07    4.48940E-07    5.44420E-07    6.22400E-07
    7.30040E-07    8.33840E-07    8.79330E-07    8.80800E-07
    8.69390E-07    8.65410E-07    8.20550E-07    7.72780E-07
    7.59890E-07    8.69090E-07    9.79450E-07    1.03940E-06
    1.06460E-06    1.15090E-06    1.20170E-06    1.19150E-06
    1.12590E-06    1.15490E-06    1.19380E-06    1.23560E-06
    1.24040E-06    1.17160E-06    1.11490E-06    1.00730E-06
    8.98450E-07    7.66390E-07    6.15170E-07    5.08870E-07
    4.12690E-07    3.24740E-07    2.56980E-07    1.88930E-07
    1.40090E-07    1.03400E-07    7.77240E-08    5.73020E-08
    4.21780E-08    2.96030E-08    2.19450E-08    1.63010E-08
    1.28060E-08    1.00480E-08    7.89700E-09    6.11330E-09
    4.90540E-09    4.19850E-09    3.69440E-09    3.25860E-09
    2.73620E-09    2.36470E-09    2.12490E-09    1.81720E-09
    1.62240E-09    1.51580E-09    1.23610E-09    1.06820E-09
    9.23120E-10    7.92200E-10    6.81740E-10    5.61470E-10
    4.82680E-10    4.15340E-10    3.31060E-10    2.82750E-10
    2.45840E-10    2.07420E-10    1.78400E-10    1.46640E-10
    1.23900E-10    1.04970E-10    8.50380E-11    6.70080E-11
    5.63550E-11    4.33230E-11    3.69140E-11    3.22620E-11
    3.07490E-11    3.03180E-11    2.94470E-11    2.99180E-11
    3.06680E-11    3.13150E-11    3.03290E-11    2.82590E-11
    2.60650E-11    2.35780E-11    2.04690E-11    1.69080E-11
    1.49120E-11    1.18670E-11    9.97300E-12    8.10140E-12
    6.75280E-12    6.31330E-12    5.85990E-12    6.01450E-12
    6.51050E-12    7.05370E-12    7.49730E-12    7.85190E-12
    8.50390E-12    9.19950E-12    1.06940E-11    1.16590E-11
    1.26850E-11    1.30870E-11    1.32220E-11    1.26340E-11
    1.10770E-11    9.62590E-12    8.32020E-12    7.48570E-12
    6.80690E-12    6.74960E-12    7.31160E-12    8.01710E-12
    8.63940E-12    9.26590E-12    1.00480E-11    1.09410E-11
    1.22260E-11    1.30580E-11    1.51930E-11    1.89230E-11
    2.33340E-11    2.87870E-11    3.66930E-11    4.82950E-11
    6.42600E-11    8.82690E-11    1.18650E-10    1.59610E-10
    2.06050E-10    2.73490E-10    3.71930E-10    4.82160E-10
    6.19660E-10    7.71500E-10    1.01950E-09    1.28590E-09
    1.65350E-09    2.03160E-09    2.39130E-09    3.01140E-09
    3.74950E-09    4.65040E-09    5.91450E-09    7.68400E-09
    1.03040E-08    1.30100E-08    1.64410E-08    2.14750E-08
    2.58920E-08    2.97880E-08    3.38200E-08    4.00070E-08
    4.48880E-08    4.57650E-08    4.61310E-08    4.62390E-08
    4.48490E-08    4.07290E-08    3.68560E-08    3.61640E-08
    3.76060E-08    4.14570E-08    4.37500E-08    5.11500E-08
    5.60540E-08    6.15860E-08    6.45210E-08    6.64940E-08
    6.90240E-08    6.88930E-08    7.09010E-08    6.97600E-08
    7.14850E-08    7.07400E-08    7.37640E-08    7.66180E-08
    8.41820E-08    9.38380E-08    1.07610E-07    1.28510E-07
    1.47480E-07    1.84070E-07    2.21090E-07    2.63920E-07
    2.98870E-07    3.44930E-07    4.03360E-07    4.35510E-07
    4.92310E-07    5.07280E-07    5.37810E-07    5.32850E-07
    5.44960E-07    5.57070E-07    5.69440E-07    6.11230E-07
    6.43170E-07    6.45810E-07    6.19990E-07    6.01910E-07
    5.77620E-07    5.72410E-07    5.70130E-07    6.01600E-07
    6.69050E-07    7.40950E-07    8.21210E-07    8.09470E-07
    7.61450E-07    7.21930E-07    6.37220E-07    5.43160E-07
    4.21860E-07    3.25280E-07    2.52070E-07    1.82130E-07
    1.26580E-07    8.67460E-08    6.02160E-08    4.11220E-08
    2.88990E-08    2.17400E-08    1.79900E-08    1.55930E-08
    1.39700E-08    1.22380E-08    1.05390E-08    9.23860E-09
    7.84810E-09    6.87040E-09    5.76150E-09    5.04340E-09
    4.68860E-09    4.37700E-09    3.97680E-09    3.52020E-09
    3.18540E-09    2.90090E-09    2.57630E-09    2.21350E-09
    1.94550E-09    1.62480E-09    1.33680E-09    1.08420E-09
    8.42540E-10    6.74140E-10    5.46670E-10    4.50050E-10
    3.49320E-10    2.67450E-10    2.20530E-10    1.81620E-10
    1.49350E-10    1.16180E-10    9.18880E-11    8.06720E-11
    6.87460E-11    6.26680E-11    5.57150E-11    4.50740E-11
    3.76690E-11    3.20820E-11    2.80850E-11    2.48380E-11
    1.97910E-11    1.69640E-11    1.38870E-11    1.11790E-11
    9.74990E-12    7.82550E-12    6.36980E-12    5.32650E-12
    4.65880E-12    4.44980E-12    3.99840E-12    3.75130E-12
    3.71760E-12    3.91480E-12    4.27020E-12    5.00900E-12
    6.58010E-12    8.77870E-12    1.27180E-11    1.83750E-11
    2.53040E-11    3.54030E-11    4.88420E-11    6.48400E-11
    8.09110E-11    1.01360E-10    1.23110E-10    1.42030E-10
    1.58690E-10    1.80930E-10    2.13700E-10    2.52280E-10
    2.88160E-10    3.45560E-10    3.98600E-10    4.43500E-10
    4.77600E-10    5.23570E-10    6.08270E-10    6.36350E-10
    6.58860E-10    6.87530E-10    7.23490E-10    7.27890E-10
    6.82320E-10    6.60810E-10    6.42320E-10    6.34850E-10
    6.43110E-10    7.22350E-10    7.72630E-10    8.16680E-10
    9.03240E-10    9.76430E-10    1.05350E-09    1.01950E-09
    1.01940E-09    1.01560E-09    9.67920E-10    9.27250E-10
    8.73470E-10    8.44840E-10    8.26470E-10    8.43630E-10
    9.12610E-10    1.00510E-09    1.15110E-09    1.40370E-09
    1.80660E-09    2.44830E-09    3.27390E-09    4.31940E-09
    5.69020E-09    7.79240E-09    9.73760E-09    1.20550E-08
    1.43030E-08    1.69560E-08    1.95420E-08    2.22330E-08
    2.51860E-08    2.77770E-08    2.89430E-08    2.88730E-08
    2.94170E-08    2.79540E-08    2.75240E-08    2.70400E-08
    3.12540E-08    3.68430E-08    3.77970E-08    3.87130E-08
    4.01350E-08    4.28240E-08    4.30040E-08    4.02790E-08
    4.27810E-08    4.52200E-08    4.89480E-08    5.01720E-08
    4.84990E-08    4.71820E-08    4.22040E-08    3.77010E-08
    3.09720E-08    2.46540E-08    1.95430E-08    1.46090E-08
    1.11710E-08    8.33670E-09    6.37910E-09    5.07900E-09
    4.06550E-09    3.36580E-09    2.78820E-09    2.47490E-09
    2.22870E-09    2.02170E-09    1.81910E-09    1.58970E-09
    1.41910E-09    1.24480E-09    1.08840E-09    9.35850E-10
    7.94290E-10    7.32140E-10    6.50080E-10    5.75490E-10
    5.43000E-10    4.72510E-10    4.34510E-10    3.84460E-10
    3.55890E-10    3.44320E-10    2.82090E-10    2.46200E-10
    2.12780E-10    1.84060E-10    1.63140E-10    1.32610E-10
    1.16960E-10    9.68650E-11    7.68140E-11    6.64110E-11
    5.09030E-11    4.08270E-11    3.04760E-11    2.32300E-11
    1.77070E-11    1.35480E-11    1.07190E-11    9.30260E-12
    8.79670E-12    8.31360E-12    7.39180E-12    6.52930E-12
    5.92430E-12    5.35950E-12    3.52660E-12    2.25710E-12
    1.61500E-12    1.14130E-12    8.49980E-13    7.08030E-13
    5.17470E-13    4.06940E-13    3.65280E-13    3.36700E-13
    3.13410E-13    2.93900E-13    2.86800E-13    3.12830E-13
    3.72940E-13    5.01940E-13    6.79190E-13    1.04550E-12
    1.52300E-12    2.39320E-12    3.42310E-12    5.05150E-12
    7.31930E-12    9.94060E-12    1.21930E-11    1.47420E-11
    1.92690E-11    2.18160E-11    2.27500E-11    2.29020E-11
    2.38880E-11    2.49020E-11    2.21600E-11    2.03810E-11
    1.99030E-11    2.00860E-11    1.93040E-11    2.00230E-11
    2.22440E-11    2.54500E-11    3.12280E-11    3.45600E-11
    3.69230E-11    3.74860E-11    3.81240E-11    3.83170E-11
    3.47370E-11    3.30370E-11    3.17240E-11    2.98400E-11
    2.83010E-11    2.58570E-11    2.37080E-11    1.94520E-11
    1.62320E-11    1.51740E-11    1.42060E-11    1.44080E-11
    1.54830E-11    1.86420E-11    2.36640E-11    3.01810E-11
    4.01600E-11    5.22870E-11    7.27540E-11    1.05110E-10
    1.45310E-10    2.09980E-10    2.68830E-10    3.30820E-10
    4.26380E-10    5.31320E-10    6.36170E-10    7.14130E-10
    8.59530E-10    9.97150E-10    1.07960E-09    1.09780E-09
    1.10520E-09    1.10950E-09    1.06410E-09    9.78810E-10
    9.65900E-10    1.03320E-09    1.19740E-09    1.36120E-09
    1.58290E-09    1.86550E-09    2.14650E-09    2.47790E-09
    2.73700E-09    2.99150E-09    3.30370E-09    3.63470E-09
    3.95870E-09    4.47010E-09    5.01220E-09    5.80440E-09
    6.19160E-09    6.96130E-09    7.78630E-09    8.28200E-09
    9.43590E-09    9.73870E-09    1.06560E-08    1.07460E-08
    1.12100E-08    1.19050E-08    1.21940E-08    1.31450E-08
    1.37380E-08    1.36340E-08    1.30110E-08    1.25110E-08
    1.18050E-08    1.21590E-08    1.23900E-08    1.36250E-08
    1.56780E-08    1.78860E-08    1.99330E-08    1.98650E-08
    1.90000E-08    1.78120E-08    1.55210E-08    1.25930E-08
    9.56350E-09    7.29870E-09    5.24890E-09    3.56730E-09
    2.42060E-09    1.69770E-09    1.24560E-09    9.37440E-10
    7.83790E-10    6.99600E-10    6.64510E-10    6.85210E-10
    7.42340E-10    8.66580E-10    9.49720E-10    1.07910E-09
    1.23590E-09    1.33630E-09    1.50250E-09    1.53680E-09
    1.61520E-09    1.61840E-09    1.65570E-09    1.70350E-09
    1.69160E-09    1.72370E-09    1.71750E-09    1.64750E-09
    1.53350E-09    1.42720E-09    1.32820E-09    1.34590E-09
    1.40280E-09    1.51920E-09    1.70680E-09    1.90850E-09
    2.13180E-09    2.10200E-09    1.99420E-09    1.86540E-09
    1.63910E-09    1.35520E-09    1.01860E-09    7.85400E-10
    5.70220E-10    3.92470E-10    2.54410E-10    1.66990E-10
    1.11320E-10    6.89890E-11    4.52550E-11    3.11060E-11
    2.31610E-11    1.76180E-11    1.43800E-11    1.16010E-11
    9.71480E-12    8.45190E-12    6.53920E-12    5.41130E-12
    4.76240E-12    4.06170E-12    3.61730E-12    2.86080E-12
    2.27240E-12    1.74360E-12    1.34240E-12    1.03580E-12
    7.30640E-13    5.45000E-13    4.05510E-13    2.86420E-13
    2.18310E-13    1.68600E-13    1.20860E-13    1.01500E-13
    9.35500E-14    8.41050E-14    7.30510E-14    6.97960E-14
    7.99490E-14    1.07420E-13    1.56390E-13    2.13080E-13
    3.12260E-13    4.68530E-13    6.69170E-13    1.00880E-12
    1.48240E-12    2.27630E-12    3.39170E-12    4.45850E-12
    6.31870E-12    8.41890E-12    1.13020E-11    1.34310E-11
    1.56790E-11    1.90440E-11    2.24630E-11    2.36050E-11
    2.36190E-11    2.35050E-11    2.38050E-11    2.25490E-11
    1.93040E-11    1.83820E-11    1.77950E-11    1.84390E-11
    1.91460E-11    2.19660E-11    2.61090E-11    3.18830E-11
    3.78720E-11    4.39660E-11    4.87890E-11    5.32640E-11
    5.97050E-11    6.37440E-11    7.01630E-11    7.91140E-11
    8.82870E-11    9.97260E-11    1.14980E-10    1.37000E-10
    1.61450E-10    1.99130E-10    2.27780E-10    2.62160E-10
    2.97700E-10    3.34050E-10    3.78210E-10    3.95520E-10
    4.13220E-10    4.02930E-10    4.02590E-10    3.88530E-10
    3.78420E-10    3.85510E-10    4.46180E-10    5.05270E-10
    5.06950E-10    5.12160E-10    5.19300E-10    5.57940E-10
    5.33200E-10    5.20080E-10    5.68880E-10    6.18830E-10
    6.90060E-10    6.95050E-10    6.67680E-10    6.32900E-10
    5.67530E-10    5.03270E-10    3.98300E-10    3.11470E-10
    2.44160E-10    1.88600E-10    1.39080E-10    9.91560E-11
    7.37790E-11    5.60480E-11    4.24570E-11    3.45050E-11
    2.98810E-11    2.78650E-11    2.84710E-11    3.10650E-11
    3.42040E-11    3.91400E-11    4.36060E-11    4.90750E-11
    5.30690E-11    5.52360E-11    5.53090E-11    5.38320E-11
    5.31830E-11    5.17830E-11    5.20420E-11    5.44220E-11
    5.56560E-11    5.44090E-11    5.26590E-11    5.16960E-11
    5.17260E-11    4.90030E-11    4.90500E-11    5.17000E-11
    5.68180E-11    6.31290E-11    6.65420E-11    6.43670E-11
    5.99080E-11    5.44700E-11    4.79030E-11    3.96690E-11
    2.96510E-11    2.22860E-11    1.67420E-11    1.18270E-11
    7.77390E-12    4.88050E-12    3.17470E-12    2.00570E-12
    1.25500E-12    8.74340E-13    6.27550E-13    4.97520E-13
    4.00470E-13    3.56020E-13    3.09300E-13    2.49030E-13
    1.93160E-13    1.49950E-13    1.20590E-13    8.72420E-14
    6.45110E-14    5.33000E-14    4.37410E-14    3.49160E-14
    2.65600E-14    1.69230E-14    1.18160E-14    6.70710E-15
    3.64740E-15    2.06860E-15    1.19250E-15    6.89480E-16
    3.96610E-16    2.25760E-16    1.26690E-16    6.99080E-17
    3.78960E-17    2.02800E-17    1.10160E-17    6.78160E-18
    6.09580E-18    8.99130E-18    1.72010E-17    3.49640E-17
    7.07220E-17    1.40200E-16    2.71670E-16    5.14780E-16
    9.55000E-16    1.73760E-15    3.10740E-15    5.47890E-15
    9.56400E-15    1.66350E-14    2.91450E-14    5.21790E-14
    8.85540E-14    1.47640E-13    2.33310E-13    3.59960E-13
    5.21320E-13    6.35190E-13    7.31740E-13    8.37520E-13
    9.89160E-13    1.15150E-12    1.40340E-12    1.65940E-12
    2.10210E-12    2.74160E-12    3.41350E-12    4.55170E-12
    5.58320E-12    7.23030E-12    9.94840E-12    1.27240E-11
    1.64780E-11    2.05880E-11    2.55430E-11    3.36250E-11
    4.17880E-11    5.00810E-11    6.01440E-11    6.95990E-11
    8.44080E-11    9.71430E-11    1.08050E-10    1.17130E-10
    1.27110E-10    1.37270E-10    1.45390E-10    1.60490E-10
    1.76800E-10    2.05570E-10    2.49670E-10    3.00960E-10
    3.58160E-10    4.08510E-10    4.61110E-10    5.21970E-10
    5.50430E-10    6.03240E-10    6.49830E-10    6.74980E-10
    7.05450E-10    7.06800E-10    7.52180E-10    7.57230E-10
    7.78400E-10    8.00810E-10    8.02230E-10    7.72710E-10
    7.16760E-10    6.78190E-10    6.47530E-10    6.58440E-10
    7.01630E-10    7.75030E-10    8.81520E-10    9.90220E-10
    1.02290E-09    9.92960E-10    8.99110E-10    7.78130E-10
    6.37850E-10    4.74910E-10    3.52800E-10    2.43490E-10
    1.65020E-10    1.16220E-10    8.67150E-11    6.73600E-11
    5.39100E-11    4.55540E-11    4.13000E-11    3.97280E-11
    3.90000E-11    3.98030E-11    4.15140E-11    4.33740E-11
    4.68310E-11    4.89210E-11    5.19950E-11    5.72420E-11
    6.27590E-11    7.08010E-11    7.45550E-11    7.97540E-11
    8.76160E-11    9.11710E-11    1.03490E-10    1.10470E-10
    1.20240E-10    1.29900E-10    1.37250E-10    1.50050E-10
    1.52680E-10    1.55350E-10    1.56230E-10    1.50090E-10
    1.40340E-10    1.30020E-10    1.22250E-10    1.19890E-10
    1.24110E-10    1.36120E-10    1.52250E-10    1.72020E-10
    1.94710E-10    1.99310E-10    1.90790E-10    1.74780E-10
    1.52590E-10    1.26250E-10    9.33320E-11    6.87960E-11
    4.64660E-11    2.97230E-11    1.85080E-11    1.21060E-11
    8.01420E-12    5.40660E-12    3.93290E-12    3.16650E-12
    2.74200E-12    2.39960E-12    2.38040E-12    2.32420E-12
    2.44760E-12    2.53310E-12    2.35950E-12    2.25750E-12
    2.12980E-12    2.00880E-12    1.82630E-12    1.61140E-12
    1.44220E-12    1.29460E-12    1.08370E-12    9.12820E-13
    7.23590E-13    5.33070E-13    3.88370E-13    2.66780E-13
    1.67690E-13    1.08260E-13    7.23640E-14    4.52010E-14
    3.08080E-14    2.23770E-14    1.70400E-14    9.21810E-15
    5.29340E-15    3.57740E-15    3.14310E-15    3.76470E-15
    5.64280E-15    9.51390E-15    1.73220E-14    2.88290E-14
    4.77080E-14    6.97890E-14    9.72670E-14    1.46620E-13
    1.94290E-13    2.59980E-13    3.66360E-13    4.79600E-13
    6.51290E-13    7.76380E-13    9.37740E-13    1.14670E-12
    1.35470E-12    1.56860E-12    1.68930E-12    1.90690E-12
    2.13520E-12    2.30710E-12    2.47590E-12    2.82470E-12
    3.43650E-12    4.31810E-12    5.61070E-12    7.00170E-12
    8.64080E-12    1.09740E-11    1.37420E-11    1.63370E-11
    2.01570E-11    2.34410E-11    2.67330E-11    3.02470E-11
    3.37370E-11    3.86180E-11    4.13430E-11    4.38700E-11
    4.46850E-11    4.48810E-11    4.55260E-11    4.36280E-11
    4.42680E-11    4.68650E-11    5.34260E-11    5.40200E-11
    5.32180E-11    5.45870E-11    5.63600E-11    5.77400E-11
    5.64260E-11    6.03990E-11    6.69810E-11    7.43190E-11
    7.79770E-11    7.55390E-11    7.16100E-11    6.46060E-11
    5.54980E-11    4.39440E-11    3.37690E-11    2.57710E-11
    1.91620E-11    1.36980E-11    1.01730E-11    7.89250E-12
    6.19380E-12    4.79620E-12    4.08110E-12    3.39120E-12
    2.86250E-12    2.45040E-12    2.21880E-12    2.21390E-12
    2.24990E-12    2.27660E-12    2.39850E-12    2.54590E-12
    2.92950E-12    3.41960E-12    3.61550E-12    4.07330E-12
    4.46100E-12    4.93720E-12    5.43720E-12    5.73040E-12
    6.16400E-12    6.12780E-12    6.29400E-12    6.49470E-12
    6.81740E-12    7.51900E-12    8.26080E-12    8.49710E-12
    8.34840E-12    8.18880E-12    7.85520E-12    7.84680E-12
    7.59430E-12    7.90960E-12    8.68690E-12    9.13030E-12
    9.25470E-12    8.93220E-12    8.21770E-12    7.34080E-12
    5.79560E-12    4.44700E-12    3.58810E-12    2.67480E-12
    1.70740E-12    9.67000E-13    5.26450E-13    2.99430E-13
    1.73160E-13    1.00390E-13    5.78590E-14    3.29680E-14
    1.84990E-14    1.01920E-14    5.50150E-15    2.90400E-15
    1.49680E-15    7.52440E-16    3.68520E-16    1.75680E-16
    8.14640E-17    3.67170E-17    1.60760E-17    6.83410E-18
    2.81950E-18    1.12860E-18     .00000E+00     .00000E+00
     .00000E+00     .00000E+00     .00000E+00     .00000E+00
     .00000E+00     .00000E+00     .00000E+00    1.40700E-18
    3.04050E-18    6.40590E-18    1.31690E-17    2.64430E-17
    5.19170E-17    9.97850E-17    1.88020E-16    3.47880E-16
    6.33280E-16    1.13700E-15    2.01980E-15    3.56650E-15
    6.30530E-15    1.13090E-14    2.12060E-14    3.28580E-14
    5.51650E-14    8.62310E-14    1.27760E-13    1.77800E-13
    2.52660E-13    3.62540E-13    5.13980E-13    6.82890E-13
    8.74810E-13    1.19140E-12    1.60860E-12    2.04690E-12
    2.57610E-12    3.49640E-12    4.49800E-12    5.53560E-12
    6.79630E-12    8.57200E-12    1.07000E-11    1.29830E-11
    1.62700E-11    1.96090E-11    2.26680E-11    2.59630E-11
    3.09180E-11    3.49300E-11    3.93300E-11    4.42080E-11
    4.64310E-11    5.11410E-11    5.41080E-11    5.80770E-11
    6.50500E-11    7.21260E-11    8.10640E-11    8.19730E-11
    8.16940E-11    8.30810E-11    8.02400E-11    7.92250E-11
    7.62560E-11    7.84680E-11    8.00410E-11    8.15850E-11
    8.34850E-11    8.37740E-11    8.58700E-11    8.61040E-11
    8.85160E-11    9.08140E-11    9.25220E-11    8.89130E-11
    7.83810E-11    6.85680E-11    5.67970E-11    4.41630E-11
    3.23690E-11    2.32590E-11    1.68350E-11    1.17330E-11
    8.52730E-12    6.38050E-12    4.89830E-12    3.88310E-12
    3.26100E-12    2.85770E-12    2.52100E-12    2.29130E-12
    2.03410E-12    1.81670E-12    1.63950E-12    1.48900E-12
    1.35160E-12    1.25420E-12    1.29100E-12    1.34710E-12
    1.46890E-12    1.58890E-12    1.69890E-12    1.88430E-12
    2.09020E-12    2.38740E-12    2.72940E-12    3.33530E-12
    4.01860E-12    4.58680E-12    5.22120E-12    5.88560E-12
    6.59910E-12    7.25050E-12    7.66370E-12    8.51130E-12
    9.48320E-12    9.96780E-12    1.07230E-11    1.07490E-11
    1.13800E-11    1.17740E-11    1.17430E-11    1.24930E-11
    1.25590E-11    1.23320E-11    1.17820E-11    1.10860E-11
    1.09450E-11    1.11780E-11    1.20830E-11    1.30370E-11
    1.47300E-11    1.64500E-11    1.74030E-11    1.70040E-11
    1.51170E-11    1.33390E-11    1.08440E-11    8.09150E-12
    5.66150E-12    3.71960E-12    2.51940E-12    1.65690E-12
    1.12010E-12    8.23350E-13    6.02700E-13    4.82050E-13
    4.13130E-13    3.62430E-13    3.25750E-13    2.77300E-13
    2.52920E-13    2.30620E-13    2.11260E-13    2.15560E-13
    2.12130E-13    2.21030E-13    2.19270E-13    2.07940E-13
    1.95330E-13    1.65920E-13    1.45210E-13    1.13930E-13
    8.37720E-14    6.20770E-14    4.33370E-14    2.71650E-14
    1.68210E-14    9.54070E-15    5.30930E-15    3.03200E-15
    1.74290E-15    9.98280E-16    5.66220E-16    3.16720E-16
    1.74190E-16    9.39850E-17    4.96560E-17    2.56520E-17
    1.29420E-17    6.36950E-18    3.05540E-18    1.42730E-18
     .00000E+00     .00000E+00     .00000E+00     .00000E+00
     .00000E+00     .00000E+00     .00000E+00     .00000E+00
     .00000E+00     .00000E+00     .00000E+00     .00000E+00
     .00000E+00     .00000E+00     .00000E+00     .00000E+00
     .00000E+00     .00000E+00     .00000E+00     .00000E+00
     .00000E+00     .00000E+00     .00000E+00     .00000E+00
     .00000E+00     .00000E+00     .00000E+00     .00000E+00
     .00000E+00     .00000E+00     .00000E+00     .00000E+00
     .00000E+00     .00000E+00     .00000E+00     .00000E+00
     .00000E+00     .00000E+00     .00000E+00     .00000E+00
     .00000E+00     .00000E+00     .00000E+00     .00000E+00
     .00000E+00     .00000E+00     .00000E+00     .00000E+00
     .00000E+00     .00000E+00     .00000E+00     .00000E+00
     .00000E+00     .00000E+00     .00000E+00     .00000E+00
     .00000E+00     .00000E+00     .00000E+00     .00000E+00
     .00000E+00     .00000E+00     .00000E+00     .00000E+00
     .00000E+00     .00000E+00     .00000E+00     .00000E+00
     .00000E+00     .00000E+00     .00000E+00     .00000E+00
     .00000E+00     .00000E+00     .00000E+00     .00000E+00
     .00000E+00     .00000E+00     .00000E+00     .00000E+00
     .00000E+00     .00000E+00     .00000E+00     .00000E+00
     .00000E+00     .00000E+00     .00000E+00     .00000E+00
     .00000E+00     .00000E+00     .00000E+00     .00000E+00
     .00000E+00     .00000E+00     .00000E+00     .00000E+00
     .00000E+00     .00000E+00     .00000E+00     .00000E+00
     .00000E+00     .00000E+00     .00000E+00     .00000E+00
     .00000E+00     .00000E+00     .00000E+00     .00000E+00
     .00000E+00     .00000E+00     .00000E+00     .00000E+00
     .00000E+00     .00000E+00     .00000E+00     .00000E+00
     .00000E+00     .00000E+00     .00000E+00     .00000E+00
     .00000E+00     .00000E+00     .00000E+00     .00000E+00
     .00000E+00     .00000E+00     .00000E+00     .00000E+00
     .00000E+00     .00000E+00     .00000E+00     .00000E+00
     .00000E+00     .00000E+00     .00000E+00     .00000E+00
     .00000E+00     .00000E+00     .00000E+00     .00000E+00
     .00000E+00     .00000E+00     .00000E+00     .00000E+00
     .00000E+00     .00000E+00     .00000E+00     .00000E+00
     .00000E+00     .00000E+00     .00000E+00     .00000E+00
     .00000E+00     .00000E+00     .00000E+00     .00000E+00
     .00000E+00     .00000E+00     .00000E+00     .00000E+00
     .00000E+00     .00000E+00     .00000E+00     .00000E+00
     .00000E+00     .00000E+00     .00000E+00     .00000E+00
     .00000E+00     .00000E+00     .00000E+00     .00000E+00
     .00000E+00     .00000E+00     .00000E+00     .00000E+00
     .00000E+00     .00000E+00     .00000E+00     .00000E+00
     .00000E+00     .00000E+00     .00000E+00     .00000E+00
     .00000E+00     .00000E+00     .00000E+00     .00000E+00
     .00000E+00     .00000E+00     .00000E+00     .00000E+00
     .00000E+00     .00000E+00     .00000E+00   
*END
