*BEGIN_DATA

     Start of table                = -2.00000E+01     cm-1
     End of table                  =  2.00000E+04     cm-1
     Increment in table            =  1.00000E+01     cm-1
     Number of points in table     =  2003

     Continuum coefficients (cm^3.mol-1 * 1.0E-20)
    1.11090E-01    1.05730E-01    1.01620E-01    1.05730E-01
    1.11090E-01    1.25740E-01    1.34990E-01    1.43270E-01
    1.50650E-01    1.51640E-01    1.50220E-01    1.36770E-01
    1.31150E-01    1.22530E-01    1.12710E-01    1.00700E-01
    8.74950E-02    8.01180E-02    6.99400E-02    6.20340E-02
    5.60510E-02    4.76630E-02    4.24500E-02    3.66900E-02
    3.34410E-02    3.07110E-02    2.52050E-02    2.21130E-02
    1.88800E-02    1.66530E-02    1.46260E-02    1.20650E-02
    1.07090E-02    9.17830E-03    7.72740E-03    6.73020E-03
    5.61640E-03    4.90890E-03    4.14970E-03    3.58230E-03
    3.11240E-03    2.64140E-03    2.31670E-03    2.01560E-03
    1.78290E-03    1.56660E-03    1.39280E-03    1.23380E-03
    1.09320E-03    9.79390E-04    8.82410E-04    7.91730E-04
    7.12960E-04    6.41790E-04    5.80310E-04    5.26470E-04
    4.77620E-04    4.33490E-04    3.93550E-04    3.58870E-04
    3.27230E-04    2.99190E-04    2.73630E-04    2.50130E-04
    2.28760E-04    2.09240E-04    1.91930E-04    1.76180E-04
    1.61880E-04    1.48910E-04    1.37170E-04    1.26470E-04
    1.16710E-04    1.07860E-04    9.97850E-05    9.23500E-05
    8.55390E-05    7.93770E-05    7.37810E-05    6.86770E-05
    6.39930E-05    5.97050E-05    5.57880E-05    5.21960E-05
    4.88990E-05    4.58650E-05    4.30790E-05    4.05260E-05
    3.81820E-05    3.60250E-05    3.40380E-05    3.22030E-05
    3.05110E-05    2.89490E-05    2.75050E-05    2.61700E-05
    2.49330E-05    2.37860E-05    2.27220E-05    2.17360E-05
    2.08190E-05    1.99680E-05    1.91780E-05    1.84420E-05
    1.77600E-05    1.71270E-05    1.65410E-05    1.59970E-05
    1.54950E-05    1.50340E-05    1.46140E-05    1.42300E-05
    1.38830E-05    1.35780E-05    1.33040E-05    1.30690E-05
    1.28760E-05    1.27320E-05    1.26260E-05    1.25560E-05
    1.25440E-05    1.26040E-05    1.27190E-05    1.28830E-05
    1.31640E-05    1.35810E-05    1.41870E-05    1.48660E-05
    1.56690E-05    1.67170E-05    1.81480E-05    2.02680E-05
    2.24560E-05    2.55820E-05    2.91830E-05    3.36120E-05
    3.99960E-05    4.68290E-05    5.50550E-05    6.58970E-05
    7.53600E-05    8.72130E-05    1.00460E-04    1.14960E-04
    1.29430E-04    1.50490E-04    1.69730E-04    1.87110E-04
    2.02860E-04    2.28230E-04    2.67800E-04    2.87660E-04
    3.11640E-04    3.36400E-04    3.68840E-04    3.91590E-04
    3.87120E-04    3.74330E-04    3.45030E-04    3.10030E-04
    2.80270E-04    2.52530E-04    2.34080E-04    2.28360E-04
    2.44420E-04    2.75210E-04    2.90480E-04    3.04890E-04
    3.26460E-04    3.38800E-04    3.34920E-04    3.09870E-04
    2.94820E-04    2.87110E-04    2.60680E-04    2.26830E-04
    1.99960E-04    1.77880E-04    1.61010E-04    1.39110E-04
    1.20130E-04    1.05440E-04    9.42240E-05    8.12560E-05
    7.36670E-05    6.22330E-05    5.59060E-05    5.16190E-05
    4.51400E-05    4.02730E-05    3.32680E-05    3.02580E-05
    2.64400E-05    2.31030E-05    2.07490E-05    1.82580E-05
    1.64590E-05    1.40970E-05    1.20520E-05    1.07590E-05
    9.14000E-06    8.14320E-06    7.14600E-06    6.40060E-06
    5.69950E-06    4.93720E-06    4.44550E-06    3.90330E-06
    3.47400E-06    3.12690E-06    2.80590E-06    2.55580E-06
    2.29190E-06    2.08460E-06    1.89830E-06    1.73290E-06
    1.59290E-06    1.46310E-06    1.35130E-06    1.24610E-06
    1.15190E-06    1.06820E-06    9.92560E-07    9.25050E-07
    8.63670E-07    8.08570E-07    7.56740E-07    7.09340E-07
    6.65800E-07    6.25800E-07    5.88530E-07    5.53330E-07
    5.21430E-07    4.91690E-07    4.64310E-07    4.38980E-07
    4.15640E-07    3.94050E-07    3.74030E-07    3.55440E-07
    3.38190E-07    3.22120E-07    3.07140E-07    2.93130E-07
    2.80030E-07    2.67770E-07    2.56280E-07    2.45510E-07
    2.35400E-07    2.25910E-07    2.17010E-07    2.08660E-07
    2.00820E-07    1.93490E-07    1.86650E-07    1.80270E-07
    1.74390E-07    1.68940E-07    1.64000E-07    1.59530E-07
    1.55570E-07    1.51950E-07    1.48880E-07    1.46030E-07
    1.43370E-07    1.40930E-07    1.38280E-07    1.35690E-07
    1.32700E-07    1.29840E-07    1.27140E-07    1.25410E-07
    1.23990E-07    1.21020E-07    1.18780E-07    1.17280E-07
    1.16440E-07    1.14910E-07    1.13050E-07    1.12350E-07
    1.12280E-07    1.12240E-07    1.11910E-07    1.11510E-07
    1.10980E-07    1.10680E-07    1.11090E-07    1.12130E-07
    1.14310E-07    1.18260E-07    1.23220E-07    1.30250E-07
    1.40660E-07    1.56570E-07    1.72140E-07    1.94490E-07
    2.26620E-07    2.69530E-07    3.17230E-07    3.70280E-07
    4.44820E-07    5.38520E-07    6.26390E-07    7.21750E-07
    7.76260E-07    8.72480E-07    9.67590E-07    1.01020E-06
    1.06200E-06    1.12010E-06    1.21070E-06    1.29980E-06
    1.31300E-06    1.28560E-06    1.23500E-06    1.14890E-06
    1.08190E-06    1.01200E-06    9.47950E-07    9.28580E-07
    9.80600E-07    1.09990E-06    1.19670E-06    1.26720E-06
    1.34180E-06    1.38640E-06    1.43300E-06    1.45920E-06
    1.45980E-06    1.47740E-06    1.47260E-06    1.48200E-06
    1.50500E-06    1.49840E-06    1.51810E-06    1.58880E-06
    1.68500E-06    1.76900E-06    1.92770E-06    2.11070E-06
    2.30680E-06    2.53470E-06    2.80690E-06    3.13450E-06
    3.58220E-06    3.90510E-06    4.34220E-06    4.87040E-06
    5.53510E-06    6.34540E-06    7.26900E-06    8.29740E-06
    9.76090E-06    1.12370E-05    1.31870E-05    1.55480E-05
    1.87840E-05    2.16940E-05    2.54870E-05    3.00920E-05
    3.53850E-05    4.27640E-05    4.93130E-05    5.58000E-05
    6.29680E-05    7.10600E-05    7.76990E-05    8.72160E-05
    8.93350E-05    9.21510E-05    9.27790E-05    9.46430E-05
    9.79780E-05    1.00080E-04    1.07020E-04    1.10260E-04
    1.08280E-04    1.05500E-04    1.04320E-04    1.04280E-04
    9.89800E-05    9.49920E-05    9.51590E-05    1.00580E-04
    1.07380E-04    1.15500E-04    1.12290E-04    1.05960E-04
    1.00620E-04    9.17420E-05    8.44920E-05    6.80990E-05
    5.62950E-05    4.65020E-05    3.80710E-05    3.07210E-05
    2.32970E-05    1.86880E-05    1.48300E-05    1.20490E-05
    9.67540E-06    7.91920E-06    6.66730E-06    5.64680E-06
    4.89040E-06    4.22890E-06    3.68800E-06    3.23960E-06
    2.85250E-06    2.53630E-06    2.24310E-06    1.99490E-06
    1.79310E-06    1.61640E-06    1.44310E-06    1.29970E-06
    1.15590E-06    1.04040E-06    9.43000E-07    8.45970E-07
    7.61330E-07    6.86230E-07    6.21370E-07    5.63450E-07
    5.10760E-07    4.62460E-07    4.19060E-07    3.80630E-07
    3.46100E-07    3.15540E-07    2.87950E-07    2.62520E-07
    2.39670E-07    2.19010E-07    2.00520E-07    1.83840E-07
    1.68470E-07    1.54590E-07    1.42040E-07    1.30680E-07
    1.20360E-07    1.10950E-07    1.02370E-07    9.45920E-08
    8.75300E-08    8.11210E-08    7.52820E-08    6.99850E-08
    6.51890E-08    6.08740E-08    5.69890E-08    5.35300E-08
    5.04180E-08    4.77450E-08    4.53670E-08    4.32530E-08
    4.13090E-08    3.96950E-08    3.80940E-08    3.64820E-08
    3.48970E-08    3.35000E-08    3.23020E-08    3.08540E-08
    2.96980E-08    2.85670E-08    2.76000E-08    2.67460E-08
    2.59820E-08    2.55100E-08    2.51210E-08    2.49220E-08
    2.49090E-08    2.50130E-08    2.52160E-08    2.55890E-08
    2.60490E-08    2.64510E-08    2.69780E-08    2.76870E-08
    2.86000E-08    2.96430E-08    3.07010E-08    3.20580E-08
    3.36950E-08    3.55580E-08    3.76340E-08    3.98750E-08
    4.24580E-08    4.54800E-08    4.88580E-08    5.25990E-08
    5.70300E-08    6.20670E-08    6.79110E-08    7.45790E-08
    8.19020E-08    8.99780E-08    9.98700E-08    1.11020E-07
    1.23430E-07    1.37320E-07    1.53940E-07    1.73180E-07
    1.93830E-07    2.18190E-07    2.46660E-07    2.81090E-07
    3.22360E-07    3.77600E-07    4.44170E-07    5.24220E-07
    6.19410E-07    7.48970E-07    9.20410E-07    1.15740E-06
    1.41260E-06    1.71970E-06    2.13990E-06    2.62660E-06
    3.34240E-06    3.84180E-06    4.51400E-06    5.06530E-06
    5.84850E-06    6.58560E-06    6.89370E-06    6.91210E-06
    6.90050E-06    6.98610E-06    6.82000E-06    6.60890E-06
    6.58090E-06    7.34960E-06    8.03110E-06    8.31860E-06
    8.42600E-06    9.06440E-06    9.49650E-06    9.49090E-06
    9.01600E-06    9.14940E-06    9.36290E-06    9.59440E-06
    9.54590E-06    8.99190E-06    8.60400E-06    7.86130E-06
    7.15670E-06    6.26770E-06    5.18990E-06    4.41880E-06
    3.71670E-06    3.06360E-06    2.55730E-06    2.03170E-06
    1.63710E-06    1.32570E-06    1.09280E-06    8.99860E-07
    7.46530E-07    6.11110E-07    5.13950E-07    4.35000E-07
    3.75840E-07    3.26330E-07    2.84130E-07    2.47230E-07
    2.17090E-07    1.92940E-07    1.72580E-07    1.54920E-07
    1.38200E-07    1.23890E-07    1.11890E-07    1.00460E-07
    9.08320E-08    8.27640E-08    7.41910E-08    6.70850E-08
    6.07080E-08    5.49630E-08    4.98510E-08    4.50440E-08
    4.09160E-08    3.72200E-08    3.36780E-08    3.06630E-08
    2.79790E-08    2.54950E-08    2.32860E-08    2.12330E-08
    1.94090E-08    1.77700E-08    1.62600E-08    1.48850E-08
    1.36740E-08    1.25430E-08    1.15510E-08    1.06550E-08
    9.85850E-09    9.13980E-09    8.48060E-09    7.88990E-09
    7.35470E-09    6.86700E-09    6.41310E-09    5.99300E-09
    5.60960E-09    5.25920E-09    4.93520E-09    4.63540E-09
    4.37220E-09    4.12500E-09    3.90810E-09    3.71180E-09
    3.53720E-09    3.38620E-09    3.24990E-09    3.13240E-09
    3.03130E-09    2.94380E-09    2.86860E-09    2.80500E-09
    2.75450E-09    2.71490E-09    2.69070E-09    2.67240E-09
    2.66490E-09    2.66420E-09    2.67250E-09    2.68710E-09
    2.70560E-09    2.73570E-09    2.77810E-09    2.83580E-09
    2.90670E-09    2.99520E-09    3.10200E-09    3.22530E-09
    3.36470E-09    3.52320E-09    3.70370E-09    3.90760E-09
    4.13850E-09    4.39270E-09    4.68610E-09    5.02380E-09
    5.40270E-09    5.83030E-09    6.32080E-09    6.88780E-09
    7.54190E-09    8.31300E-09    9.19520E-09    1.02280E-08
    1.13860E-08    1.27920E-08    1.45210E-08    1.64370E-08
    1.86740E-08    2.11600E-08    2.45060E-08    2.81130E-08
    3.26360E-08    3.73550E-08    4.22340E-08    4.92820E-08
    5.73580E-08    6.67430E-08    7.88210E-08    9.42640E-08
    1.15420E-07    1.36840E-07    1.63370E-07    2.00560E-07
    2.32520E-07    2.61270E-07    2.92110E-07    3.38040E-07
    3.73970E-07    3.82050E-07    3.88100E-07    3.94990E-07
    3.95080E-07    3.76520E-07    3.58590E-07    3.61980E-07
    3.78710E-07    4.09250E-07    4.27170E-07    4.82410E-07
    5.20080E-07    5.65300E-07    5.95310E-07    6.19940E-07
    6.50800E-07    6.63550E-07    6.91930E-07    6.99300E-07
    7.30580E-07    7.46780E-07    7.91930E-07    8.36270E-07
    9.12670E-07    1.00210E-06    1.12180E-06    1.28990E-06
    1.44470E-06    1.72680E-06    2.00250E-06    2.31390E-06
    2.55990E-06    2.89200E-06    3.30590E-06    3.54250E-06
    3.95220E-06    4.05510E-06    4.28180E-06    4.28920E-06
    4.42100E-06    4.56140E-06    4.67390E-06    4.94820E-06
    5.11180E-06    5.09860E-06    4.94170E-06    4.90220E-06
    4.84490E-06    4.86940E-06    4.81110E-06    4.93780E-06
    5.32310E-06    5.73620E-06    6.23500E-06    6.09510E-06
    5.72810E-06    5.45850E-06    4.90320E-06    4.30090E-06
    3.47760E-06    2.81080E-06    2.29930E-06    1.79990E-06
    1.38700E-06    1.07500E-06    8.51910E-07    6.79510E-07
    5.53360E-07    4.64390E-07    4.02430E-07    3.53680E-07
    3.14270E-07    2.77750E-07    2.44860E-07    2.17880E-07
    1.92490E-07    1.71620E-07    1.51150E-07    1.34780E-07
    1.22360E-07    1.11390E-07    1.00920E-07    9.07950E-08
    8.22140E-08    7.46910E-08    6.74860E-08    6.04140E-08
    5.45840E-08    4.87540E-08    4.35010E-08    3.87670E-08
    3.43630E-08    3.07030E-08    2.75620E-08    2.48310E-08
    2.22410E-08    1.99390E-08    1.80490E-08    1.63680E-08
    1.48630E-08    1.34600E-08    1.22120E-08    1.11550E-08
    1.01850E-08    9.34170E-09    8.56710E-09    7.82920E-09
    7.17490E-09    6.58560E-09    6.05880E-09    5.58350E-09
    5.13500E-09    4.73950E-09    4.37710E-09    4.04760E-09
    3.75600E-09    3.48610E-09    3.24270E-09    3.02400E-09
    2.82780E-09    2.65310E-09    2.49370E-09    2.35110E-09
    2.22450E-09    2.11330E-09    2.01590E-09    1.93300E-09
    1.86690E-09    1.81520E-09    1.78520E-09    1.77520E-09
    1.78230E-09    1.81940E-09    1.88660E-09    1.97590E-09
    2.07360E-09    2.20830E-09    2.35870E-09    2.49840E-09
    2.63330E-09    2.81600E-09    3.07590E-09    3.37200E-09
    3.64570E-09    4.06680E-09    4.45410E-09    4.79760E-09
    5.09080E-09    5.48110E-09    6.13940E-09    6.36690E-09
    6.57140E-09    6.83840E-09    7.19180E-09    7.37410E-09
    7.20790E-09    7.21720E-09    7.25720E-09    7.39120E-09
    7.61880E-09    8.32910E-09    8.78850E-09    9.24120E-09
    1.00210E-08    1.07520E-08    1.15460E-08    1.16070E-08
    1.19490E-08    1.23460E-08    1.25160E-08    1.28260E-08
    1.30530E-08    1.35560E-08    1.42210E-08    1.52010E-08
    1.66610E-08    1.83850E-08    2.05850E-08    2.36740E-08
    2.79280E-08    3.39010E-08    4.10170E-08    4.95950E-08
    6.04320E-08    7.63040E-08    9.07640E-08    1.07980E-07
    1.24420E-07    1.44040E-07    1.63310E-07    1.83390E-07
    2.04450E-07    2.22880E-07    2.30830E-07    2.31960E-07
    2.39190E-07    2.33390E-07    2.35020E-07    2.34440E-07
    2.63950E-07    2.99280E-07    3.00250E-07    3.04960E-07
    3.17770E-07    3.41980E-07    3.47390E-07    3.26960E-07
    3.41000E-07    3.54050E-07    3.77740E-07    3.82850E-07
    3.67970E-07    3.58000E-07    3.22830E-07    2.93610E-07
    2.48810E-07    2.05990E-07    1.71210E-07    1.36410E-07
    1.11110E-07    8.94130E-08    7.34550E-08    6.20780E-08
    5.25380E-08    4.53250E-08    3.90050E-08    3.47720E-08
    3.12030E-08    2.81320E-08    2.52500E-08    2.23710E-08
    2.01310E-08    1.79920E-08    1.60760E-08    1.42220E-08
    1.24900E-08    1.14010E-08    1.02490E-08    9.22790E-09
    8.56540E-09    7.62270E-09    6.96480E-09    6.24660E-09
    5.72520E-09    5.38000E-09    4.69600E-09    4.21940E-09
    3.77460E-09    3.38130E-09    3.06560E-09    2.68850E-09
    2.43110E-09    2.15720E-09    1.88920E-09    1.70380E-09
    1.49140E-09    1.32770E-09    1.16940E-09    1.03910E-09
    9.27790E-10    8.31230E-10    7.49680E-10    6.83850E-10
    6.29150E-10    5.77840E-10    5.28380E-10    4.83820E-10
    4.45430E-10    4.11550E-10    3.71580E-10    3.37310E-10
    3.09690E-10    2.85350E-10    2.64160E-10    2.45830E-10
    2.28780E-10    2.13790E-10    2.00730E-10    1.89070E-10
    1.78660E-10    1.69360E-10    1.61190E-10    1.54240E-10
    1.48470E-10    1.44010E-10    1.40680E-10    1.39370E-10
    1.39430E-10    1.42810E-10    1.47660E-10    1.57010E-10
    1.70790E-10    1.86910E-10    2.00810E-10    2.17400E-10
    2.48470E-10    2.64630E-10    2.70870E-10    2.73130E-10
    2.83520E-10    2.95110E-10    2.80580E-10    2.72270E-10
    2.73560E-10    2.80120E-10    2.80340E-10    2.90310E-10
    3.10300E-10    3.37450E-10    3.81520E-10    4.06220E-10
    4.26730E-10    4.38790E-10    4.54880E-10    4.71790E-10
    4.61400E-10    4.63390E-10    4.67160E-10    4.70240E-10
    4.79310E-10    4.85030E-10    4.95890E-10    4.94990E-10
    5.03630E-10    5.31840E-10    5.64510E-10    6.09320E-10
    6.64690E-10    7.40760E-10    8.36050E-10    9.48980E-10
    1.09350E-09    1.25930E-09    1.49130E-09    1.80990E-09
    2.18420E-09    2.72840E-09    3.21590E-09    3.74260E-09
    4.52260E-09    5.35120E-09    6.17870E-09    6.82370E-09
    7.94210E-09    9.00020E-09    9.68410E-09    9.95580E-09
    1.02320E-08    1.05910E-08    1.06570E-08    1.04410E-08
    1.07190E-08    1.15260E-08    1.29620E-08    1.43360E-08
    1.61500E-08    1.84170E-08    2.07250E-08    2.34260E-08
    2.56190E-08    2.78280E-08    3.05630E-08    3.34380E-08
    3.63170E-08    4.04000E-08    4.45560E-08    5.03970E-08
    5.33150E-08    5.91850E-08    6.53110E-08    6.91880E-08
    7.77280E-08    7.97890E-08    8.65980E-08    8.77680E-08
    9.17730E-08    9.75330E-08    1.00070E-07    1.06500E-07
    1.09920E-07    1.08640E-07    1.04940E-07    1.03030E-07
    1.00310E-07    1.04360E-07    1.05370E-07    1.11840E-07
    1.23640E-07    1.36510E-07    1.48810E-07    1.47230E-07
    1.41180E-07    1.33710E-07    1.19020E-07    1.00070E-07
    7.96280E-08    6.43620E-08    5.02430E-08    3.81330E-08
    2.94000E-08    2.34430E-08    1.93190E-08    1.61960E-08
    1.42210E-08    1.28170E-08    1.18630E-08    1.13830E-08
    1.12210E-08    1.15740E-08    1.16610E-08    1.21570E-08
    1.28830E-08    1.32950E-08    1.42430E-08    1.42400E-08
    1.46140E-08    1.45290E-08    1.46850E-08    1.49740E-08
    1.47900E-08    1.48900E-08    1.47040E-08    1.41420E-08
    1.33740E-08    1.27460E-08    1.21720E-08    1.23360E-08
    1.25460E-08    1.30650E-08    1.40900E-08    1.52150E-08
    1.65400E-08    1.61440E-08    1.52820E-08    1.43580E-08
    1.28490E-08    1.09980E-08    8.69560E-09    7.08810E-09
    5.57670E-09    4.27920E-09    3.22330E-09    2.50200E-09
    1.99850E-09    1.58340E-09    1.30150E-09    1.09480E-09
    9.41410E-10    8.14650E-10    7.15170E-10    6.29060E-10
    5.57560E-10    4.98050E-10    4.39610E-10    3.91810E-10
    3.52270E-10    3.16700E-10    2.86670E-10    2.57450E-10
    2.32120E-10    2.09480E-10    1.89700E-10    1.72390E-10
    1.56590E-10    1.43010E-10    1.31040E-10    1.20310E-10
    1.10950E-10    1.02620E-10    9.51300E-11    8.85950E-11
    8.28420E-11    7.77270E-11    7.31990E-11    6.92860E-11
    6.59940E-11    6.33160E-11    6.12440E-11    5.96690E-11
    5.88430E-11    5.88320E-11    5.95470E-11    6.16350E-11
    6.49260E-11    7.07450E-11    7.88020E-11    8.67240E-11
    1.00520E-10    1.15750E-10    1.36260E-10    1.51260E-10
    1.67510E-10    1.92390E-10    2.17480E-10    2.26540E-10
    2.29020E-10    2.32400E-10    2.40810E-10    2.39300E-10
    2.23780E-10    2.24760E-10    2.27910E-10    2.40470E-10
    2.53050E-10    2.80730E-10    3.17410E-10    3.65920E-10
    4.14950E-10    4.65650E-10    5.09900E-10    5.56070E-10
    6.19280E-10    6.67790E-10    7.33500E-10    8.14340E-10
    8.96350E-10    9.96780E-10    1.12560E-09    1.29990E-09
    1.48880E-09    1.76420E-09    1.96060E-09    2.20660E-09
    2.46010E-09    2.72180E-09    3.03750E-09    3.15910E-09
    3.28520E-09    3.24640E-09    3.30460E-09    3.27100E-09
    3.26010E-09    3.33980E-09    3.74460E-09    4.07950E-09
    4.02840E-09    4.05840E-09    4.16770E-09    4.53580E-09
    4.40970E-09    4.27440E-09    4.54490E-09    4.81470E-09
    5.26560E-09    5.24760E-09    5.02750E-09    4.79680E-09
    4.36540E-09    3.95300E-09    3.24470E-09    2.64890E-09
    2.17950E-09    1.78800E-09    1.43090E-09    1.12560E-09
    9.19030E-10    7.65330E-10    6.39890E-10    5.54960E-10
    4.95810E-10    4.57220E-10    4.38980E-10    4.35050E-10
    4.36710E-10    4.53290E-10    4.68270E-10    4.93940E-10
    5.11220E-10    5.16490E-10    5.09650E-10    4.95510E-10
    4.89280E-10    4.79470E-10    4.79890E-10    4.90710E-10
    4.88670E-10    4.72600E-10    4.57560E-10    4.54000E-10
    4.59930E-10    4.40420E-10    4.33090E-10    4.41820E-10
    4.67350E-10    5.03780E-10    5.22040E-10    5.01660E-10
    4.67990E-10    4.31190E-10    3.88030E-10    3.32910E-10
    2.62890E-10    2.10290E-10    1.70110E-10    1.33450E-10
    1.02240E-10    7.82070E-11    6.24510E-11    5.04810E-11
    4.15070E-11    3.54190E-11    3.05820E-11    2.69000E-11
    2.37780E-11    2.13430E-11    1.91820E-11    1.71620E-11
    1.53910E-11    1.38770E-11    1.26190E-11    1.14500E-11
    1.04610E-11    9.65780E-12    8.95790E-12    8.34630E-12
    7.81270E-12    7.33220E-12    6.94140E-12    6.60370E-12
    6.32850E-12    6.10950E-12    5.93870E-12    5.81180E-12
    5.72600E-12    5.67940E-12    5.67110E-12    5.70030E-12
    5.76700E-12    5.87170E-12    6.01510E-12    6.19840E-12
    6.42320E-12    6.69180E-12    7.00650E-12    7.37050E-12
    7.78730E-12    8.26120E-12    8.79720E-12    9.40090E-12
    1.00790E-11    1.08400E-11    1.16920E-11    1.26480E-11
    1.37230E-11    1.49350E-11    1.63130E-11    1.79050E-11
    1.97400E-11    2.18980E-11    2.44190E-11    2.74260E-11
    3.08690E-11    3.42350E-11    3.78410E-11    4.19290E-11
    4.67760E-11    5.21230E-11    5.84970E-11    6.52940E-11
    7.40380E-11    8.47930E-11    9.64530E-11    1.12230E-10
    1.27860E-10    1.48820E-10    1.77990E-10    2.07660E-10
    2.45230E-10    2.85910E-10    3.33860E-10    4.05310E-10
    4.76630E-10    5.48580E-10    6.33770E-10    7.16880E-10
    8.41840E-10    9.51440E-10    1.04810E-09    1.13560E-09
    1.23390E-09    1.33960E-09    1.43750E-09    1.58310E-09
    1.73230E-09    1.96710E-09    2.29760E-09    2.66790E-09
    3.07770E-09    3.43210E-09    3.81920E-09    4.27110E-09
    4.49030E-09    4.89310E-09    5.22530E-09    5.40400E-09
    5.63870E-09    5.67040E-09    6.03450E-09    6.10790E-09
    6.25760E-09    6.40390E-09    6.37760E-09    6.18780E-09
    5.86160E-09    5.70360E-09    5.58400E-09    5.69050E-09
    5.89310E-09    6.24780E-09    6.82910E-09    7.45280E-09
    7.60780E-09    7.38980E-09    6.75730E-09    5.98270E-09
    5.09270E-09    4.00990E-09    3.19330E-09    2.42960E-09
    1.84850E-09    1.45950E-09    1.20170E-09    1.01640E-09
    8.74330E-10    7.71080E-10    7.00490E-10    6.52910E-10
    6.14770E-10    5.92540E-10    5.81500E-10    5.75910E-10
    5.84900E-10    5.85870E-10    5.96360E-10    6.24080E-10
    6.54790E-10    7.04800E-10    7.23130E-10    7.55240E-10
    8.08630E-10    8.33860E-10    9.23420E-10    9.67540E-10
    1.02930E-09    1.08950E-09    1.13300E-09    1.22100E-09
    1.24130E-09    1.26130E-09    1.26710E-09    1.22250E-09
    1.16090E-09    1.09910E-09    1.06000E-09    1.05700E-09
    1.08180E-09    1.14210E-09    1.22700E-09    1.33700E-09
    1.47420E-09    1.49460E-09    1.43220E-09    1.32100E-09
    1.17490E-09    1.00510E-09    7.83870E-10    6.18440E-10
    4.62880E-10    3.41640E-10    2.54120E-10    1.98570E-10
    1.58760E-10    1.29660E-10    1.09200E-10    9.48110E-11
    8.37330E-11    7.39060E-11    6.72590E-11    6.11460E-11
    5.71190E-11    5.35460E-11    4.86250E-11    4.47490E-11
    4.10890E-11    3.78250E-11    3.44650E-11    3.10180E-11
    2.81090E-11    2.56100E-11    2.28590E-11    2.04900E-11
    1.81330E-11    1.58350E-11    1.39490E-11    1.22950E-11
    1.07990E-11    9.65440E-12    8.75970E-12    7.99900E-12
    7.39730E-12    6.90350E-12    6.49350E-12    6.11950E-12
    5.82350E-12    5.59280E-12    5.41910E-12    5.29930E-12
    5.23380E-12    5.22720E-12    5.29230E-12    5.42520E-12
    5.65230E-12    5.94330E-12    6.31970E-12    6.90160E-12
    7.50160E-12    8.28850E-12    9.40500E-12    1.06050E-11
    1.22570E-11    1.36220E-11    1.53530E-11    1.75430E-11
    1.98090E-11    2.21970E-11    2.40650E-11    2.67770E-11
    2.97510E-11    3.25430E-11    3.55360E-11    3.99420E-11
    4.62830E-11    5.45560E-11    6.54900E-11    7.68030E-11
    9.00530E-11    1.08520E-10    1.29460E-10    1.49160E-10
    1.77480E-10    2.00730E-10    2.24850E-10    2.51140E-10
    2.77150E-10    3.13190E-10    3.33050E-10    3.50590E-10
    3.57460E-10    3.63110E-10    3.73440E-10    3.65740E-10
    3.75390E-10    3.94340E-10    4.35100E-10    4.33400E-10
    4.25880E-10    4.39770E-10    4.60620E-10    4.76870E-10
    4.64570E-10    4.85780E-10    5.23440E-10    5.67520E-10
    5.87020E-10    5.66030E-10    5.37840E-10    4.91810E-10
    4.32720E-10    3.56810E-10    2.88140E-10    2.33200E-10
    1.86310E-10    1.45870E-10    1.17820E-10    9.81320E-11
    8.25280E-11    6.91740E-11    6.10560E-11    5.34590E-11
    4.71160E-11    4.18780E-11    3.81250E-11    3.63470E-11
    3.50710E-11    3.38970E-11    3.35410E-11    3.35630E-11
    3.54690E-11    3.81110E-11    3.86750E-11    4.13330E-11
    4.34750E-11    4.64760E-11    4.97610E-11    5.13800E-11
    5.41350E-11    5.38020E-11    5.51580E-11    5.68640E-11
    5.93110E-11    6.38270E-11    6.78930E-11    6.82300E-11
    6.66940E-11    6.60180E-11    6.48630E-11    6.58930E-11
    6.38130E-11    6.47410E-11    6.86300E-11    7.02550E-11
    7.06670E-11    6.88100E-11    6.41040E-11    5.81360E-11
    4.72420E-11    3.76250E-11    3.17420E-11    2.55810E-11
    1.88240E-11    1.33030E-11    9.69190E-12    7.53530E-12
    6.09860E-12    5.07420E-12    4.30940E-12    3.71900E-12
    3.25200E-12    2.87560E-12    2.56800E-12    2.31390E-12
    2.10250E-12    1.92570E-12    1.77770E-12    1.65390E-12
    1.55080E-12    1.46570E-12    1.39660E-12    1.34170E-12
    1.29980E-12    1.27000E-12    1.25140E-12    1.24370E-12
    1.24630E-12    1.25920E-12    1.28230E-12    1.31570E-12
    1.35960E-12    1.41440E-12    1.48060E-12    1.55880E-12
    1.64970E-12    1.75440E-12    1.87380E-12    2.00940E-12
    2.16260E-12    2.33540E-12    2.52970E-12    2.74830E-12
    2.99410E-12    3.27080E-12    3.58330E-12    3.93740E-12
    4.34150E-12    4.80790E-12    5.36020E-12    5.98160E-12
    6.74360E-12    7.63680E-12    8.68120E-12    9.87470E-12
    1.13500E-11    1.31810E-11    1.54060E-11    1.78680E-11
    2.06510E-11    2.45040E-11    2.91840E-11    3.41590E-11
    3.99790E-11    4.87040E-11    5.78560E-11    6.75760E-11
    7.91030E-11    9.43700E-11    1.12240E-10    1.31120E-10
    1.56740E-10    1.82060E-10    2.05760E-10    2.31870E-10
    2.70050E-10    3.00550E-10    3.34230E-10    3.69560E-10
    3.87370E-10    4.26300E-10    4.51540E-10    4.83830E-10
    5.35820E-10    5.81090E-10    6.37410E-10    6.38740E-10
    6.38700E-10    6.58180E-10    6.50560E-10    6.52910E-10
    6.31590E-10    6.39840E-10    6.45490E-10    6.54440E-10
    6.70350E-10    6.76650E-10    6.91240E-10    6.84510E-10
    6.92550E-10    6.99230E-10    7.03960E-10    6.77150E-10
    6.03710E-10    5.37740E-10    4.60430E-10    3.76350E-10
    2.94840E-10    2.29680E-10    1.81850E-10    1.41910E-10
    1.14710E-10    9.47900E-11    7.96130E-11    6.79890E-11
    5.93910E-11    5.28100E-11    4.71360E-11    4.26180E-11
    3.83130E-11    3.46860E-11    3.16690E-11    2.91100E-11
    2.68710E-11    2.50740E-11    2.43680E-11    2.39250E-11
    2.40670E-11    2.43360E-11    2.47040E-11    2.58230E-11
    2.71770E-11    2.92270E-11    3.15930E-11    3.57300E-11
    4.02210E-11    4.39940E-11    4.84480E-11    5.31910E-11
    5.85520E-11    6.34580E-11    6.63350E-11    7.24570E-11
    7.90910E-11    8.22340E-11    8.76680E-11    8.79510E-11
    9.29520E-11    9.61570E-11    9.59260E-11    1.01200E-10
    1.01150E-10    9.95770E-11    9.66330E-11    9.28910E-11
    9.33150E-11    9.55840E-11    1.00640E-10    1.05090E-10
    1.14550E-10    1.24430E-10    1.29630E-10    1.26320E-10
    1.13080E-10    1.01860E-10    8.58800E-11    6.78630E-11
    5.15210E-11    3.77800E-11    2.88420E-11    2.20520E-11
    1.74020E-11    1.44060E-11    1.19340E-11    1.02230E-11
    8.95440E-12    7.90880E-12    7.06750E-12    6.22220E-12
    5.60510E-12    5.05020E-12    4.55780E-12    4.26360E-12
    3.94610E-12    3.75990E-12    3.52150E-12    3.24670E-12
    3.00180E-12    2.65580E-12    2.39280E-12    2.07070E-12
    1.75750E-12    1.51140E-12    1.29410E-12    1.10040E-12
    9.51750E-13    8.28940E-13    7.32530E-13    6.55510E-13
    5.90980E-13    5.35480E-13    4.86970E-13    4.44130E-13
    4.06000E-13    3.71880E-13    3.41210E-13    3.13560E-13
    2.88560E-13    2.65900E-13    2.45330E-13    2.26630E-13
    2.09600E-13    1.94070E-13    1.79900E-13    1.66950E-13
    1.55120E-13    1.44290E-13    1.34370E-13    1.25270E-13
    1.16930E-13    1.09270E-13    1.02240E-13    9.57670E-14
    8.98160E-14    8.43350E-14    7.92850E-14    7.46260E-14
    7.03250E-14    6.63520E-14    6.26760E-14    5.92740E-14
    5.61210E-14    5.31950E-14    5.04790E-14    4.79530E-14
    4.56020E-14    4.34110E-14    4.13670E-14    3.94560E-14
    3.76700E-14    3.59960E-14    3.44270E-14    3.29520E-14
    3.15660E-14    3.02610E-14    2.90300E-14    2.78680E-14
    2.67700E-14    2.57300E-14    2.47450E-14    2.38090E-14
    2.29210E-14    2.20760E-14    2.12710E-14    2.05040E-14
    1.97720E-14    1.90730E-14    1.84040E-14    1.77640E-14
    1.71510E-14    1.65640E-14    1.60000E-14    1.54590E-14
    1.49390E-14    1.44390E-14    1.39580E-14    1.34950E-14
    1.30490E-14    1.26200E-14    1.22060E-14    1.18070E-14
    1.14220E-14    1.10500E-14    1.06910E-14    1.03450E-14
    1.00100E-14    9.68700E-15    9.37470E-15    9.07270E-15
    8.78080E-15    8.49860E-15    8.22570E-15    7.96170E-15
    7.70640E-15    7.45940E-15    7.22040E-15    6.98910E-15
    6.76530E-15    6.54880E-15    6.33920E-15    6.13630E-15
    5.93990E-15    5.74990E-15    5.56590E-15    5.38780E-15
    5.21530E-15    5.04840E-15    4.88680E-15    4.73030E-15
    4.57880E-15    4.43220E-15    4.29020E-15    4.15270E-15
    4.01960E-15    3.89070E-15    3.76590E-15    3.64510E-15
    3.52810E-15    3.41490E-15    3.30520E-15    3.19910E-15
    3.09630E-15    2.99670E-15    2.90040E-15    2.80710E-15
    2.71670E-15    2.62930E-15    2.54460E-15    2.46260E-15
    2.38330E-15    2.30640E-15    2.23200E-15    2.16000E-15
    2.09030E-15    2.02280E-15    1.95740E-15    1.89420E-15
    1.83290E-15    1.77360E-15    1.71630E-15    1.66070E-15
    1.60690E-15    1.55480E-15    1.50440E-15    1.45570E-15
    1.40840E-15    1.36270E-15    1.31850E-15    1.27570E-15
    1.23420E-15    1.19410E-15    1.15520E-15    1.11770E-15
    1.08130E-15    1.04610E-15    1.01200E-15    9.79000E-16
    9.47070E-16    9.16180E-16    8.86280E-16    8.57340E-16
    8.29330E-16    8.02230E-16    7.76000E-16    7.50620E-16
    7.26060E-16    7.02290E-16    6.79290E-16    6.57030E-16
    6.35500E-16    6.14660E-16    5.94490E-16    5.74980E-16
    5.56100E-16    5.37830E-16    5.20150E-16    5.03050E-16
    4.86500E-16    4.70490E-16    4.55000E-16    4.40020E-16
    4.25520E-16    4.11490E-16    3.97920E-16    3.84790E-16
    3.72090E-16    3.59810E-16    3.47920E-16    3.36420E-16
    3.25300E-16    3.14540E-16    3.04130E-16    2.94060E-16
    2.84320E-16    2.74900E-16    2.65790E-16    2.56970E-16
    2.48450E-16    2.40200E-16    2.32230E-16    2.24510E-16
    2.17050E-16    2.09840E-16    2.02860E-16    1.96110E-16
    1.89580E-16    1.83270E-16    1.77160E-16    1.71260E-16
    1.65550E-16    1.60030E-16    1.54690E-16    1.49520E-16
    1.44530E-16    1.39700E-16    1.35030E-16   
*END
