*BEGIN_DATA

     Start of table                = -2.00000E+01     cm-1
     End of table                  =  2.00000E+04     cm-1
     Increment in table            =  1.00000E+01     cm-1
     Number of points in table     =  2003

     Continuum coefficients (cm^3.mol-1 * 1.0E-20)
    1.77500E-01    1.70450E-01    1.64570E-01    1.70450E-01
    1.77500E-01    2.00360E-01    2.13470E-01    2.24540E-01
    2.34280E-01    2.33990E-01    2.30220E-01    2.07240E-01
    1.97120E-01    1.83170E-01    1.67240E-01    1.47800E-01
    1.27570E-01    1.16260E-01    1.00980E-01    8.90330E-02
    7.97700E-02    6.74160E-02    5.95880E-02    5.11170E-02
    4.62180E-02    4.21790E-02    3.43720E-02    2.98630E-02
    2.52520E-02    2.20750E-02    1.92090E-02    1.58160E-02
    1.39320E-02    1.19430E-02    1.00790E-02    8.76670E-03
    7.40940E-03    6.49670E-03    5.57110E-03    4.84440E-03
    4.25520E-03    3.69530E-03    3.28240E-03    2.91240E-03
    2.61020E-03    2.33700E-03    2.11000E-03    1.90080E-03
    1.71450E-03    1.55730E-03    1.42060E-03    1.29310E-03
    1.18030E-03    1.07740E-03    9.86160E-04    9.04960E-04
    8.30710E-04    7.63190E-04    7.01490E-04    6.46370E-04
    5.95660E-04    5.49870E-04    5.07680E-04    4.68800E-04
    4.33170E-04    4.00370E-04    3.70640E-04    3.43250E-04
    3.18090E-04    2.95010E-04    2.73820E-04    2.54300E-04
    2.36300E-04    2.19770E-04    2.04520E-04    1.90420E-04
    1.77400E-04    1.65440E-04    1.54420E-04    1.44250E-04
    1.34860E-04    1.26180E-04    1.18170E-04    1.10760E-04
    1.03910E-04    9.75630E-05    9.16960E-05    8.62720E-05
    8.12530E-05    7.66070E-05    7.23020E-05    6.83110E-05
    6.46130E-05    6.11830E-05    5.80010E-05    5.50480E-05
    5.23070E-05    4.97610E-05    4.73950E-05    4.51970E-05
    4.31550E-05    4.12560E-05    3.94910E-05    3.78490E-05
    3.63240E-05    3.49080E-05    3.35940E-05    3.23740E-05
    3.12440E-05    3.02010E-05    2.92400E-05    2.83560E-05
    2.75470E-05    2.68140E-05    2.61470E-05    2.55510E-05
    2.50290E-05    2.45820E-05    2.42030E-05    2.38910E-05
    2.36630E-05    2.35310E-05    2.34830E-05    2.35160E-05
    2.36940E-05    2.40320E-05    2.45790E-05    2.52340E-05
    2.60320E-05    2.71190E-05    2.86310E-05    3.08480E-05
    3.32620E-05    3.66350E-05    4.07320E-05    4.59230E-05
    5.33730E-05    6.18750E-05    7.20310E-05    8.59800E-05
    9.86420E-05    1.14690E-04    1.33270E-04    1.53900E-04
    1.75130E-04    2.06650E-04    2.36090E-04    2.62200E-04
    2.86770E-04    3.25900E-04    3.86240E-04    4.15700E-04
    4.52070E-04    4.93360E-04    5.45000E-04    5.82580E-04
    5.80860E-04    5.69770E-04    5.30850E-04    4.80200E-04
    4.39150E-04    4.03430E-04    3.78530E-04    3.70250E-04
    3.96370E-04    4.46750E-04    4.70720E-04    4.90220E-04
    5.20760E-04    5.36760E-04    5.27550E-04    4.82440E-04
    4.54730E-04    4.39520E-04    3.96140E-04    3.40860E-04
    2.97330E-04    2.63670E-04    2.37670E-04    2.04270E-04
    1.75950E-04    1.54930E-04    1.38510E-04    1.18740E-04
    1.07350E-04    9.04900E-05    8.11490E-05    7.47880E-05
    6.54380E-05    5.82480E-05    4.80760E-05    4.34880E-05
    3.78560E-05    3.30340E-05    2.95920E-05    2.60880E-05
    2.34970E-05    2.02790E-05    1.75260E-05    1.57140E-05
    1.35530E-05    1.21450E-05    1.08020E-05    9.76810E-06
    8.81960E-06    7.82910E-06    7.13350E-06    6.42340E-06
    5.83910E-06    5.35320E-06    4.90790E-06    4.53780E-06
    4.17160E-06    3.86490E-06    3.58930E-06    3.34060E-06
    3.11990E-06    2.91720E-06    2.73480E-06    2.56440E-06
    2.40860E-06    2.26640E-06    2.13590E-06    2.01590E-06
    1.90510E-06    1.80310E-06    1.70740E-06    1.61850E-06
    1.53560E-06    1.45840E-06    1.38610E-06    1.31790E-06
    1.25450E-06    1.19510E-06    1.13950E-06    1.08730E-06
    1.03840E-06    9.92500E-07    9.49350E-07    9.08730E-07
    8.70500E-07    8.34460E-07    8.00460E-07    7.68340E-07
    7.38000E-07    7.09310E-07    6.82170E-07    6.56480E-07
    6.32140E-07    6.09090E-07    5.87250E-07    5.66550E-07
    5.46930E-07    5.28350E-07    5.10770E-07    4.94160E-07
    4.78530E-07    4.63810E-07    4.50070E-07    4.37280E-07
    4.25500E-07    4.14500E-07    4.04590E-07    3.95320E-07
    3.86620E-07    3.78550E-07    3.70410E-07    3.62540E-07
    3.54200E-07    3.46170E-07    3.38380E-07    3.32120E-07
    3.26550E-07    3.18650E-07    3.12030E-07    3.06700E-07
    3.02520E-07    2.97490E-07    2.91840E-07    2.87950E-07
    2.85010E-07    2.82020E-07    2.78560E-07    2.75090E-07
    2.71520E-07    2.68440E-07    2.66420E-07    2.65480E-07
    2.66170E-07    2.69160E-07    2.73720E-07    2.80940E-07
    2.92360E-07    3.10350E-07    3.28540E-07    3.54810E-07
    3.93770E-07    4.46920E-07    5.07610E-07    5.77150E-07
    6.77250E-07    8.06680E-07    9.37160E-07    1.07970E-06
    1.16890E-06    1.32170E-06    1.48140E-06    1.56270E-06
    1.65190E-06    1.76010E-06    1.90600E-06    2.04740E-06
    2.07160E-06    2.04330E-06    1.97520E-06    1.84660E-06
    1.75260E-06    1.66570E-06    1.58700E-06    1.56330E-06
    1.65200E-06    1.84710E-06    1.99530E-06    2.09750E-06
    2.20160E-06    2.25420E-06    2.30810E-06    2.32090E-06
    2.29980E-06    2.30560E-06    2.27570E-06    2.26850E-06
    2.27790E-06    2.23480E-06    2.24450E-06    2.31740E-06
    2.42840E-06    2.52900E-06    2.73400E-06    2.97200E-06
    3.23320E-06    3.53920E-06    3.90130E-06    4.33340E-06
    4.90880E-06    5.34280E-06    5.91420E-06    6.61060E-06
    7.47090E-06    8.50190E-06    9.68350E-06    1.09840E-05
    1.28310E-05    1.46640E-05    1.70800E-05    2.01030E-05
    2.41480E-05    2.79480E-05    3.28550E-05    3.90460E-05
    4.64290E-05    5.66330E-05    6.63050E-05    7.60480E-05
    8.73980E-05    1.00340E-04    1.11690E-04    1.28130E-04
    1.33540E-04    1.39520E-04    1.42040E-04    1.46150E-04
    1.51440E-04    1.54750E-04    1.65610E-04    1.71350E-04
    1.68310E-04    1.64290E-04    1.63530E-04    1.65430E-04
    1.59440E-04    1.54040E-04    1.54580E-04    1.62870E-04
    1.72770E-04    1.83870E-04    1.76220E-04    1.63600E-04
    1.52730E-04    1.36670E-04    1.23640E-04    9.75760E-05
    7.91400E-05    6.42410E-05    5.18260E-05    4.14150E-05
    3.13470E-05    2.51250E-05    2.00270E-05    1.63620E-05
    1.33640E-05    1.11170E-05    9.49920E-06    8.15810E-06
    7.15120E-06    6.26920E-06    5.52850E-06    4.90000E-06
    4.34470E-06    3.89060E-06    3.46790E-06    3.10890E-06
    2.81150E-06    2.54960E-06    2.29820E-06    2.08610E-06
    1.87630E-06    1.70350E-06    1.55480E-06    1.41070E-06
    1.28390E-06    1.17060E-06    1.07090E-06    9.80990E-07
    8.99010E-07    8.23940E-07    7.55670E-07    6.94340E-07
    6.38670E-07    5.88450E-07    5.42630E-07    5.00330E-07
    4.61810E-07    4.26520E-07    3.94370E-07    3.64970E-07
    3.37810E-07    3.12920E-07    2.90110E-07    2.69150E-07
    2.49890E-07    2.32150E-07    2.15820E-07    2.00810E-07
    1.87000E-07    1.74320E-07    1.62640E-07    1.51910E-07
    1.42070E-07    1.33060E-07    1.24840E-07    1.17370E-07
    1.10560E-07    1.04510E-07    9.90600E-08    9.41350E-08
    8.96080E-08    8.56970E-08    8.19450E-08    7.83080E-08
    7.48080E-08    7.16860E-08    6.89230E-08    6.58690E-08
    6.33080E-08    6.08400E-08    5.86760E-08    5.67440E-08
    5.50160E-08    5.38130E-08    5.27920E-08    5.20970E-08
    5.17370E-08    5.16030E-08    5.16560E-08    5.19890E-08
    5.24670E-08    5.29180E-08    5.35890E-08    5.45600E-08
    5.58690E-08    5.74030E-08    5.89680E-08    6.09730E-08
    6.34320E-08    6.62450E-08    6.93530E-08    7.26860E-08
    7.65410E-08    8.09910E-08    8.59500E-08    9.14290E-08
    9.78510E-08    1.05160E-07    1.13490E-07    1.22950E-07
    1.33350E-07    1.44880E-07    1.58640E-07    1.74120E-07
    1.91400E-07    2.10780E-07    2.33690E-07    2.59960E-07
    2.88480E-07    3.21690E-07    3.59910E-07    4.05660E-07
    4.59690E-07    5.30940E-07    6.14580E-07    7.11550E-07
    8.30450E-07    9.90210E-07    1.20420E-06    1.49140E-06
    1.81450E-06    2.22100E-06    2.78310E-06    3.45330E-06
    4.44460E-06    5.19890E-06    6.22890E-06    7.11670E-06
    8.39490E-06    9.64170E-06    1.03130E-05    1.04850E-05
    1.06410E-05    1.08980E-05    1.07630E-05    1.05060E-05
    1.04970E-05    1.16960E-05    1.26540E-05    1.30290E-05
    1.31750E-05    1.42640E-05    1.49850E-05    1.49990E-05
    1.43170E-05    1.46160E-05    1.49630E-05    1.52080E-05
    1.49420E-05    1.38790E-05    1.30870E-05    1.17270E-05
    1.05150E-05    9.00730E-06    7.31330E-06    6.11810E-06
    5.06230E-06    4.11050E-06    3.39150E-06    2.67110E-06
    2.14640E-06    1.73350E-06    1.43020E-06    1.18470E-06
    9.94340E-07    8.26890E-07    7.05890E-07    6.07500E-07
    5.31760E-07    4.69360E-07    4.15410E-07    3.66250E-07
    3.25090E-07    2.91560E-07    2.63080E-07    2.38190E-07
    2.14210E-07    1.93660E-07    1.76260E-07    1.59820E-07
    1.45670E-07    1.33540E-07    1.20970E-07    1.10290E-07
    1.00630E-07    9.20030E-08    8.42450E-08    7.70040E-08
    7.06360E-08    6.49230E-08    5.95030E-08    5.47420E-08
    5.04500E-08    4.64700E-08    4.28810E-08    3.95500E-08
    3.65410E-08    3.38030E-08    3.12790E-08    2.89550E-08
    2.68580E-08    2.49050E-08    2.31460E-08    2.15390E-08
    2.00790E-08    1.87460E-08    1.75170E-08    1.63960E-08
    1.53690E-08    1.44260E-08    1.35430E-08    1.27240E-08
    1.19650E-08    1.12670E-08    1.06170E-08    1.00100E-08
    9.46620E-09    8.95530E-09    8.49880E-09    8.08070E-09
    7.70430E-09    7.37210E-09    7.07070E-09    6.80470E-09
    6.57020E-09    6.36340E-09    6.18170E-09    6.02390E-09
    5.89220E-09    5.78240E-09    5.70190E-09    5.63680E-09
    5.59400E-09    5.56690E-09    5.55830E-09    5.56530E-09
    5.58370E-09    5.62430E-09    5.68830E-09    5.78000E-09
    5.89640E-09    6.04290E-09    6.22110E-09    6.42820E-09
    6.66340E-09    6.93060E-09    7.23360E-09    7.57390E-09
    7.95620E-09    8.37790E-09    8.85750E-09    9.39920E-09
    1.00040E-08    1.06840E-08    1.14500E-08    1.23200E-08
    1.33110E-08    1.44550E-08    1.57580E-08    1.72540E-08
    1.89270E-08    2.09300E-08    2.33480E-08    2.60740E-08
    2.92210E-08    3.27700E-08    3.74850E-08    4.25690E-08
    4.89810E-08    5.56060E-08    6.23930E-08    7.19010E-08
    8.29210E-08    9.55130E-08    1.11110E-07    1.31430E-07
    1.59710E-07    1.89270E-07    2.26430E-07    2.78600E-07
    3.25910E-07    3.70240E-07    4.20590E-07    4.94320E-07
    5.55430E-07    5.74980E-07    5.92100E-07    6.10050E-07
    6.15770E-07    5.91930E-07    5.66020E-07    5.74030E-07
    6.00500E-07    6.47230E-07    6.70730E-07    7.54150E-07
    8.09820E-07    8.76580E-07    9.14300E-07    9.44590E-07
    9.83470E-07    9.87680E-07    1.01530E-06    1.00660E-06
    1.03530E-06    1.03530E-06    1.07220E-06    1.11380E-06
    1.19230E-06    1.29470E-06    1.44310E-06    1.65370E-06
    1.86620E-06    2.24730E-06    2.64640E-06    3.10410E-06
    3.48580E-06    4.01670E-06    4.66750E-06    5.09830E-06
    5.79970E-06    6.05030E-06    6.46870E-06    6.53960E-06
    6.79860E-06    7.02440E-06    7.23050E-06    7.67320E-06
    7.97830E-06    7.98460E-06    7.76170E-06    7.76570E-06
    7.74110E-06    7.88160E-06    7.81360E-06    8.00510E-06
    8.57990E-06    9.16590E-06    9.86460E-06    9.49200E-06
    8.76700E-06    8.20340E-06    7.22970E-06    6.23240E-06
    4.93150E-06    3.91280E-06    3.15170E-06    2.44690E-06
    1.88150E-06    1.46270E-06    1.16980E-06    9.46860E-07
    7.84860E-07    6.69700E-07    5.88110E-07    5.21980E-07
    4.68090E-07    4.16710E-07    3.70060E-07    3.30660E-07
    2.93870E-07    2.64150E-07    2.34090E-07    2.09910E-07
    1.91320E-07    1.75190E-07    1.59390E-07    1.43680E-07
    1.30500E-07    1.18830E-07    1.07720E-07    9.68840E-08
    8.78880E-08    7.89560E-08    7.10240E-08    6.38240E-08
    5.72560E-08    5.17690E-08    4.70370E-08    4.29010E-08
    3.89700E-08    3.54670E-08    3.25020E-08    2.98270E-08
    2.73890E-08    2.51110E-08    2.30560E-08    2.12670E-08
    1.96100E-08    1.81330E-08    1.67750E-08    1.54910E-08
    1.43290E-08    1.32650E-08    1.23000E-08    1.14200E-08
    1.05930E-08    9.84750E-09    9.15850E-09    8.52560E-09
    7.95250E-09    7.42260E-09    6.93790E-09    6.49500E-09
    6.09110E-09    5.72420E-09    5.38770E-09    5.08210E-09
    4.80510E-09    4.55540E-09    4.33150E-09    4.13360E-09
    3.96320E-09    3.81850E-09    3.70800E-09    3.62960E-09
    3.58040E-09    3.57760E-09    3.62530E-09    3.71150E-09
    3.81510E-09    3.98040E-09    4.17420E-09    4.35810E-09
    4.53060E-09    4.77360E-09    5.12970E-09    5.52910E-09
    5.91250E-09    6.49560E-09    7.03620E-09    7.53180E-09
    7.99470E-09    8.64380E-09    9.72270E-09    1.01300E-08
    1.05490E-08    1.10640E-08    1.17020E-08    1.20430E-08
    1.17810E-08    1.18380E-08    1.19170E-08    1.21310E-08
    1.24760E-08    1.36110E-08    1.43600E-08    1.50570E-08
    1.62470E-08    1.72840E-08    1.84200E-08    1.83520E-08
    1.87220E-08    1.91120E-08    1.90920E-08    1.93110E-08
    1.94110E-08    1.98840E-08    2.05080E-08    2.15100E-08
    2.31430E-08    2.50500E-08    2.75960E-08    3.12310E-08
    3.62600E-08    4.34100E-08    5.22400E-08    6.32360E-08
    7.75220E-08    9.86880E-08    1.18590E-07    1.43410E-07
    1.67980E-07    1.98250E-07    2.28980E-07    2.62570E-07
    2.98840E-07    3.32470E-07    3.49360E-07    3.55830E-07
    3.71500E-07    3.65800E-07    3.71240E-07    3.70300E-07
    4.15360E-07    4.66560E-07    4.66770E-07    4.75070E-07
    4.96530E-07    5.37950E-07    5.49570E-07    5.22380E-07
    5.46900E-07    5.65690E-07    5.98440E-07    5.98350E-07
    5.65220E-07    5.41230E-07    4.79040E-07    4.28510E-07
    3.56030E-07    2.89320E-07    2.36550E-07    1.85920E-07
    1.49430E-07    1.19710E-07    9.84820E-08    8.36750E-08
    7.12700E-08    6.24960E-08    5.49990E-08    4.98210E-08
    4.53870E-08    4.13400E-08    3.74530E-08    3.32980E-08
    3.01200E-08    2.70320E-08    2.42360E-08    2.15000E-08
    1.89880E-08    1.74140E-08    1.57060E-08    1.41920E-08
    1.32040E-08    1.17590E-08    1.07370E-08    9.63090E-09
    8.81790E-09    8.26190E-09    7.22640E-09    6.48560E-09
    5.80370E-09    5.20930E-09    4.72050E-09    4.17490E-09
    3.78520E-09    3.39150E-09    3.00890E-09    2.73350E-09
    2.43980E-09    2.20310E-09    1.97860E-09    1.78900E-09
    1.62660E-09    1.48300E-09    1.35760E-09    1.25180E-09
    1.15870E-09    1.07260E-09    9.91060E-10    9.16730E-10
    8.50840E-10    7.91470E-10    7.28820E-10    6.73420E-10
    6.25930E-10    5.82940E-10    5.44350E-10    5.09970E-10
    4.78060E-10    4.49310E-10    4.23570E-10    4.00230E-10
    3.79090E-10    3.59990E-10    3.42850E-10    3.27760E-10
    3.14680E-10    3.03770E-10    2.94790E-10    2.88770E-10
    2.85120E-10    2.86170E-10    2.89760E-10    3.00010E-10
    3.17180E-10    3.38980E-10    3.58570E-10    3.83580E-10
    4.31310E-10    4.57410E-10    4.69480E-10    4.75940E-10
    4.95290E-10    5.15630E-10    4.94750E-10    4.83690E-10
    4.88290E-10    5.00470E-10    5.02030E-10    5.19540E-10
    5.53520E-10    5.99280E-10    6.71480E-10    7.11210E-10
    7.43170E-10    7.60390E-10    7.83130E-10    8.06840E-10
    7.85530E-10    7.83120E-10    7.85370E-10    7.88720E-10
    8.01850E-10    8.10040E-10    8.26080E-10    8.25250E-10
    8.38570E-10    8.79200E-10    9.24510E-10    9.86610E-10
    1.06290E-09    1.16590E-09    1.29220E-09    1.43870E-09
    1.62540E-09    1.84250E-09    2.14280E-09    2.54770E-09
    3.03790E-09    3.75700E-09    4.43540E-09    5.18020E-09
    6.27690E-09    7.48940E-09    8.74740E-09    9.80370E-09
    1.15820E-08    1.32930E-08    1.44710E-08    1.50250E-08
    1.55800E-08    1.62280E-08    1.64130E-08    1.60200E-08
    1.63930E-08    1.75450E-08    1.95900E-08    2.14490E-08
    2.38560E-08    2.70500E-08    3.02140E-08    3.37330E-08
    3.64870E-08    3.93530E-08    4.26600E-08    4.63850E-08
    4.99550E-08    5.53130E-08    6.09230E-08    6.89480E-08
    7.36490E-08    8.26020E-08    9.22120E-08    9.90800E-08
    1.13190E-07    1.17900E-07    1.29410E-07    1.31990E-07
    1.39140E-07    1.48430E-07    1.53000E-07    1.64190E-07
    1.70950E-07    1.69880E-07    1.64940E-07    1.63270E-07
    1.60670E-07    1.69090E-07    1.71180E-07    1.81060E-07
    1.98570E-07    2.16960E-07    2.33850E-07    2.27760E-07
    2.14020E-07    1.98820E-07    1.73620E-07    1.43080E-07
    1.11580E-07    8.87810E-08    6.86890E-08    5.20620E-08
    4.04270E-08    3.26690E-08    2.73540E-08    2.32000E-08
    2.05800E-08    1.86760E-08    1.73290E-08    1.66210E-08
    1.64330E-08    1.69530E-08    1.71340E-08    1.79480E-08
    1.91070E-08    1.98750E-08    2.14160E-08    2.15560E-08
    2.22650E-08    2.21710E-08    2.25340E-08    2.30290E-08
    2.28280E-08    2.31430E-08    2.29650E-08    2.22230E-08
    2.11080E-08    2.02650E-08    1.95160E-08    1.99410E-08
    2.03120E-08    2.10800E-08    2.26110E-08    2.42100E-08
    2.60690E-08    2.50970E-08    2.33180E-08    2.15430E-08
    1.89420E-08    1.59600E-08    1.23860E-08    9.93400E-09
    7.75020E-09    5.94620E-09    4.51130E-09    3.55230E-09
    2.88440E-09    2.33940E-09    1.95840E-09    1.67490E-09
    1.46240E-09    1.28090E-09    1.13590E-09    1.00870E-09
    9.01660E-10    8.10790E-10    7.22190E-10    6.49220E-10
    5.88030E-10    5.32900E-10    4.85900E-10    4.41110E-10
    4.01840E-10    3.66440E-10    3.35290E-10    3.07890E-10
    2.82860E-10    2.60890E-10    2.41250E-10    2.23550E-10
    2.07830E-10    1.93700E-10    1.80880E-10    1.69480E-10
    1.59290E-10    1.50130E-10    1.41930E-10    1.34700E-10
    1.28410E-10    1.23070E-10    1.18650E-10    1.15020E-10
    1.12430E-10    1.10990E-10    1.10660E-10    1.12160E-10
    1.15290E-10    1.21710E-10    1.31280E-10    1.41530E-10
    1.59620E-10    1.80480E-10    2.09360E-10    2.31650E-10
    2.57460E-10    2.96000E-10    3.37070E-10    3.52670E-10
    3.59530E-10    3.68220E-10    3.83630E-10    3.82860E-10
    3.58830E-10    3.61540E-10    3.66530E-10    3.85070E-10
    4.02500E-10    4.44350E-10    4.98890E-10    5.69320E-10
    6.35990E-10    7.02810E-10    7.57770E-10    8.12790E-10
    8.89100E-10    9.34000E-10    1.00760E-09    1.09450E-09
    1.18980E-09    1.31080E-09    1.47250E-09    1.70280E-09
    1.96190E-09    2.35270E-09    2.64880E-09    3.03270E-09
    3.43960E-09    3.87970E-09    4.41150E-09    4.68530E-09
    4.95530E-09    4.95510E-09    5.10620E-09    5.09960E-09
    5.11190E-09    5.22830E-09    5.82970E-09    6.34390E-09
    6.26750E-09    6.32960E-09    6.51730E-09    7.16850E-09
    7.05280E-09    6.88560E-09    7.31820E-09    7.69900E-09
    8.34610E-09    8.19460E-09    7.71530E-09    7.24110E-09
    6.45110E-09    5.73360E-09    4.61050E-09    3.69620E-09
    2.99440E-09    2.43170E-09    1.93990E-09    1.53310E-09
    1.26330E-09    1.06130E-09    9.01360E-10    7.93130E-10
    7.15430E-10    6.64850E-10    6.42250E-10    6.39800E-10
    6.45980E-10    6.74280E-10    7.02700E-10    7.46940E-10
    7.79460E-10    7.93950E-10    7.87160E-10    7.69330E-10
    7.62200E-10    7.48250E-10    7.48050E-10    7.65110E-10
    7.64920E-10    7.41030E-10    7.19790E-10    7.16860E-10
    7.34030E-10    7.11420E-10    7.02120E-10    7.15480E-10
    7.52530E-10    8.04440E-10    8.23780E-10    7.80040E-10
    7.17120E-10    6.49780E-10    5.75730E-10    4.86750E-10
    3.79450E-10    3.01180E-10    2.42410E-10    1.91000E-10
    1.48160E-10    1.15670E-10    9.41830E-11    7.76600E-11
    6.52700E-11    5.66160E-11    4.95760E-11    4.41370E-11
    3.94590E-11    3.57590E-11    3.24780E-11    2.94190E-11
    2.67030E-11    2.43650E-11    2.24120E-11    2.06060E-11
    1.90670E-11    1.78000E-11    1.66950E-11    1.57290E-11
    1.48870E-11    1.41350E-11    1.35190E-11    1.29920E-11
    1.25630E-11    1.22230E-11    1.19620E-11    1.17750E-11
    1.16570E-11    1.16050E-11    1.16190E-11    1.16970E-11
    1.18390E-11    1.20460E-11    1.23190E-11    1.26590E-11
    1.30700E-11    1.35530E-11    1.41130E-11    1.47540E-11
    1.54800E-11    1.62980E-11    1.72140E-11    1.82360E-11
    1.93720E-11    2.06350E-11    2.20360E-11    2.35900E-11
    2.53170E-11    2.72420E-11    2.94000E-11    3.18490E-11
    3.46540E-11    3.79230E-11    4.16950E-11    4.60550E-11
    5.09400E-11    5.56240E-11    6.06670E-11    6.62610E-11
    7.26920E-11    7.97110E-11    8.79760E-11    9.68840E-11
    1.07750E-10    1.20930E-10    1.35310E-10    1.54040E-10
    1.73150E-10    1.98620E-10    2.33410E-10    2.70140E-10
    3.17160E-10    3.69570E-10    4.32330E-10    5.25660E-10
    6.22510E-10    7.21490E-10    8.39580E-10    9.59310E-10
    1.13880E-09    1.29730E-09    1.44420E-09    1.56380E-09
    1.69740E-09    1.84890E-09    1.98300E-09    2.17200E-09
    2.36620E-09    2.69870E-09    3.16970E-09    3.69070E-09
    4.26250E-09    4.79460E-09    5.38480E-09    6.08970E-09
    6.47300E-09    7.14830E-09    7.74320E-09    8.08510E-09
    8.50130E-09    8.59090E-09    9.18900E-09    9.31240E-09
    9.59360E-09    9.87870E-09    9.90360E-09    9.67120E-09
    9.20360E-09    9.04660E-09    8.93800E-09    9.18150E-09
    9.50920E-09    1.00270E-08    1.08760E-08    1.17440E-08
    1.18530E-08    1.12960E-08    1.01340E-08    8.82450E-09
    7.39300E-09    5.71500E-09    4.48840E-09    3.40270E-09
    2.60540E-09    2.07900E-09    1.72670E-09    1.47240E-09
    1.27220E-09    1.12340E-09    1.01860E-09    9.46800E-10
    8.88540E-10    8.51270E-10    8.31570E-10    8.22260E-10
    8.33950E-10    8.32940E-10    8.47250E-10    8.88140E-10
    9.36970E-10    1.01120E-09    1.04120E-09    1.09480E-09
    1.18100E-09    1.22670E-09    1.36900E-09    1.45120E-09
    1.55680E-09    1.65520E-09    1.73210E-09    1.87970E-09
    1.92100E-09    1.96860E-09    1.99170E-09    1.93570E-09
    1.84860E-09    1.75750E-09    1.71130E-09    1.71630E-09
    1.76230E-09    1.85360E-09    1.97650E-09    2.13340E-09
    2.32370E-09    2.32590E-09    2.18330E-09    1.97850E-09
    1.73080E-09    1.45960E-09    1.11980E-09    8.73750E-10
    6.53810E-10    4.86770E-10    3.67560E-10    2.91550E-10
    2.37350E-10    1.95900E-10    1.66380E-10    1.45490E-10
    1.29470E-10    1.15110E-10    1.05480E-10    9.65110E-11
    9.04690E-11    8.51700E-11    7.78040E-11    7.19710E-11
    6.62130E-11    6.10630E-11    5.58810E-11    5.05080E-11
    4.59320E-11    4.19970E-11    3.76720E-11    3.39720E-11
    3.03180E-11    2.67690E-11    2.38740E-11    2.13360E-11
    1.90730E-11    1.73130E-11    1.59040E-11    1.46840E-11
    1.36980E-11    1.28730E-11    1.21750E-11    1.15420E-11
    1.10240E-11    1.06020E-11    1.02670E-11    1.00120E-11
    9.83790E-12    9.74820E-12    9.75640E-12    9.86130E-12
    1.00920E-11    1.04180E-11    1.08680E-11    1.15850E-11
    1.23510E-11    1.33720E-11    1.48410E-11    1.64570E-11
    1.86810E-11    2.05500E-11    2.29120E-11    2.59580E-11
    2.91370E-11    3.23680E-11    3.48480E-11    3.84620E-11
    4.21900E-11    4.56290E-11    4.90220E-11    5.42320E-11
    6.19000E-11    7.19530E-11    8.53680E-11    9.96990E-11
    1.17340E-10    1.41850E-10    1.70170E-10    1.98130E-10
    2.38590E-10    2.73040E-10    3.09710E-10    3.51290E-10
    3.94050E-10    4.51940E-10    4.89320E-10    5.24360E-10
    5.40980E-10    5.55420E-10    5.77940E-10    5.69920E-10
    5.87900E-10    6.15260E-10    6.80340E-10    6.79560E-10
    6.68640E-10    6.93290E-10    7.29710E-10    7.65460E-10
    7.50780E-10    7.84060E-10    8.38960E-10    9.01110E-10
    9.19940E-10    8.71890E-10    8.14260E-10    7.30970E-10
    6.33570E-10    5.13710E-10    4.09360E-10    3.29180E-10
    2.62550E-10    2.07240E-10    1.68790E-10    1.41650E-10
    1.19890E-10    1.01250E-10    8.96290E-11    7.84580E-11
    6.88260E-11    6.09350E-11    5.52080E-11    5.22620E-11
    5.02600E-11    4.84570E-11    4.78880E-11    4.80320E-11
    5.08380E-11    5.46680E-11    5.57900E-11    6.00560E-11
    6.38110E-11    6.88480E-11    7.45900E-11    7.82490E-11
    8.33710E-11    8.36410E-11    8.65910E-11    8.95990E-11
    9.34870E-11    1.00660E-10    1.07650E-10    1.08510E-10
    1.06190E-10    1.05570E-10    1.04600E-10    1.07960E-10
    1.05230E-10    1.06740E-10    1.12610E-10    1.14310E-10
    1.14080E-10    1.09010E-10    9.91050E-11    8.80770E-11
    6.99280E-11    5.45950E-11    4.54010E-11    3.63130E-11
    2.69860E-11    1.94630E-11    1.45770E-11    1.15830E-11
    9.54920E-12    8.07700E-12    6.96420E-12    6.09660E-12
    5.40460E-12    4.84310E-12    4.38150E-12    3.99870E-12
    3.67900E-12    3.41130E-12    3.18680E-12    2.99920E-12
    2.84340E-12    2.71530E-12    2.61200E-12    2.53110E-12
    2.47050E-12    2.42900E-12    2.40530E-12    2.39880E-12
    2.40870E-12    2.43490E-12    2.47710E-12    2.53550E-12
    2.61030E-12    2.70190E-12    2.81100E-12    2.93830E-12
    3.08480E-12    3.25180E-12    3.44050E-12    3.65270E-12
    3.89020E-12    4.15550E-12    4.45100E-12    4.78010E-12
    5.14620E-12    5.55390E-12    6.00860E-12    6.51710E-12
    7.08840E-12    7.73570E-12    8.48310E-12    9.30960E-12
    1.02820E-11    1.14070E-11    1.26900E-11    1.41480E-11
    1.58880E-11    1.79920E-11    2.05230E-11    2.33420E-11
    2.65780E-11    3.09090E-11    3.62280E-11    4.20530E-11
    4.90590E-11    5.92730E-11    7.01660E-11    8.22980E-11
    9.70710E-11    1.16730E-10    1.40100E-10    1.66210E-10
    2.01270E-10    2.35860E-10    2.70500E-10    3.09500E-10
    3.65840E-10    4.12780E-10    4.65910E-10    5.22200E-10
    5.52460E-10    6.15000E-10    6.58780E-10    7.11670E-10
    7.93720E-10    8.69750E-10    9.64590E-10    9.73680E-10
    9.81420E-10    1.02020E-09    1.02000E-09    1.03560E-09
    1.00920E-09    1.02690E-09    1.03660E-09    1.04900E-09
    1.07170E-09    1.07920E-09    1.10160E-09    1.08490E-09
    1.09290E-09    1.09710E-09    1.09690E-09    1.04600E-09
    9.20260E-10    8.11130E-10    6.86350E-10    5.53690E-10
    4.29080E-10    3.33840E-10    2.64800E-10    2.08100E-10
    1.69150E-10    1.40510E-10    1.18670E-10    1.01580E-10
    8.89900E-11    7.91750E-11    7.04400E-11    6.34530E-11
    5.70090E-11    5.16620E-11    4.72190E-11    4.34540E-11
    4.02290E-11    3.76890E-11    3.65670E-11    3.58650E-11
    3.59550E-11    3.59280E-11    3.62980E-11    3.76290E-11
    3.93000E-11    4.18290E-11    4.48060E-11    5.05340E-11
    5.66720E-11    6.21380E-11    6.86780E-11    7.61110E-11
    8.45910E-11    9.26340E-11    9.80850E-11    1.08300E-10
    1.19490E-10    1.25110E-10    1.33940E-10    1.35050E-10
    1.43420E-10    1.48740E-10    1.49200E-10    1.58720E-10
    1.59720E-10    1.58210E-10    1.54250E-10    1.49370E-10
    1.50890E-10    1.55210E-10    1.63250E-10    1.69240E-10
    1.82650E-10    1.96120E-10    2.01760E-10    1.93590E-10
    1.70850E-10    1.51970E-10    1.26460E-10    9.85520E-11
    7.45300E-11    5.50520E-11    4.23150E-11    3.27360E-11
    2.61710E-11    2.19090E-11    1.82860E-11    1.57520E-11
    1.38590E-11    1.22880E-11    1.10020E-11    9.75340E-12
    8.84120E-12    8.01690E-12    7.28550E-12    6.87340E-12
    6.41210E-12    6.14710E-12    5.77800E-12    5.34780E-12
    4.96520E-12    4.40430E-12    3.98620E-12    3.46840E-12
    2.96810E-12    2.57910E-12    2.23390E-12    1.92470E-12
    1.68490E-12    1.48630E-12    1.32910E-12    1.20210E-12
    1.09470E-12    1.00150E-12    9.19350E-13    8.46120E-13
    7.80360E-13    7.21000E-13    6.67180E-13    6.18210E-13
    5.73530E-13    5.32690E-13    4.95260E-13    4.60930E-13
    4.29370E-13    4.00340E-13    3.73610E-13    3.48950E-13
    3.26210E-13    3.05200E-13    2.85780E-13    2.67820E-13
    2.51200E-13    2.35810E-13    2.21540E-13    2.08320E-13
    1.96050E-13    1.84660E-13    1.74080E-13    1.64250E-13
    1.55110E-13    1.46610E-13    1.38690E-13    1.31310E-13
    1.24440E-13    1.18030E-13    1.12050E-13    1.06460E-13
    1.01240E-13    9.63580E-14    9.17890E-14    8.75090E-14
    8.34980E-14    7.97350E-14    7.62020E-14    7.28820E-14
    6.97600E-14    6.68220E-14    6.40530E-14    6.14420E-14
    5.89780E-14    5.66500E-14    5.44480E-14    5.23640E-14
    5.03890E-14    4.85160E-14    4.67380E-14    4.50480E-14
    4.34410E-14    4.19110E-14    4.04530E-14    3.90630E-14
    3.77350E-14    3.64670E-14    3.52540E-14    3.40930E-14
    3.29800E-14    3.19140E-14    3.08910E-14    2.99090E-14
    2.89650E-14    2.80580E-14    2.71850E-14    2.63440E-14
    2.55350E-14    2.47550E-14    2.40020E-14    2.32760E-14
    2.25760E-14    2.18990E-14    2.12450E-14    2.06130E-14
    2.00020E-14    1.94110E-14    1.88390E-14    1.82850E-14
    1.77490E-14    1.72300E-14    1.67270E-14    1.62400E-14
    1.57680E-14    1.53100E-14    1.48670E-14    1.44360E-14
    1.40190E-14    1.36140E-14    1.32210E-14    1.28400E-14
    1.24710E-14    1.21120E-14    1.17640E-14    1.14250E-14
    1.10970E-14    1.07790E-14    1.04690E-14    1.01690E-14
    9.87750E-15    9.59430E-15    9.31930E-15    9.05220E-15
    8.79280E-15    8.54090E-15    8.29620E-15    8.05860E-15
    7.82780E-15    7.60360E-15    7.38580E-15    7.17420E-15
    6.96870E-15    6.76910E-15    6.57520E-15    6.38680E-15
    6.20380E-15    6.02600E-15    5.85330E-15    5.68560E-15
    5.52260E-15    5.36420E-15    5.21040E-15    5.06100E-15
    4.91580E-15    4.77480E-15    4.63780E-15    4.50470E-15
    4.37530E-15    4.24970E-15    4.12770E-15    4.00910E-15
    3.89390E-15    3.78200E-15    3.67330E-15    3.56770E-15
    3.46510E-15    3.36550E-15    3.26860E-15    3.17460E-15
    3.08320E-15    2.99440E-15    2.90820E-15    2.82440E-15
    2.74310E-15    2.66400E-15    2.58720E-15    2.51260E-15
    2.44010E-15    2.36970E-15    2.30140E-15    2.23490E-15
    2.17040E-15    2.10770E-15    2.04680E-15    1.98770E-15
    1.93020E-15    1.87440E-15    1.82020E-15    1.76750E-15
    1.71640E-15    1.66670E-15    1.61840E-15    1.57160E-15
    1.52600E-15    1.48180E-15    1.43890E-15    1.39710E-15
    1.35660E-15    1.31720E-15    1.27900E-15    1.24190E-15
    1.20580E-15    1.17080E-15    1.13680E-15    1.10370E-15
    1.07160E-15    1.04050E-15    1.01020E-15    9.80790E-16
    9.52240E-16    9.24510E-16    8.97580E-16    8.71420E-16
    8.46020E-16    8.21360E-16    7.97400E-16    7.74140E-16
    7.51540E-16    7.29610E-16    7.08300E-16    6.87610E-16
    6.67520E-16    6.48010E-16    6.29060E-16    6.10660E-16
    5.92800E-16    5.75450E-16    5.58600E-16    5.42240E-16
    5.26360E-16    5.10940E-16    4.95960E-16   
*END
