netcdf grid{                                                                    

dimensions:
    lat            =   1;
    lon            =   1;
    plev           = 123;


variables:
    float lat(lat);                                                           
             lat:units = "degree";                                            
             lat:title = "LATITUDE";                                         
    float lon(lon);                                                           
             lon:units = "degree";                                            
             lon:title = "LONGITUDE";                                        
    float plev(plev);                                                         
             plev:units = "Pa";                                               
             plev:title = "PRESSURE";                                        

    float null(plev,lon,lat);                                                  
             null:units = "None";                                             
             null:title = "NULL FIELD";                                                      

data:                                                                           
              lat =   .000000E+00;
              lon =   .000000E+00;
             plev =   .000000E+00,  .100000E+00,  .116590E+00,  .135940E+00,
                      .158490E+00,  .184780E+00,  .215440E+00,  .251190E+00,
                      .292860E+00,  .341450E+00,  .398110E+00,  .464160E+00,
                      .541170E+00,  .630960E+00,  .735640E+00,  .857700E+00,
                      .100000E+01,  .116590E+01,  .135940E+01,  .158490E+01,
                      .184780E+01,  .215440E+01,  .251190E+01,  .292860E+01,
                      .341450E+01,  .398110E+01,  .464160E+01,  .541170E+01,
                      .630960E+01,  .735640E+01,  .857700E+01,  .100000E+02,
                      .116590E+02,  .135940E+02,  .158490E+02,  .184780E+02,
                      .215440E+02,  .251190E+02,  .292860E+02,  .341450E+02,
                      .398110E+02,  .464160E+02,  .541170E+02,  .630960E+02,
                      .735640E+02,  .857700E+02,  .100000E+03,  .116590E+03,
                      .135940E+03,  .158490E+03,  .184780E+03,  .215440E+03,
                      .251190E+03,  .292860E+03,  .341450E+03,  .398110E+03,
                      .464160E+03,  .541170E+03,  .630960E+03,  .735640E+03,
                      .857700E+03,  .100000E+04,  .116590E+04,  .135940E+04,
                      .158490E+04,  .184780E+04,  .215440E+04,  .251190E+04,
                      .292860E+04,  .341450E+04,  .398110E+04,  .464160E+04,
                      .541170E+04,  .630960E+04,  .735640E+04,  .857700E+04,
                      .100000E+05,  .120000E+05,  .140000E+05,  .160000E+05,
                      .180000E+05,  .200000E+05,  .220000E+05,  .240000E+05,
                      .260000E+05,  .280000E+05,  .300000E+05,  .320000E+05,
                      .340000E+05,  .360000E+05,  .380000E+05,  .400000E+05,
                      .420000E+05,  .440000E+05,  .460000E+05,  .480000E+05,
                      .500000E+05,  .520000E+05,  .540000E+05,  .560000E+05,
                      .580000E+05,  .600000E+05,  .620000E+05,  .640000E+05,
                      .660000E+05,  .680000E+05,  .700000E+05,  .720000E+05,
                      .740000E+05,  .760000E+05,  .780000E+05,  .800000E+05,
                      .820000E+05,  .840000E+05,  .860000E+05,  .880000E+05,
                      .900000E+05,  .920000E+05,  .940000E+05,  .960000E+05,
                      .980000E+05,  .100000E+06,  .101300E+06;
             null =   .000000E+00,  .000000E+00,  .000000E+00,  .000000E+00,
                      .000000E+00,  .000000E+00,  .000000E+00,  .000000E+00,
                      .000000E+00,  .000000E+00,  .000000E+00,  .000000E+00,
                      .000000E+00,  .000000E+00,  .000000E+00,  .000000E+00,
                      .000000E+00,  .000000E+00,  .000000E+00,  .000000E+00,
                      .000000E+00,  .000000E+00,  .000000E+00,  .000000E+00,
                      .000000E+00,  .000000E+00,  .000000E+00,  .000000E+00,
                      .000000E+00,  .000000E+00,  .000000E+00,  .000000E+00,
                      .000000E+00,  .000000E+00,  .000000E+00,  .000000E+00,
                      .000000E+00,  .000000E+00,  .000000E+00,  .000000E+00,
                      .000000E+00,  .000000E+00,  .000000E+00,  .000000E+00,
                      .000000E+00,  .000000E+00,  .000000E+00,  .000000E+00,
                      .000000E+00,  .000000E+00,  .000000E+00,  .000000E+00,
                      .000000E+00,  .000000E+00,  .000000E+00,  .000000E+00,
                      .000000E+00,  .000000E+00,  .000000E+00,  .000000E+00,
                      .000000E+00,  .000000E+00,  .000000E+00,  .000000E+00,
                      .000000E+00,  .000000E+00,  .000000E+00,  .000000E+00,
                      .000000E+00,  .000000E+00,  .000000E+00,  .000000E+00,
                      .000000E+00,  .000000E+00,  .000000E+00,  .000000E+00,
                      .000000E+00,  .000000E+00,  .000000E+00,  .000000E+00,
                      .000000E+00,  .000000E+00,  .000000E+00,  .000000E+00,
                      .000000E+00,  .000000E+00,  .000000E+00,  .000000E+00,
                      .000000E+00,  .000000E+00,  .000000E+00,  .000000E+00,
                      .000000E+00,  .000000E+00,  .000000E+00,  .000000E+00,
                      .000000E+00,  .000000E+00,  .000000E+00,  .000000E+00,
                      .000000E+00,  .000000E+00,  .000000E+00,  .000000E+00,
                      .000000E+00,  .000000E+00,  .000000E+00,  .000000E+00,
                      .000000E+00,  .000000E+00,  .000000E+00,  .000000E+00,
                      .000000E+00,  .000000E+00,  .000000E+00,  .000000E+00,
                      .000000E+00,  .000000E+00,  .000000E+00,  .000000E+00,
                      .000000E+00,  .000000E+00,  .000000E+00;

}                                                                               
