prep_spec <<\EOF
sp_xsw_skel
26
13
1
2
3
4
5
6
7
8
10
13
23
39
40
0
25
1
2
3
4
6
31
32
17
18
19
20
21
22
10
11
12
13
23
24
15
16
25
26
27
30
u
0.4e-3 0.8e-3
0.8e-3 1.8e-3
1.8e-3 3.2e-3
3.2e-3 7.0e-3
7.0e-3 15.5e-3
15.5e-3 22.4e-3
22.4e-3 29.0e-3
29.0e-3 32.0e-3
32.0e-3 54.0e-3
54.0e-3 65.0e-3
65.0e-3 79.8e-3
79.8e-3 91.3e-3
91.3e-3 97.5e-3
97.5e-3 98.6e-3
98.6e-3 175.0e-3
175.0e-3 186.0e-3
186.0e-3 202.0e-3
202.0e-3 210.0e-3
210.0e-3 226.0e-3
226.0e-3 242.3e-3
242.3e-3 320.0e-3
320.0e-3 505.0e-3
505.0e-3 690.0e-3
690.0e-3 1.19
1.19     2.38
2.38     10.0
0*26
0*22
1
1
1
1
n
-1
EOF
