  0.04   2.268E-24
  0.05   3.884E-24
  0.06   6.931E-24
  0.07   1.303E-23
  0.08   2.161E-23
  0.13   8.280E-23
  0.15   1.593E-22
  0.17   2.012E-22
  0.18   2.559E-22
  0.21   4.233E-22
  0.23   5.512E-22
  0.25   7.280E-22
  0.27   9.699E-22
  0.34   1.789E-21
  0.42   3.396E-21
  0.47   4.977E-21
  0.54   7.396E-21
  0.61   1.037E-20
  0.71   1.647E-20
  0.83   2.582E-20
  0.99   4.163E-20
  1.04   4.815E-20
  1.19   6.908E-20
  1.23   7.443E-20
  1.33   9.350E-20
  1.46   1.179E-19
  1.60   1.510E-19
  1.76   1.933E-19
  1.83   2.144E-19
  1.95   2.489E-19
  2.16   3.280E-19
  2.36   4.024E-19
  2.42   4.280E-19
  2.74   5.698E-19
  3.16   3.070E-20
  3.98   6.420E-20
  4.48   8.769E-20
   4.53000   9.00000E-20
   4.56600   9.00000E-20
   4.59000   9.00000E-20
   4.64000   1.00000E-19
   4.66700   1.00000E-19
   4.77000   1.00000E-19
   4.78700   1.00000E-19
   4.92200   1.10000E-19
   4.96000   1.10000E-19
   5.03600   1.20000E-19
   5.05200   1.20000E-19
   5.06900   1.20000E-19
   5.17000   1.20000E-19
   5.23000   1.30000E-19
   5.29100   1.30000E-19
   5.39000   1.40000E-19
   5.41500   1.40000E-19
   5.44200   1.40000E-19
   5.47000   1.40000E-19
   5.50600   1.40000E-19
   5.53400   1.40000E-19
   5.60800   1.50000E-19
   5.64000   1.50000E-19
   5.69200   1.50000E-19
   5.73600   1.60000E-19
   5.75600   1.60000E-19
   5.78800   1.60000E-19
   5.89600   1.70000E-19
   5.96200   1.70000E-19
   6.03000   1.80000E-19
   6.08500   1.80000E-19
   6.10700   1.80000E-19
   6.16300   1.80000E-19
   6.19000   1.90000E-19
   6.23000   1.90000E-19
   6.27700   1.90000E-19
   6.29200   1.90000E-19
   6.31600   2.00000E-19
   6.33000   2.00000E-19
   6.36500   2.00000E-19
   6.41100   2.00000E-19
   6.43800   2.00000E-19
   6.46000   2.10000E-19
   6.52100   2.10000E-19
   6.57100   2.10000E-19
   6.58500   2.20000E-19
   6.63000   2.20000E-19
   6.71400   2.20000E-19
   6.73500   2.30000E-19
   6.76000   2.30000E-19
   6.83500   2.30000E-19
   6.89000   2.40000E-19
   6.96500   2.40000E-19
   7.00000   2.50000E-19
   7.05400   2.50000E-19
   7.07500   2.50000E-19
   7.10000   2.60000E-19
   7.19400   2.60000E-19
   7.21900   2.70000E-19
   7.23100   2.70000E-19
   7.26300   2.70000E-19
   7.28000   2.70000E-19
   7.35500   2.80000E-19
   7.42100   2.80000E-19
   7.44400   2.90000E-19
   7.48300   2.90000E-19
   7.50300   2.90000E-19
   7.52900   2.90000E-19
   7.54600   2.90000E-19
   7.57300   3.00000E-19
   7.60100   3.00000E-19
   7.64800   3.00000E-19
   7.68300   3.10000E-19
   7.69400   3.10000E-19
   7.73000   3.10000E-19
   7.75000   3.10000E-19
   7.77400   3.20000E-19
   7.85600   3.20000E-19
   7.87000   3.20000E-19
   7.90800   3.30000E-19
   7.94800   3.30000E-19
   7.97600   3.30000E-19
   8.00000   3.40000E-19
   8.02100   3.40000E-19
   8.05500   3.40000E-19
   8.09400   3.50000E-19
   8.11600   3.50000E-19
   8.15800   3.50000E-19
   8.19400   3.60000E-19
   8.21000   3.60000E-19
   8.24300   3.60000E-19
   8.26700   3.60000E-19
   8.32500   3.70000E-19
   8.34200   3.70000E-19
   8.36700   3.70000E-19
   8.40000   3.80000E-19
   8.42600   3.80000E-19
   8.45000   3.80000E-19
   8.47200   3.80000E-19
   8.48600   3.90000E-19
   8.51600   3.90000E-19
   8.55000   3.90000E-19
   8.56900   3.90000E-19
   8.58700   4.00000E-19
   8.62300   4.00000E-19
   8.64000   4.00000E-19
   8.67700   4.10000E-19
   8.69800   4.10000E-19
   8.73000   4.10000E-19
   8.76100   4.10000E-19
   8.81000   4.20000E-19
   8.84200   4.20000E-19
   8.86000   4.30000E-19
   8.89000   4.30000E-19
   8.91400   4.30000E-19
   8.97000   4.40000E-19
   9.01400   4.40000E-19
   9.04500   4.50000E-19
   9.07100   4.50000E-19
   9.10000   4.50000E-19
   9.14800   4.60000E-19
   9.16900   4.60000E-19
   9.18100   4.60000E-19
   9.20900   4.70000E-19
   9.25500   4.70000E-19
   9.28100   4.70000E-19
   9.36100   4.80000E-19
   9.40700   4.90000E-19
   9.42500   4.90000E-19
   9.43900   4.90000E-19
   9.48100   5.00000E-19
   9.53700   5.00000E-19
   9.55100   5.10000E-19
   9.58100   5.10000E-19
   9.60500   5.10000E-19
   9.64900   5.20000E-19
   9.68300   5.20000E-19
   9.71200   5.30000E-19
   9.75100   5.30000E-19
   9.78700   5.40000E-19
   9.81200   5.40000E-19
   9.82300   5.40000E-19
   9.85000   5.40000E-19
   9.88800   5.50000E-19
   9.94400   5.60000E-19
   9.97100   5.60000E-19
   9.99900   5.60000E-19
  10.05400   5.70000E-19
  10.09600   5.80000E-19
  10.15700   5.80000E-19
  10.21500   5.90000E-19
  10.30100   6.00000E-19
  10.31500   6.00000E-19
  10.33000   6.10000E-19
  10.35800   6.10000E-19
  10.39400   6.10000E-19
  10.42300   6.20000E-19
  10.47600   6.30000E-19
  10.52300   6.30000E-19
  10.62500   6.50000E-19
  10.65700   6.50000E-19
  10.69300   6.60000E-19
  10.78000   6.70000E-19
  10.80500   6.70000E-19
  10.84600   6.80000E-19
  10.95000   6.90000E-19
  10.99800   7.00000E-19
  11.05600   7.10000E-19
  11.07600   7.10000E-19
  11.11600   7.20000E-19
  11.27000   7.40000E-19
  11.38000   7.60000E-19
  11.40900   7.60000E-19
  11.42400   7.60000E-19
  11.53900   7.80000E-19
  11.58000   7.90000E-19
  11.67500   8.00000E-19
  11.72000   8.10000E-19
  11.81000   8.30000E-19
  12.00000   8.60000E-19
  12.04000   8.60000E-19
  12.11500   8.80000E-19
  12.17900   8.90000E-19
  12.27000   9.00000E-19
  12.35000   9.20000E-19
  12.40000   9.30000E-19
  12.50000   9.40000E-19
  12.76500   9.90000E-19
  12.98700   1.03000E-18
  13.00000   1.04000E-18
  13.03000   1.04000E-18
  13.05000   1.05000E-18
  13.10200   1.05000E-18
  13.12100   1.06000E-18
  13.50000   1.13000E-18
  13.62100   1.15000E-18
  13.64500   1.15000E-18
  13.78000   1.17000E-18
  14.00000   1.22000E-18
  14.12000   1.24000E-18
  14.42100   1.30000E-18
  14.50000   1.32000E-18
  14.59000   1.34000E-18
  14.83800   1.39000E-18
  15.00000   1.43000E-18
  15.01000   1.43000E-18
  15.21500   1.48000E-18
  15.28400   1.49000E-18
  15.41800   1.52000E-18
  15.50000   1.54000E-18
  15.77300   1.65000E-18
  15.83700   1.68000E-18
  15.99400   1.74000E-18
  16.03700   1.76000E-18
  16.41300   1.91000E-18
  16.50000   1.95000E-18
  16.53000   1.96000E-18
  16.75000   2.03000E-18
  16.81700   2.05000E-18
  16.85500   2.07000E-18
  16.89200   2.08000E-18
  16.97000   2.10000E-18
  17.00000   2.11000E-18
  17.10600   2.15000E-18
  17.21200   2.18000E-18
  17.29200   2.20000E-18
  17.30800   2.21000E-18
  17.45300   2.25000E-18
  17.50000   2.27000E-18
  17.52400   2.28000E-18
  17.54700   2.28000E-18
  17.71000   2.34000E-18
  17.72200   2.34000E-18
  17.80200   2.37000E-18
  17.92700   2.41000E-18
  17.97400   2.43000E-18
  18.00000   2.43000E-18
  18.04000   2.45000E-18
  18.07100   2.46000E-18
  18.11400   2.47000E-18
  18.21600   2.51000E-18
  18.23900   2.52000E-18
  18.34500   2.55000E-18
  18.39100   2.57000E-18
  18.41000   2.57000E-18
  18.45200   2.59000E-18
  18.47600   2.60000E-18
  18.50000   2.61000E-18
  18.52100   2.61000E-18
  18.66000   2.66000E-18
  18.68700   2.67000E-18
  18.79500   2.71000E-18
  18.82300   2.72000E-18
  18.87000   2.73000E-18
  19.00000   2.78000E-18
  19.07000   2.80000E-18
  19.10400   2.81000E-18
  19.12900   2.82000E-18
  19.23800   2.86000E-18
  19.28000   2.87000E-18
  19.35000   2.89000E-18
  19.50000   2.94000E-18
  19.51300   2.95000E-18
  19.65200   2.99000E-18
  19.66300   3.00000E-18
  19.74100   3.02000E-18
  19.85300   3.06000E-18
  20.00000   3.11000E-18
  20.11000   3.14000E-18
  20.20500   3.18000E-18
  20.26400   3.19000E-18
  20.37800   3.23000E-18
  20.42500   3.25000E-18
  20.48900   3.27000E-18
  20.62600   3.31000E-18
  20.63800   3.32000E-18
  20.66000   3.33000E-18
  20.74600   3.35000E-18
  20.83300   3.38000E-18
  20.96300   3.42000E-18
  20.97800   3.43000E-18
  20.99300   3.43000E-18
  21.13200   3.47000E-18
  21.21400   3.50000E-18
  21.37800   3.55000E-18
  21.47500   3.58000E-18
  21.50000   3.59000E-18
  21.51600   3.60000E-18
  21.68800   3.65000E-18
  21.70000   3.65000E-18
  21.81900   3.69000E-18
  21.90900   3.72000E-18
  22.00000   3.75000E-18
  22.12600   3.79000E-18
  22.14000   3.80000E-18
  22.18200   3.81000E-18
  22.32600   3.84000E-18
  22.37200   3.86000E-18
  22.47400   3.88000E-18
  22.50000   3.89000E-18
  22.51200   3.89000E-18
  22.70100   3.94000E-18
  22.71900   3.94000E-18
  22.74700   3.95000E-18
  22.87000   3.98000E-18
  22.96000   4.00000E-18
  23.00000   4.01000E-18
  23.06500   4.04000E-18
  23.15500   4.07000E-18
  23.26000   4.10000E-18
  23.38400   4.14000E-18
  23.43800   4.16000E-18
  23.50000   4.18000E-18
  23.55500   4.20000E-18
  23.73300   4.26000E-18
  23.84000   4.30000E-18
  23.98700   4.34000E-18
  24.00000   4.35000E-18
  24.07100   4.37000E-18
  24.17400   4.40000E-18
  24.30300   4.44000E-18
  24.38600   4.47000E-18
  24.49200   4.50000E-18
  24.59400   4.53000E-18
  24.62400   4.54000E-18
  24.69100   4.56000E-18
  24.71800   4.57000E-18
  24.80000   4.60000E-18
  24.91800   4.64000E-18
  25.00000   4.66000E-18
  25.11000   4.70000E-18
  25.19500   4.73000E-18
  25.21700   4.74000E-18
  25.37800   4.79000E-18
  25.44000   4.81000E-18
  25.60000   4.83000E-18
  25.63200   4.87000E-18
  25.66400   4.88000E-18
  25.71600   4.90000E-18
  25.73900   4.91000E-18
  25.83000   4.94000E-18
  25.95000   4.98000E-18
  26.00000   4.99000E-18
  26.10500   5.03000E-18
  26.29900   5.09000E-18
  26.42400   5.13000E-18
  26.48000   5.15000E-18
  26.50000   5.15000E-18
  26.95000   5.30000E-18
  27.00000   5.31000E-18
  27.05000   5.33000E-18
  27.19900   5.37000E-18
  27.26400   5.39000E-18
  27.41900   5.44000E-18
  27.50000   5.47000E-18
  27.53500   5.48000E-18
  27.56700   5.49000E-18
  27.61500   5.50000E-18
  27.69700   5.52000E-18
  27.70000   5.53000E-18
  27.72700   5.54000E-18
  27.84000   5.57000E-18
  28.00000   5.62000E-18
  28.09000   5.63000E-18
  28.14100   5.64000E-18
  28.41500   5.72000E-18
  28.50000   5.75000E-18
  28.57000   5.77000E-18
  28.58500   5.78000E-18
  28.83600   5.85000E-18
  28.91700   5.88000E-18
  29.00000   5.90000E-18
  29.06900   5.93000E-18
  29.16300   5.97000E-18
  29.20000   5.98000E-18
  29.27800   6.01000E-18
  29.50000   6.10000E-18
  29.55700   6.12000E-18
  29.61700   6.15000E-18
  29.95000   6.28000E-18
  30.00000   6.30000E-18
  30.08000   6.32000E-18
  30.33100   6.40000E-18
  30.37800   6.41000E-18
  31.00000   6.60000E-18
  31.50000   6.75000E-18
  31.61000   6.78000E-18
  31.62000   6.79000E-18
  31.90100   6.87000E-18
  31.98300   6.89000E-18
  32.00000   6.90000E-18
  32.05600   6.92000E-18
  32.50000   7.05000E-18
  33.00000   7.20000E-18
  33.50000   7.35000E-18
  33.53900   7.36000E-18
  34.00000   7.50000E-18
  34.50000   7.65000E-18
  34.51300   7.65000E-18
  34.57400   7.67000E-18
  34.73900   7.72000E-18
  34.98500   7.80000E-18
  35.00000   7.80000E-18
  35.38600   7.92000E-18
  35.60100   7.98000E-18
  36.00000   8.10000E-18
  36.07600   8.12000E-18
  36.44800   8.21000E-18
  36.48000   8.22000E-18
  36.80700   8.30000E-18
  37.00000   8.35000E-18
  37.47400   8.47000E-18
  38.00000   8.60000E-18
  39.00000   8.85000E-18
  39.98200   9.10000E-18
  40.00000   9.10000E-18
  40.11400   9.13000E-18
  40.17000   9.14000E-18
  40.19400   9.15000E-18
  40.32600   9.18000E-18
  40.50000   9.23000E-18
  40.60000   9.25000E-18
  40.70000   9.28000E-18
  40.80000   9.30000E-18
  40.90000   9.33000E-18
  41.00000   9.35000E-18
  41.10000   9.38000E-18
  41.20000   9.40000E-18
  41.30000   9.43000E-18
  41.40000   9.45000E-18
  41.50000   9.48000E-18
  41.60000   9.50000E-18
  41.70000   9.53000E-18
  41.72400   9.53000E-18
  41.77100   9.54000E-18
  41.80000   9.55000E-18
  41.90000   9.58000E-18
  42.00000   9.60000E-18
  42.10000   9.62000E-18
  42.20000   9.64000E-18
  42.30000   9.66000E-18
  42.40000   9.68000E-18
  42.50000   9.70000E-18
  42.60000   9.72000E-18
  42.70000   9.74000E-18
  42.80000   9.76000E-18
  42.90000   9.78000E-18
  43.00000   9.80000E-18
  43.04700   9.81000E-18
  43.10000   9.82000E-18
  43.20000   9.84000E-18
  43.30000   9.86000E-18
  43.40000   9.88000E-18
  43.50000   9.90000E-18
  43.60000   9.92000E-18
  43.61000   9.92000E-18
  43.66700   9.93000E-18
  43.70000   9.94000E-18
  43.80000   9.96000E-18
  43.90000   9.98000E-18
  44.00000   1.00000E-17
  44.05000   1.00100E-17
  44.10000   1.00200E-17
  44.20000   1.00500E-17
  44.23000   1.00600E-17
  44.27000   1.00700E-17
  44.30000   1.00700E-17
  44.36000   1.00900E-17
  44.40000   1.01000E-17
  44.50000   1.01300E-17
  44.51000   1.01300E-17
  44.60000   1.01500E-17
  44.62000   1.01600E-17
  44.67000   1.01700E-17
  44.70000   1.01800E-17
  44.76000   1.01900E-17
  44.80000   1.02000E-17
  44.86000   1.02200E-17
  44.90000   1.02300E-17
  45.00000   1.02500E-17
  45.02000   1.02600E-17
  45.10000   1.02700E-17
  45.20000   1.03000E-17
  45.26000   1.03200E-17
  45.30000   1.03200E-17
  45.40000   1.03500E-17
  45.43000   1.03600E-17
  45.47000   1.03700E-17
  45.50000   1.03800E-17
  45.54000   1.03900E-17
  45.60000   1.04000E-17
  45.65000   1.04100E-17
  45.70000   1.04300E-17
  45.80000   1.04500E-17
  45.90000   1.04800E-17
  45.92000   1.04800E-17
  46.00000   1.05000E-17
  46.10000   1.05200E-17
  46.20000   1.05300E-17
  46.30000   1.05500E-17
  46.40000   1.05600E-17
  46.50000   1.05700E-17
  46.52200   1.05800E-17
  46.60000   1.05900E-17
  46.70000   1.06100E-17
  46.80000   1.06200E-17
  46.90000   1.06400E-17
  46.98000   1.06500E-17
  47.00000   1.06500E-17
  47.10000   1.06600E-17
  47.20000   1.06800E-17
  47.30000   1.06900E-17
  47.32000   1.07000E-17
  47.38000   1.07100E-17
  47.40000   1.07100E-17
  47.50000   1.07300E-17
  47.59000   1.07400E-17
  47.60000   1.07400E-17
  47.64000   1.07500E-17
  47.70000   1.07600E-17
  47.80000   1.07700E-17
  47.85000   1.07800E-17
  47.90000   1.07800E-17
  48.00000   1.08000E-17
  48.08000   1.08200E-17
  48.10000   1.08200E-17
  48.17000   1.08300E-17
  48.20000   1.08400E-17
  48.21000   1.08400E-17
  48.26000   1.08500E-17
  48.30000   1.08600E-17
  48.33000   1.08700E-17
  48.40000   1.08800E-17
  48.47000   1.08900E-17
  48.50000   1.09000E-17
  48.60000   1.09200E-17
  48.66000   1.09300E-17
  48.70000   1.09400E-17
  48.80000   1.09600E-17
  48.90000   1.09800E-17
  48.95000   1.09900E-17
  49.00000   1.10000E-17
  49.10000   1.10200E-17
  49.17000   1.10300E-17
  49.20000   1.10400E-17
  49.30000   1.10600E-17
  49.40000   1.10800E-17
  49.50000   1.11000E-17
  49.60000   1.11200E-17
  49.70000   1.11400E-17
  49.80000   1.11600E-17
  49.90000   1.11800E-17
  49.92700   1.11900E-17
  49.93700   1.11900E-17
  50.00000   1.12000E-17
  50.10000   1.12200E-17
  50.11000   1.12200E-17
  50.20000   1.12300E-17
  50.30000   1.12400E-17
  50.40000   1.12600E-17
  50.50000   1.12700E-17
  50.79000   1.13200E-17
  51.00000   1.13500E-17
  51.56000   1.14300E-17
  52.00000   1.15000E-17
  52.06600   1.15100E-17
  52.11000   1.15100E-17
  52.58000   1.15600E-17
  53.00000   1.16000E-17
  53.70200   1.16700E-17
  54.00000   1.17000E-17
  54.28000   1.17100E-17
  54.47000   1.17200E-17
  54.89000   1.17400E-17
  55.00000   1.17500E-17
  55.14000   1.17600E-17
  55.43700   1.17700E-17
  55.45100   1.17700E-17
  55.56000   1.17800E-17
  55.86000   1.17900E-17
  56.00000   1.18000E-17
  56.28000   1.18000E-17
  56.50000   1.18000E-17
  56.85000   1.18000E-17
  57.00000   1.18000E-17
  57.23000   1.18000E-17
  57.50000   1.18000E-17
  58.00000   1.18000E-17
  58.04000   1.18000E-17
  58.40000   1.17800E-17
  58.43300   1.17800E-17
  58.50000   1.17800E-17
  58.58000   1.17700E-17
  58.89000   1.17600E-17
  59.00000   1.17500E-17
  59.24000   1.17400E-17
  59.41000   1.17300E-17
  59.50000   1.17300E-17
  59.67000   1.17200E-17
  59.96000   1.17000E-17
  60.00000   1.17000E-17
  60.43000   1.17400E-17
  60.80000   1.17800E-17
  60.84000   1.17800E-17
  60.89000   1.17900E-17
  60.97000   1.18000E-17
  61.00000   1.18000E-17
  61.07000   1.17700E-17
  61.09000   1.17600E-17
  61.20000   1.17200E-17
  61.24000   1.17000E-17
  61.27000   1.16900E-17
  61.30000   1.16800E-17
  61.40000   1.16400E-17
  61.50000   1.16000E-17
  61.52000   1.15900E-17
  61.60000   1.15700E-17
  61.63000   1.15700E-17
  61.66000   1.15600E-17
  61.69000   1.15500E-17
  61.77000   1.15300E-17
  61.80000   1.15200E-17
  61.82000   1.15200E-17
  61.87000   1.15100E-17
  61.89000   1.15000E-17
  61.98000   1.39000E-17
  62.00000   1.21000E-17
  62.05000   1.12500E-17
  62.10000   1.04000E-17
  62.19000   1.06700E-17
  62.30000   1.04300E-17
  62.40000   1.29200E-17
  62.45000   1.27100E-17
  62.49300   1.21900E-17
  62.59000   1.19200E-17
  62.66000   1.17800E-17
  62.70000   1.17000E-17
  62.80000   1.15000E-17
  62.90000   1.13300E-17
  62.96000   1.12300E-17
  62.97000   1.12200E-17
  63.00000   1.11700E-17
  63.03000   1.11200E-17
  63.10000   1.10000E-17
  63.16000   1.46000E-17
  63.20000   1.43100E-17
  63.30000   1.35700E-17
  63.40000   1.28400E-17
  63.44000   1.25400E-17
  63.47000   1.23200E-17
  63.50000   1.21000E-17
  63.58000   1.20400E-17
  63.60000   1.20200E-17
  63.63000   1.20000E-17
  63.70000   1.19400E-17
  63.73000   1.19200E-17
  63.80000   1.18600E-17
  63.85000   1.18200E-17
  63.87000   1.18000E-17
  63.90000   1.17800E-17
  64.00000   1.17000E-17
  64.04100   1.16000E-17
  64.09300   1.14700E-17
  64.18100   1.12600E-17
  64.20000   1.12200E-17
  64.25000   1.10900E-17
  64.30000   1.09700E-17
  64.40000   1.07300E-17
  64.42000   1.06800E-17
  64.44000   1.06300E-17
  64.50000   1.04900E-17
  64.59000   1.02700E-17
  64.66000   1.01000E-17
  64.67000   1.06800E-17
  64.70000   1.24100E-17
  64.75000   1.53000E-17
  64.80000   1.46600E-17
  64.90000   1.33800E-17
  64.94000   1.28700E-17
  65.00000   1.21000E-17
  65.03000   1.21000E-17
  65.10000   1.21000E-17
  65.18000   1.21000E-17
  65.20000   1.21000E-17
  65.30000   1.21000E-17
  65.40000   1.21000E-17
  65.50000   1.21000E-17
  65.60000   1.21000E-17
  65.70000   1.21000E-17
  65.73000   1.21000E-17
  65.80000   1.21000E-17
  65.90000   1.21000E-17
  66.00000   1.21000E-17
  66.03000   1.21000E-17
  66.10000   1.21000E-17
  66.14000   1.21000E-17
  66.19000   1.21000E-17
  66.30000   1.21000E-17
  66.40000   1.21000E-17
  66.46000   1.21000E-17
  66.49000   1.21000E-17
  66.53000   1.21000E-17
  66.58000   1.21000E-17
  66.60000   1.21000E-17
  66.70000   1.21000E-17
  66.73000   1.21000E-17
  66.80000   1.21000E-17
  66.90000   1.21000E-17
  66.96000   1.21000E-17
  67.00000   1.21000E-17
  67.04000   1.21000E-17
  67.10000   1.21000E-17
  67.15000   1.21000E-17
  67.19000   1.21000E-17
  67.29000   1.21000E-17
  67.36000   1.21000E-17
  67.38000   1.21000E-17
  67.40000   1.21000E-17
  67.44000   1.21000E-17
  67.50000   1.21000E-17
  67.52000   1.21000E-17
  67.57000   1.21000E-17
  67.60000   1.21000E-17
  67.62000   1.21000E-17
  67.66000   1.21000E-17
  67.70000   1.21000E-17
  67.75000   1.21000E-17
  67.79000   1.21000E-17
  67.83000   1.21000E-17
  67.88000   1.21000E-17
  67.90000   1.21000E-17
  67.92000   1.21000E-17
  67.99000   1.21000E-17
  68.02000   1.21000E-17
  68.04000   1.21000E-17
  68.07000   1.21000E-17
  68.10000   1.21000E-17
  68.13000   1.21000E-17
  68.14000   1.21000E-17
  68.16000   1.21000E-17
  68.17000   1.21000E-17
  68.20000   1.21000E-17
  68.23000   1.21000E-17
  68.28000   1.21000E-17
  68.30000   1.21000E-17
  68.33000   1.21000E-17
  68.38000   1.21000E-17
  68.39000   1.21000E-17
  68.43000   1.21000E-17
  68.45000   1.21000E-17
  68.48000   1.21000E-17
  68.49000   1.21000E-17
  68.55000   1.19600E-17
  68.57100   1.19000E-17
  68.60000   1.18200E-17
  68.63000   1.17400E-17
  68.66000   1.16500E-17
  68.67000   1.16200E-17
  68.70000   1.15400E-17
  68.73000   1.14600E-17
  68.79000   1.12900E-17
  68.84000   1.11500E-17
  68.87000   1.10600E-17
  68.90000   1.09800E-17
  69.00000   1.07000E-17
  69.06000   1.02800E-17
  69.08000   1.01400E-17
  69.10000   1.00000E-17
  69.12000   1.12800E-17
  69.14000   1.25600E-17
  69.20000   1.64100E-17
  69.22000   1.76900E-17
  69.24000   1.89800E-17
  69.27000   2.09000E-17
  69.30000   2.02000E-17
  69.38000   1.83200E-17
  69.40000   1.78500E-17
  69.43000   1.71400E-17
  69.49000   1.57300E-17
  69.52000   1.54200E-17
  69.60000   1.51000E-17
  69.65000   1.49000E-17
  69.70000   1.47000E-17
  69.73000   1.45800E-17
  69.75000   1.45000E-17
  69.77000   1.44200E-17
  69.80000   1.43000E-17
  69.83000   1.41800E-17
  69.89000   1.39400E-17
  69.94000   1.37400E-17
  69.96000   1.36600E-17
  69.97000   1.36200E-17
  70.00000   1.35000E-17
  70.03000   1.34800E-17
  70.04000   1.34700E-17
  70.08000   1.34400E-17
  70.10000   1.34300E-17
  70.12000   1.34200E-17
  70.16000   1.33900E-17
  70.18000   1.33700E-17
  70.20000   1.33600E-17
  70.30000   1.32900E-17
  70.33600   1.32600E-17
  70.36000   1.32500E-17
  70.40000   1.32200E-17
  70.45000   1.31900E-17
  70.50000   1.31500E-17
  70.53000   1.31300E-17
  70.59000   1.30900E-17
  70.66000   1.30400E-17
  70.70000   1.30100E-17
  70.76000   1.29700E-17
  70.79000   1.29500E-17
  70.89000   1.28800E-17
  70.92000   1.28600E-17
  70.97000   1.28200E-17
  71.00000   1.28000E-17
  71.08000   1.27400E-17
  71.10000   1.27300E-17
  71.19000   1.26700E-17
  71.25000   1.26300E-17
  71.27000   1.26100E-17
  71.29000   1.26000E-17
  71.35000   1.25600E-17
  71.39000   1.25300E-17
  71.47000   1.24700E-17
  71.50000   1.24500E-17
  71.56000   1.24100E-17
  71.57000   1.24000E-17
  71.60000   1.23800E-17
  71.65000   1.23500E-17
  71.70000   1.23100E-17
  71.72000   1.23000E-17
  71.76000   1.22700E-17
  71.80000   1.22400E-17
  71.85000   1.22000E-17
  71.90000   1.21700E-17
  71.92000   1.21600E-17
  71.94000   1.21400E-17
  72.00000   1.21000E-17
  72.04000   1.20900E-17
  72.09000   1.20800E-17
  72.13000   1.20700E-17
  72.14000   1.20600E-17
  72.18000   1.20600E-17
  72.20000   1.20500E-17
  72.25000   1.20400E-17
  72.29000   1.20300E-17
  72.34000   1.20100E-17
  72.39000   1.20000E-17
  72.42000   1.19900E-17
  72.48000   1.19800E-17
  72.49000   1.19800E-17
  72.55000   1.19600E-17
  72.57000   1.19600E-17
  72.60000   1.19500E-17
  72.64000   1.19400E-17
  72.70000   1.19300E-17
  72.73000   1.19200E-17
  72.75000   1.19100E-17
  72.80000   1.19000E-17
  72.83000   1.18900E-17
  72.87000   1.18800E-17
  72.90000   1.18800E-17
  72.94000   1.18600E-17
  72.98000   1.18600E-17
  73.00000   1.18500E-17
  73.06000   1.18400E-17
  73.09000   1.18300E-17
  73.15000   1.18100E-17
  73.18000   1.18100E-17
  73.20000   1.18000E-17
  73.22000   1.18000E-17
  73.25000   1.17900E-17
  73.30000   1.17800E-17
  73.33000   1.17700E-17
  73.40000   1.17500E-17
  73.45000   1.17400E-17
  73.50000   1.17300E-17
  73.53000   1.17200E-17
  73.59000   1.17000E-17
  73.65000   1.16900E-17
  73.70000   1.16800E-17
  73.72000   1.16700E-17
  73.75000   1.16600E-17
  73.80000   1.16500E-17
  73.84000   1.16400E-17
  73.90000   1.16300E-17
  73.92000   1.16200E-17
  74.00000   1.16000E-17
  74.02000   1.16000E-17
  74.10000   1.15900E-17
  74.12000   1.15900E-17
  74.20000   1.15800E-17
  74.22000   1.15800E-17
  74.24000   1.15800E-17
  74.30000   1.15700E-17
  74.32000   1.15700E-17
  74.35000   1.15700E-17
  74.37000   1.15600E-17
  74.40000   1.15600E-17
  74.45000   1.15600E-17
  74.49000   1.15500E-17
  74.60000   1.15400E-17
  74.64000   1.15400E-17
  74.67000   1.15300E-17
  74.70000   1.15300E-17
  74.75000   1.15300E-17
  74.80000   1.15200E-17
  74.85000   1.15200E-17
  74.90000   1.15100E-17
  74.92000   1.15100E-17
  75.00000   1.15000E-17
  75.07000   1.14900E-17
  75.10000   1.14900E-17
  75.16000   1.14800E-17
  75.20000   1.14800E-17
  75.23000   1.14800E-17
  75.29000   1.14700E-17
  75.40000   1.14600E-17
  75.44000   1.14600E-17
  75.50000   1.14500E-17
  75.52000   1.14500E-17
  75.55000   1.14400E-17
  75.58000   1.14400E-17
  75.60000   1.14400E-17
  75.62000   1.14400E-17
  75.65000   1.14300E-17
  75.70000   1.14300E-17
  75.72000   1.14300E-17
  75.75000   1.14300E-17
  75.77000   1.14200E-17
  75.80000   1.14200E-17
  75.83000   1.14200E-17
  75.84000   1.14200E-17
  75.86800   1.14100E-17
  75.90000   1.14100E-17
  75.94000   1.14100E-17
  76.00000   1.14000E-17
  76.02000   1.14000E-17
  76.04000   1.13900E-17
  76.07000   1.13900E-17
  76.10000   1.13800E-17
  76.15000   1.13800E-17
  76.20000   1.13700E-17
  76.22000   1.13700E-17
  76.25000   1.13600E-17
  76.30000   1.13500E-17
  76.32000   1.13500E-17
  76.35000   1.13500E-17
  76.37000   1.13400E-17
  76.40000   1.13400E-17
  76.44000   1.13300E-17
  76.47000   1.13300E-17
  76.50000   1.13200E-17
  76.53000   1.13200E-17
  76.54000   1.13200E-17
  76.57000   1.13100E-17
  76.60000   1.13100E-17
  76.65000   1.13000E-17
  76.67000   1.13000E-17
  76.70000   1.13000E-17
  76.73000   1.12900E-17
  76.75000   1.12900E-17
  76.77000   1.12800E-17
  76.79000   1.12800E-17
  76.83000   1.12800E-17
  76.84000   1.12700E-17
  76.87000   1.12700E-17
  76.90000   1.12700E-17
  76.92000   1.12600E-17
  76.95000   1.12600E-17
  77.00000   1.12500E-17
  77.02000   1.12500E-17
  77.04000   1.12400E-17
  77.08000   1.12400E-17
  77.10000   1.12300E-17
  77.15000   1.12300E-17
  77.20000   1.12200E-17
  77.24000   1.12100E-17
  77.30000   1.12000E-17
  77.35000   1.12000E-17
  77.40000   1.11900E-17
  77.45000   1.11800E-17
  77.50000   1.11800E-17
  77.55000   1.11700E-17
  77.57000   1.11600E-17
  77.60000   1.11600E-17
  77.65000   1.11500E-17
  77.70000   1.11500E-17
  77.75000   1.11400E-17
  77.80000   1.11300E-17
  77.85000   1.11200E-17
  77.87000   1.11200E-17
  77.90000   1.11200E-17
  77.95000   1.11100E-17
  77.98000   1.11000E-17
  77.99000   1.11000E-17
  78.03000   1.11000E-17
  78.05000   1.10900E-17
  78.10000   1.10900E-17
  78.12000   1.10800E-17
  78.15000   1.10800E-17
  78.20000   1.10700E-17
  78.25000   1.10600E-17
  78.29000   1.10600E-17
  78.32000   1.10500E-17
  78.35000   1.10500E-17
  78.38000   1.10400E-17
  78.40000   1.10400E-17
  78.44000   1.10300E-17
  78.48000   1.10300E-17
  78.50000   1.10300E-17
  78.55000   1.10200E-17
  78.60000   1.10100E-17
  78.62000   1.10100E-17
  78.64000   1.10000E-17
  78.70000   1.09900E-17
  78.75000   1.09900E-17
  78.77000   1.09800E-17
  78.80000   1.09800E-17
  78.85000   1.09700E-17
  78.90000   1.09700E-17
  78.95000   1.09600E-17
  79.00000   1.09500E-17
  79.05000   1.09400E-17
  79.08000   1.09400E-17
  79.10000   1.09400E-17
  79.13000   1.09300E-17
  79.14000   1.09300E-17
  79.18000   1.09200E-17
  79.24000   1.09100E-17
  79.28000   1.09100E-17
  79.29200   1.09100E-17
  79.31400   1.09000E-17
  79.35000   1.09000E-17
  79.40000   1.08900E-17
  79.45000   1.08800E-17
  79.50000   1.08800E-17
  79.52000   1.08700E-17
  79.60000   1.08600E-17
  79.70000   1.08500E-17
  79.77000   1.08300E-17
  79.80000   1.08300E-17
  79.90000   1.08200E-17
  79.95000   1.08100E-17
  80.00000   1.08000E-17
  80.05000   1.08000E-17
  80.10000   1.07900E-17
  80.15000   1.07800E-17
  80.20000   1.07800E-17
  80.26000   1.07700E-17
  80.30000   1.07700E-17
  80.35000   1.07700E-17
  80.40000   1.07600E-17
  80.42700   1.07600E-17
  80.43800   1.07600E-17
  80.45000   1.07600E-17
  80.47800   1.07500E-17
  80.50000   1.07500E-17
  80.52900   1.07500E-17
  80.54400   1.07500E-17
  80.57400   1.07400E-17
  80.60000   1.07400E-17
  80.62300   1.07400E-17
  80.64200   1.07400E-17
  80.70000   1.07300E-17
  80.80000   1.07200E-17
  80.82000   1.07200E-17
  80.85000   1.07200E-17
  80.88000   1.07100E-17
  80.90000   1.07100E-17
  80.93000   1.07100E-17
  80.95000   1.07000E-17
  81.00000   1.07000E-17
  81.05000   1.07000E-17
  81.06600   1.06900E-17
  81.08500   1.06900E-17
  81.10000   1.06900E-17
  81.12600   1.06900E-17
  81.14900   1.06900E-17
  81.16100   1.06800E-17
  81.18000   1.06800E-17
  81.20000   1.06800E-17
  81.22700   1.06800E-17
  81.25000   1.06800E-17
  81.28000   1.06700E-17
  81.30000   1.06700E-17
  81.35000   1.06600E-17
  81.37000   1.06600E-17
  81.40000   1.06600E-17
  81.45000   1.06600E-17
  81.49000   1.06500E-17
  81.55000   1.06500E-17
  81.60000   1.06400E-17
  81.64200   1.06400E-17
  81.67700   1.06300E-17
  81.70000   1.06300E-17
  81.71900   1.06300E-17
  81.75000   1.06300E-17
  81.77800   1.06200E-17
  81.80000   1.06200E-17
  81.82000   1.06200E-17
  81.83400   1.06200E-17
  81.85000   1.06200E-17
  81.90000   1.06100E-17
  81.95000   1.06100E-17
  81.98000   1.06000E-17
  82.00000   1.06000E-17
  82.05000   1.05900E-17
  82.10000   1.05800E-17
  82.13000   1.05700E-17
  82.15000   1.05700E-17
  82.20000   1.05600E-17
  82.30000   1.05400E-17
  82.32000   1.05400E-17
  82.40000   1.05200E-17
  82.45000   1.05100E-17
  82.49000   1.05000E-17
  82.53000   1.04900E-17
  82.55000   1.04900E-17
  82.60000   1.04800E-17
  82.65000   1.04700E-17
  82.68000   1.04600E-17
  82.70000   1.04600E-17
  82.75000   1.04500E-17
  82.78000   1.04400E-17
  82.80000   1.04400E-17
  82.83000   1.04300E-17
  82.90000   1.04200E-17
  82.94000   1.04100E-17
  82.96000   1.04100E-17
  82.98000   1.04000E-17
  83.00000   1.04000E-17
  83.10000   1.03800E-17
  83.20000   1.03600E-17
  83.25000   1.03500E-17
  83.28000   1.03400E-17
  83.29000   1.03400E-17
  83.35000   1.03300E-17
  83.37000   1.03300E-17
  83.40000   1.03200E-17
  83.42000   1.03200E-17
  83.45000   1.03100E-17
  83.50000   1.03000E-17
  83.52000   1.03000E-17
  83.54000   1.02900E-17
  83.60000   1.02800E-17
  83.63000   1.02700E-17
  83.70000   1.02600E-17
  83.75000   1.02500E-17
  83.78000   1.02400E-17
  83.80000   1.02400E-17
  83.86000   1.02300E-17
  83.89000   1.02200E-17
  84.00000   1.02000E-17
  84.05000   1.01600E-17
  84.07000   1.01500E-17
  84.10000   1.01300E-17
  84.15000   1.01000E-17
  84.20000   1.00600E-17
  84.25000   1.00200E-17
  84.30000   9.99000E-18
  84.35000   9.95000E-18
  84.38000   9.93000E-18
  84.40000   9.92000E-18
  84.45000   9.89000E-18
  84.50000   9.85000E-18
  84.55000   9.81000E-18
  84.59000   9.79000E-18
  84.70000   9.71000E-18
  84.76000   9.67000E-18
  84.80000   9.64000E-18
  84.85000   9.60000E-18
  84.90000   9.57000E-18
  84.92000   9.56000E-18
  84.95000   9.53000E-18
  85.00000   9.50000E-18
  85.06000   9.47000E-18
  85.10000   9.45000E-18
  85.15000   9.43000E-18
  85.18000   9.42000E-18
  85.20000   9.41000E-18
  85.21900   9.40000E-18
  85.25000   5.96000E-18
  85.30000   4.00000E-19
  85.32000   3.90000E-19
  85.35000   3.70000E-19
  85.40000   3.40000E-19
  86.45000   3.10000E-19
  85.50000   2.90000E-19
  85.55000   2.60000E-19
  85.60000   2.30000E-19
  85.62000   2.20000E-19
  85.65000   2.00000E-19
  85.70000   1.70000E-19
  85.73000   1.50000E-19
  85.77000   1.30000E-19
  85.80000   1.10000E-19
  85.85000   9.00000E-20
  85.90000   6.00000E-20
  85.92000   5.00000E-20
  86.00000   0.00000E+00
  86.04000   0.00000E+00
  86.10000   0.00000E+00
  86.15000   0.00000E+00
  86.20000   0.00000E+00
  86.30000   0.00000E+00
  86.32000   0.00000E+00
  86.40000   0.00000E+00
  86.46000   0.00000E+00
  86.50000   0.00000E+00
  86.52000   0.00000E+00
  86.54000   0.00000E+00
  86.60000   0.00000E+00
  86.65000   0.00000E+00
  86.70000   0.00000E+00
  86.75000   0.00000E+00
  86.80000   0.00000E+00
  86.85000   0.00000E+00
  86.90000   0.00000E+00
  86.95000   0.00000E+00
  87.00000   0.00000E+00
  87.08000   0.00000E+00
  87.10000   0.00000E+00
  87.14000   0.00000E+00
  87.20000   0.00000E+00
  87.25000   0.00000E+00
  87.30000   0.00000E+00
  87.35000   0.00000E+00
  87.40000   0.00000E+00
  87.45000   0.00000E+00
  87.50000   0.00000E+00
  87.52000   0.00000E+00
  87.55000   0.00000E+00
  87.60000   0.00000E+00
  87.62000   0.00000E+00
  87.65000   0.00000E+00
  87.70000   0.00000E+00
  87.75000   0.00000E+00
  87.77200   0.00000E+00
  87.85000   0.00000E+00
  87.89200   0.00000E+00
  87.92000   0.00000E+00
  87.95000   0.00000E+00
  87.98000   0.00000E+00
  88.00000   0.00000E+00
  88.05000   0.00000E+00
  88.10000   0.00000E+00
  88.15000   0.00000E+00
  88.20000   0.00000E+00
  88.25000   0.00000E+00
  88.27000   0.00000E+00
  88.30000   0.00000E+00
  88.33000   0.00000E+00
  88.35000   0.00000E+00
  88.40000   0.00000E+00
  88.45000   0.00000E+00
  88.50000   0.00000E+00
  88.55000   0.00000E+00
  88.58000   0.00000E+00
  88.60000   0.00000E+00
  88.65000   0.00000E+00
  88.69000   0.00000E+00
  88.75000   0.00000E+00
  88.80000   0.00000E+00
  88.85000   0.00000E+00
  88.90000   0.00000E+00
  88.95000   0.00000E+00
  89.00000   0.00000E+00
  89.05000   0.00000E+00
  89.10000   0.00000E+00
  89.15000   0.00000E+00
  89.20000   0.00000E+00
  89.25000   0.00000E+00
  89.30000   0.00000E+00
  89.35000   0.00000E+00
  89.40000   0.00000E+00
  89.45000   0.00000E+00
  89.47000   0.00000E+00
  89.50000   0.00000E+00
  89.55000   0.00000E+00
  89.58000   0.00000E+00
  89.60000   0.00000E+00
  89.65000   0.00000E+00
  89.70000   0.00000E+00
  89.72000   0.00000E+00
  89.75000   0.00000E+00
  89.80000   0.00000E+00
  89.85000   0.00000E+00
  89.87000   0.00000E+00
  89.90000   0.00000E+00
  89.95000   0.00000E+00
  90.00000   0.00000E+00
  90.02000   0.00000E+00
  90.05000   0.00000E+00
  90.10000   0.00000E+00
  90.13000   0.00000E+00
  90.15000   0.00000E+00
  90.20000   0.00000E+00
  90.30000   0.00000E+00
  90.35000   0.00000E+00
  90.38000   0.00000E+00
  90.40000   0.00000E+00
  90.45000   0.00000E+00
  90.50000   0.00000E+00
  90.55000   0.00000E+00
  90.60000   0.00000E+00
  90.64000   0.00000E+00
  90.70000   0.00000E+00
  90.74000   0.00000E+00
  90.80000   0.00000E+00
  90.85000   0.00000E+00
  90.90000   0.00000E+00
  90.95000   0.00000E+00
  90.98000   0.00000E+00
  91.00000   0.00000E+00
  91.04000   0.00000E+00
  91.10000   0.00000E+00
  91.15000   0.00000E+00
  91.17600   0.00000E+00
  91.20000   0.00000E+00
  91.23200   0.00000E+00
  91.25000   0.00000E+00
  91.30000   0.00000E+00
  91.33000   0.00000E+00
  91.35000   0.00000E+00
  91.40000   0.00000E+00
  91.45000   0.00000E+00
  91.47000   0.00000E+00
  91.50000   0.00000E+00
  91.55000   0.00000E+00
  91.60000   0.00000E+00
  91.65000   0.00000E+00
  91.70000   0.00000E+00
  91.72000   0.00000E+00
  91.75000   0.00000E+00
  91.80000   0.00000E+00
  91.85000   0.00000E+00
  91.89000   0.00000E+00
  91.95000   0.00000E+00
  91.99000   0.00000E+00
  92.04000   0.00000E+00
  92.09600   0.00000E+00
  92.15000   0.00000E+00
  92.20000   0.00000E+00
  92.25000   0.00000E+00
  92.28000   0.00000E+00
  92.30000   0.00000E+00
  92.35000   0.00000E+00
  92.37000   0.00000E+00
  92.40000   0.00000E+00
  92.43000   0.00000E+00
  92.45000   0.00000E+00
  92.50000   0.00000E+00
  92.55000   0.00000E+00
  92.60000   0.00000E+00
  92.62000   0.00000E+00
  92.64000   0.00000E+00
  92.70000   0.00000E+00
  92.76000   0.00000E+00
  92.80000   0.00000E+00
  92.85000   0.00000E+00
  92.90000   0.00000E+00
  93.00000   0.00000E+00
  93.05000   0.00000E+00
  93.07500   0.00000E+00
  93.10000   0.00000E+00
  93.15000   0.00000E+00
  93.19000   0.00000E+00
  93.24000   0.00000E+00
  93.30000   0.00000E+00
  93.33800   0.00000E+00
  93.35000   0.00000E+00
  93.40000   0.00000E+00
  93.45000   0.00000E+00
  93.50000   0.00000E+00
  93.53000   0.00000E+00
  93.55000   0.00000E+00
  93.60000   0.00000E+00
  93.65000   0.00000E+00
  93.70000   0.00000E+00
  93.75000   0.00000E+00
  93.78000   0.00000E+00
  93.79000   0.00000E+00
  93.85000   0.00000E+00
  93.90000   0.00000E+00
  93.93000   0.00000E+00
  93.95000   0.00000E+00
  94.00000   0.00000E+00
  94.05000   0.00000E+00
  94.10000   0.00000E+00
  94.15000   0.00000E+00
  94.20000   0.00000E+00
  94.24000   0.00000E+00
  94.30000   0.00000E+00
  94.33000   0.00000E+00
  94.35000   0.00000E+00
  94.40000   0.00000E+00
  94.45000   0.00000E+00
  94.50000   0.00000E+00
  94.60000   0.00000E+00
  94.70000   0.00000E+00
  94.77000   0.00000E+00
  94.80000   0.00000E+00
  94.85000   0.00000E+00
  94.90000   0.00000E+00
  94.95000   0.00000E+00
  94.97400   0.00000E+00
  95.00000   0.00000E+00
  95.03000   0.00000E+00
  95.05000   0.00000E+00
  95.10000   0.00000E+00
  95.20000   0.00000E+00
  95.30000   0.00000E+00
  95.40000   0.00000E+00
  95.50000   0.00000E+00
  95.59000   0.00000E+00
  95.65000   0.00000E+00
  95.67000   0.00000E+00
  95.70000   0.00000E+00
  95.75000   0.00000E+00
  95.80000   0.00000E+00
  95.82000   0.00000E+00
  95.85000   0.00000E+00
  95.88000   0.00000E+00
  95.90000   0.00000E+00
  95.95000   0.00000E+00
  96.00000   0.00000E+00
  96.05000   0.00000E+00
  96.10000   0.00000E+00
  96.15000   0.00000E+00
  96.19000   0.00000E+00
  96.25000   0.00000E+00
  96.28000   0.00000E+00
  96.30000   0.00000E+00
  96.40000   0.00000E+00
  96.50000   0.00000E+00
  96.55000   0.00000E+00
  96.60000   0.00000E+00
  96.65000   0.00000E+00
  96.70000   0.00000E+00
  96.75000   0.00000E+00
  96.80000   0.00000E+00
  96.90000   0.00000E+00
  96.95000   0.00000E+00
  97.00000   0.00000E+00
  97.04000   0.00000E+00
  97.10000   0.00000E+00
  97.15000   0.00000E+00
  97.20000   0.00000E+00
  97.25000   0.00000E+00
  97.29000   0.00000E+00
  97.35000   0.00000E+00
  97.40000   0.00000E+00
  97.45000   0.00000E+00
  97.50000   0.00000E+00
  97.53000   0.00000E+00
  97.55000   0.00000E+00
  97.60000   0.00000E+00
  97.65000   0.00000E+00
  97.70000   0.00000E+00
  97.75000   0.00000E+00
  97.80000   0.00000E+00
  97.85000   0.00000E+00
  97.90000   0.00000E+00
  97.95000   0.00000E+00
  98.00000   0.00000E+00
  98.05000   0.00000E+00
  98.10000   0.00000E+00
  98.15000   0.00000E+00
  98.20000   0.00000E+00
  98.25000   0.00000E+00
  98.30000   0.00000E+00
  98.33000   0.00000E+00
  98.35000   0.00000E+00
  98.40000   0.00000E+00
  98.45000   0.00000E+00
  98.50000   0.00000E+00
  98.52000   0.00000E+00
  98.55000   0.00000E+00
  98.59000   0.00000E+00
  98.63000   0.00000E+00
  98.70000   0.00000E+00
  98.80000   0.00000E+00
  98.85000   0.00000E+00
  98.90000   0.00000E+00
  98.96000   0.00000E+00
  98.97900   0.00000E+00
  99.00000   0.00000E+00
  99.10000   0.00000E+00
  99.15000   0.00000E+00
  99.20000   0.00000E+00
  99.29000   0.00000E+00
  99.32000   0.00000E+00
  99.35000   0.00000E+00
  99.40000   0.00000E+00
  99.50000   0.00000E+00
  99.60000   0.00000E+00
  99.70000   0.00000E+00
  99.72000   0.00000E+00
  99.80000   0.00000E+00
  99.90000   0.00000E+00
 100.00000   0.00000E+00
 100.10000   0.00000E+00
 100.20000   0.00000E+00
 100.30000   0.00000E+00
 100.40000   0.00000E+00
 100.43000   0.00000E+00
 100.46000   0.00000E+00
 100.50000   0.00000E+00
 100.60000   0.00000E+00
 100.68000   0.00000E+00
 100.70000   0.00000E+00
 100.79000   0.00000E+00
 100.90000   0.00000E+00
 100.94000   0.00000E+00
 101.00000   0.00000E+00
 101.02000   0.00000E+00
 101.10000   0.00000E+00
 101.14000   0.00000E+00
 101.20000   0.00000E+00
 101.23000   0.00000E+00
 101.30000   0.00000E+00
 101.35000   0.00000E+00
 101.39000   0.00000E+00
 101.50000   0.00000E+00
 101.58000   0.00000E+00
 101.60000   0.00000E+00
 101.64000   0.00000E+00
 101.69000   0.00000E+00
 101.72000   0.00000E+00
 101.78000   0.00000E+00
 101.80000   0.00000E+00
 101.83000   0.00000E+00
 101.88000   0.00000E+00
 101.90000   0.00000E+00
 101.94000   0.00000E+00
 102.00000   0.00000E+00
 102.04000   0.00000E+00
 102.08000   0.00000E+00
 102.10000   0.00000E+00
 102.16000   0.00000E+00
 102.20000   0.00000E+00
 102.24000   0.00000E+00
 102.30000   0.00000E+00
 102.34000   0.00000E+00
 102.40000   0.00000E+00
 102.46000   0.00000E+00
 102.50000   0.00000E+00
 102.53000   0.00000E+00
 102.57000   0.00000E+00
 102.60000   0.00000E+00
 102.70000   0.00000E+00
