  186.0  5.87222e-19
  187.0  5.59527e-19
  188.0  5.31115e-19
  189.0  5.03498e-19
  190.0  4.76377e-19
  191.0  4.49886e-19
  192.0  4.24242e-19
  193.0  4.00302e-19
  194.0  3.78246e-19
  195.0  3.59099e-19
  196.0  3.42576e-19
  197.0  3.29631e-19
  198.0  3.20405e-19
  199.0  3.15954e-19
  200.0  3.16099e-19
  201.0  3.21477e-19
  202.0  3.32443e-19
  203.0  3.50230e-19
  204.0  3.74565e-19
  205.0  4.07147e-19
  206.0  4.46478e-19
  207.0  4.93987e-19
  208.0  5.49406e-19
  209.0  6.15864e-19
  210.0  6.91305e-19
  211.0  7.78630e-19
  212.0  8.75621e-19
  213.0  9.86092e-19
  214.0  1.10830e-18
  215.0  1.24341e-18
  216.0  1.39540e-18
  217.0  1.55944e-18
  218.0  1.74029e-18
  219.0  1.93350e-18
  220.0  2.14734e-18
  221.0  2.37678e-18
  222.0  2.62082e-18
  223.0  2.88359e-18
  224.0  3.15833e-18
  225.0  3.45436e-18
  226.0  3.76405e-18
  227.0  4.08524e-18
  228.0  4.42131e-18
  229.0  4.76439e-18
  230.0  5.12741e-18
  231.0  5.50137e-18
  232.0  5.87842e-18
  233.0  6.25653e-18
  234.0  6.63223e-18
  235.0  7.01074e-18
  236.0  7.40285e-18
  237.0  7.79138e-18
  238.0  8.17571e-18
  239.0  8.55524e-18
  240.0  8.91666e-18
  241.0  9.26266e-18
  242.0  9.58973e-18
  243.0  9.89157e-18
  244.0  1.01863e-17
  245.0  1.04643e-17
  246.0  1.07086e-17
  247.0  1.09102e-17
  248.0  1.10723e-17
  249.0  1.11962e-17
  250.0  1.13080e-17
  251.0  1.14071e-17
  252.0  1.14643e-17
  253.0  1.14742e-17
  254.0  1.14276e-17
  255.0  1.13347e-17
  256.0  1.12096e-17
  257.0  1.10710e-17
  258.0  1.09006e-17
  259.0  1.06938e-17
  260.0  1.04587e-17
  261.0  1.01936e-17
  262.0  9.89255e-18
  263.0  9.56594e-18
  264.0  9.22076e-18
  265.0  8.85172e-18
  266.0  8.46581e-18
  267.0  8.08424e-18
  268.0  7.69581e-18
  269.0  7.29515e-18
  270.0  6.88691e-18
  271.0  6.48023e-18
  272.0  6.07026e-18
  273.0  5.65969e-18
  274.0  5.26861e-18
  275.0  4.89043e-18
  276.0  4.52042e-18
  277.0  4.15865e-18
  278.0  3.81657e-18
  279.0  3.48812e-18
  280.0  3.17416e-18
  281.0  2.87543e-18
  282.0  2.60250e-18
  283.0  2.34665e-18
  284.0  2.10811e-18
  285.0  1.88582e-18
  286.0  1.68685e-18
  287.0  1.50360e-18
  288.0  1.33573e-18
  289.0  1.18208e-18
  290.0  1.03934e-18
  291.0  9.08439e-19
  292.0  7.95156e-19
  293.0  7.01430e-19
  294.0  6.29929e-19
  295.0  5.86179e-19
  296.0  5.46173e-19
  297.0  5.03115e-19
  298.0  4.51747e-19
  299.0  3.92681e-19
  300.0  3.43532e-19
  301.0  3.02658e-19
  302.0  2.62992e-19
  303.0  2.33367e-19
  304.0  2.01848e-19
  305.0  1.78700e-19
  306.0  1.55196e-19
  307.0  1.35552e-19
  308.0  1.21294e-19
  309.0  1.02832e-19
  310.0  9.20310e-20
  311.0  7.96538e-20
  312.0  6.93990e-20
  313.0  6.20898e-20
  314.0  5.24263e-20
  315.0  4.73350e-20
  316.0  4.06297e-20
  317.0  3.66377e-20
  318.0  2.97187e-20
  319.0  2.89530e-20
  320.0  2.16664e-20
  321.0  2.02373e-20
  322.0  1.74850e-20
  323.0  1.41897e-20
  324.0  1.19717e-20
  325.0  1.01018e-20
  326.0  8.43116e-21
  327.0  6.98823e-21
  328.0  5.91053e-21
  329.0  5.03760e-21
  330.0  4.32410e-21
  331.0  3.72449e-21
  332.0  3.20015e-21
  333.0  2.73147e-21
  334.0  2.32396e-21
  335.0  1.98161e-21
  336.0  1.69784e-21
  337.0  1.46354e-21
  338.0  1.29092e-21
  339.0  1.14565e-21
  340.0  1.01707e-21
  341.0  8.96569e-22
  342.0  7.78283e-22
  343.0  6.57836e-22
  344.0  5.46972e-22
  345.0  4.51108e-22
  346.0  3.71570e-22
  347.0  3.06779e-22
  348.0  2.58137e-22
  349.0  2.18041e-22
  350.0  1.85311e-22
  351.0  1.58505e-22
  352.0  1.36222e-22
  353.0  1.18764e-22
  354.0  1.04004e-22
  355.0  9.12784e-23
  356.0  7.99162e-23
  357.0  6.94065e-23
  358.0  5.96328e-23
  359.0  5.07865e-23
  360.0  4.30221e-23
  361.0  3.63194e-23
  362.0  3.05167e-23
  363.0  2.55204e-23
  364.0  2.12538e-23
  365.0  1.77990e-23
  366.0  1.50998e-23
  367.0  1.30335e-23
  368.0  1.16527e-23
  369.0  1.06078e-23
  370.0  9.79611e-24
  371.0  9.11828e-24
  372.0  8.48512e-24
  373.0  7.76233e-24
  374.0  7.09358e-24
  375.0  6.52341e-24
  376.0  6.06752e-24
  377.0  5.72405e-24
  378.0  5.50175e-24
  379.0  5.36634e-24
  380.0  5.31455e-24
  381.0  5.33712e-24
  382.0  5.41846e-24
  383.0  5.53981e-24
  384.0  5.72386e-24
  385.0  5.97834e-24
  386.0  6.30051e-24
  387.0  6.68373e-24
  388.0  7.15885e-24
  389.0  7.71101e-24
  390.0  8.32162e-24
  391.0  8.95133e-24
  392.0  9.54682e-24
  393.0  9.97969e-24
  394.0  1.03459e-23
  395.0  1.06893e-23
  396.0  1.10608e-23
  397.0  1.15075e-23
  398.0  1.20974e-23
  399.0  1.27949e-23
  400.0  1.36281e-23
  401.0  1.46275e-23
  402.0  1.58272e-23
  403.0  1.74757e-23
  404.0  1.94252e-23
  405.0  2.15837e-23
  406.0  2.37710e-23
  407.0  2.57430e-23
  408.0  2.69265e-23
  409.0  2.77060e-23
  410.0  2.82558e-23
  411.0  2.87944e-23
  412.0  2.95313e-23
  413.0  3.07509e-23
  414.0  3.22611e-23
  415.0  3.41356e-23
  416.0  3.64711e-23
  417.0  3.93850e-23
  418.0  4.36656e-23
  419.0  4.88461e-23
  420.0  5.46241e-23
  421.0  6.04109e-23
  422.0  6.54136e-23
  423.0  6.77874e-23
  424.0  6.88084e-23
  425.0  6.90392e-23
  426.0  6.91581e-23
  427.0  6.98008e-23
  428.0  7.18604e-23
  429.0  7.46338e-23
  430.0  7.82069e-23
  431.0  8.27237e-23
  432.0  8.83180e-23
  433.0  9.60552e-23
  434.0  1.05328e-22
  435.0  1.15765e-22
  436.0  1.26598e-22
  437.0  1.36832e-22
  438.0  1.44680e-22
  439.0  1.51158e-22
  440.0  1.56474e-22
  441.0  1.60955e-22
  442.0  1.65052e-22
  443.0  1.69264e-22
  444.0  1.73144e-22
  445.0  1.76850e-22
  446.0  1.80719e-22
  447.0  1.84894e-22
  448.0  1.88485e-22
  449.0  1.92550e-22
  450.0  1.98144e-22
  451.0  2.06403e-22
  452.0  2.18672e-22
  453.0  2.41177e-22
  454.0  2.70030e-22
  455.0  3.03148e-22
  456.0  3.36543e-22
  457.0  3.64796e-22
  458.0  3.76022e-22
  459.0  3.78493e-22
  460.0  3.75416e-22
  461.0  3.70577e-22
  462.0  3.67652e-22
  463.0  3.72308e-22
  464.0  3.79362e-22
  465.0  3.88191e-22
  466.0  3.98536e-22
  467.0  4.09633e-22
  468.0  4.18233e-22
  469.0  4.27704e-22
  470.0  4.40125e-22
  471.0  4.57510e-22
  472.0  4.82129e-22
  473.0  5.24259e-22
  474.0  5.77152e-22
  475.0  6.37310e-22
  476.0  6.98427e-22
  477.0  7.52485e-22
  478.0  7.84135e-22
  479.0  8.03070e-22
  480.0  8.11792e-22
  481.0  8.13864e-22
  482.0  8.13383e-22
  483.0  8.14295e-22
  484.0  8.13427e-22
  485.0  8.12036e-22
  486.0  8.12397e-22
  487.0  8.16101e-22
  488.0  8.23896e-22
  489.0  8.35612e-22
  490.0  8.52765e-22
  491.0  8.76771e-22
  492.0  9.08508e-22
  493.0  9.52209e-22
  494.0  1.00555e-21
  495.0  1.06786e-21
  496.0  1.13698e-21
  497.0  1.21058e-21
  498.0  1.29283e-21
  499.0  1.37929e-21
  500.0  1.46421e-21
  501.0  1.53965e-21
  502.0  1.59787e-21
  503.0  1.62003e-21
  504.0  1.62145e-21
  505.0  1.60940e-21
  506.0  1.59313e-21
  507.0  1.58150e-21
  508.0  1.58752e-21
  509.0  1.59919e-21
  510.0  1.61539e-21
  511.0  1.63589e-21
  512.0  1.65967e-21
  513.0  1.68359e-21
  514.0  1.71105e-21
  515.0  1.74394e-21
  516.0  1.78352e-21
  517.0  1.83035e-21
  518.0  1.88703e-21
  519.0  1.95212e-21
  520.0  2.02536e-21
  521.0  2.10533e-21
  522.0  2.19061e-21
  523.0  2.28581e-21
  524.0  2.38643e-21
  525.0  2.48788e-21
  526.0  2.58393e-21
  527.0  2.66890e-21
  528.0  2.73277e-21
  529.0  2.78249e-21
  530.0  2.81974e-21
  531.0  2.84767e-21
  532.0  2.87009e-21
  533.0  2.88864e-21
  534.0  2.90248e-21
  535.0  2.91459e-21
  536.0  2.92941e-21
  537.0  2.95121e-21
  538.0  2.99002e-21
  539.0  3.03653e-21
  540.0  3.08761e-21
  541.0  3.13974e-21
  542.0  3.18921e-21
  543.0  3.22906e-21
  544.0  3.26552e-21
  545.0  3.30023e-21
  546.0  3.33466e-21
  547.0  3.36988e-21
  548.0  3.40498e-21
  549.0  3.44136e-21
  550.0  3.48128e-21
  551.0  3.52712e-21
  552.0  3.58075e-21
  553.0  3.64811e-21
  554.0  3.72408e-21
  555.0  3.80667e-21
  556.0  3.89293e-21
  557.0  3.97985e-21
  558.0  4.06561e-21
  559.0  4.15120e-21
  560.0  4.23506e-21
  561.0  4.31507e-21
  562.0  4.38989e-21
  563.0  4.45870e-21
  564.0  4.52147e-21
  565.0  4.57746e-21
  566.0  4.62667e-21
  567.0  4.67074e-21
  568.0  4.71641e-21
  569.0  4.75643e-21
  570.0  4.78682e-21
  571.0  4.80484e-21
  572.0  4.80918e-21
  573.0  4.79425e-21
  574.0  4.76602e-21
  575.0  4.72776e-21
  576.0  4.68435e-21
  577.0  4.64026e-21
  578.0  4.59828e-21
  579.0  4.55661e-21
  580.0  4.51781e-21
  581.0  4.48508e-21
  582.0  4.46006e-21
  583.0  4.44257e-21
  584.0  4.43314e-21
  585.0  4.43396e-21
  586.0  4.44637e-21
  587.0  4.47045e-21
  588.0  4.50899e-21
  589.0  4.55944e-21
  590.0  4.62030e-21
  591.0  4.68829e-21
  592.0  4.76046e-21
  593.0  4.83989e-21
  594.0  4.92259e-21
  595.0  5.00276e-21
  596.0  5.07334e-21
  597.0  5.12937e-21
  598.0  5.16608e-21
  599.0  5.18645e-21
  600.0  5.18859e-21
  601.0  5.17234e-21
  602.0  5.13970e-21
  603.0  5.09033e-21
  604.0  5.02596e-21
  605.0  4.94939e-21
  606.0  4.86587e-21
  607.0  4.78063e-21
  608.0  4.69965e-21
  609.0  4.61786e-21
  610.0  4.53618e-21
  611.0  4.45653e-21
  612.0  4.38027e-21
  613.0  4.30924e-21
  614.0  4.24156e-21
  615.0  4.17748e-21
  616.0  4.11709e-21
  617.0  4.06026e-21
  618.0  4.00865e-21
  619.0  3.96016e-21
  620.0  3.91354e-21
  621.0  3.86720e-21
  622.0  3.81987e-21
  623.0  3.77044e-21
  624.0  3.71992e-21
  625.0  3.66811e-21
  626.0  3.61478e-21
  627.0  3.56004e-21
  628.0  3.50433e-21
  629.0  3.44735e-21
  630.0  3.38912e-21
  631.0  3.32989e-21
  632.0  3.26999e-21
  633.0  3.20943e-21
  634.0  3.14847e-21
  635.0  3.08777e-21
  636.0  3.02814e-21
  637.0  2.97008e-21
  638.0  2.91403e-21
  639.0  2.85960e-21
  640.0  2.80727e-21
  641.0  2.75742e-21
  642.0  2.71022e-21
  643.0  2.66708e-21
  644.0  2.62628e-21
  645.0  2.58709e-21
  646.0  2.54858e-21
  647.0  2.50994e-21
  648.0  2.47062e-21
  649.0  2.43111e-21
  650.0  2.39127e-21
  651.0  2.35092e-21
  652.0  2.30999e-21
  653.0  2.26844e-21
  654.0  2.22643e-21
  655.0  2.18416e-21
  656.0  2.14195e-21
  657.0  2.10014e-21
  658.0  2.05978e-21
  659.0  2.01982e-21
  660.0  1.97997e-21
  661.0  1.94007e-21
  662.0  1.90002e-21
  663.0  1.85994e-21
  664.0  1.81979e-21
  665.0  1.77967e-21
  666.0  1.73971e-21
  667.0  1.69994e-21
  668.0  1.65987e-21
  669.0  1.62017e-21
  670.0  1.58159e-21
  671.0  1.54478e-21
  672.0  1.51014e-21
  673.0  1.47851e-21
  674.0  1.44887e-21
  675.0  1.42109e-21
  676.0  1.39493e-21
  677.0  1.37011e-21
  678.0  1.34733e-21
  679.0  1.32564e-21
  680.0  1.30434e-21
  681.0  1.28263e-21
  682.0  1.25993e-21
  683.0  1.23568e-21
  684.0  1.21050e-21
  685.0  1.18442e-21
  686.0  1.15753e-21
  687.0  1.12999e-21
  688.0  1.10183e-21
  689.0  1.07323e-21
  690.0  1.04461e-21
  691.0  1.01644e-21
  692.0  9.89034e-22
  693.0  9.62569e-22
  694.0  9.36914e-22
  695.0  9.12441e-22
  696.0  8.89461e-22
  697.0  8.68042e-22
  698.0  8.48284e-22
  699.0  8.29963e-22
  700.0  8.13198e-22
  701.0  7.97949e-22
  702.0  7.84004e-22
  703.0  7.71185e-22
  704.0  7.59548e-22
  705.0  7.49100e-22
  706.0  7.39667e-22
  707.0  7.31133e-22
  708.0  7.24457e-22
  709.0  7.18476e-22
  710.0  7.12302e-22
  711.0  7.04990e-22
  712.0  6.95830e-22
  713.0  6.83576e-22
  714.0  6.69622e-22
  715.0  6.54377e-22
  716.0  6.38351e-22
  717.0  6.22056e-22
  718.0  6.06045e-22
  719.0  5.89907e-22
  720.0  5.73844e-22
  721.0  5.58155e-22
  722.0  5.42998e-22
  723.0  5.28291e-22
  724.0  5.14150e-22
  725.0  5.00914e-22
  726.0  4.88851e-22
  727.0  4.78022e-22
  728.0  4.68423e-22
  729.0  4.59966e-22
  730.0  4.52775e-22
  731.0  4.46839e-22
  732.0  4.41971e-22
  733.0  4.37774e-22
  734.0  4.34595e-22
  735.0  4.32599e-22
  736.0  4.31783e-22
  737.0  4.32138e-22
  738.0  4.34701e-22
  739.0  4.38343e-22
  740.0  4.42221e-22
  741.0  4.45331e-22
  742.0  4.46997e-22
  743.0  4.47236e-22
  744.0  4.45803e-22
  745.0  4.41912e-22
  746.0  4.34978e-22
  747.0  4.24730e-22
  748.0  4.09471e-22
  749.0  3.91696e-22
  750.0  3.72912e-22
  751.0  3.54703e-22
  752.0  3.38212e-22
  753.0  3.24954e-22
  754.0  3.13170e-22
  755.0  3.02797e-22
  756.0  2.93804e-22
  757.0  2.85988e-22
  758.0  2.79043e-22
  759.0  2.73140e-22
  760.0  2.68388e-22
  761.0  2.64730e-22
  762.0  2.61933e-22
  763.0  2.59305e-22
  764.0  2.57523e-22
  765.0  2.56946e-22
  766.0  2.57775e-22
  767.0  2.60117e-22
  768.0  2.64851e-22
  769.0  2.71173e-22
  770.0  2.78607e-22
  771.0  2.86429e-22
  772.0  2.94073e-22
  773.0  3.02067e-22
  774.0  3.09601e-22
  775.0  3.15491e-22
  776.0  3.18482e-22
  777.0  3.17716e-22
  778.0  3.11181e-22
  779.0  3.01189e-22
  780.0  2.88814e-22
  781.0  2.75408e-22
  782.0  2.62155e-22
  783.0  2.50413e-22
  784.0  2.38946e-22
  785.0  2.27899e-22
  786.0  2.17554e-22
  787.0  2.08029e-22
  788.0  1.99420e-22
  789.0  1.91538e-22
  790.0  1.84498e-22
  791.0  1.78345e-22
  792.0  1.73002e-22
  793.0  1.68344e-22
  794.0  1.64397e-22
  795.0  1.61226e-22
  796.0  1.58797e-22
  797.0  1.56940e-22
  798.0  1.55072e-22
  799.0  1.53777e-22
  800.0  1.53383e-22
  801.0  1.54111e-22
  802.0  1.56082e-22
  803.0  1.59920e-22
  804.0  1.65130e-22
  805.0  1.71495e-22
  806.0  1.78600e-22
  807.0  1.86044e-22
  808.0  1.94110e-22
  809.0  2.02397e-22
  810.0  2.10189e-22
  811.0  2.16577e-22
  812.0  2.20957e-22
  813.0  2.23000e-22
  814.0  2.22719e-22
  815.0  2.19737e-22
  816.0  2.14032e-22
  817.0  2.05887e-22
  818.0  1.95115e-22
  819.0  1.83004e-22
  820.0  1.70194e-22
  821.0  1.57385e-22
