
HIRS/NOAA7

8-micron Channel

*INV_CM

68
  0.93999E+03  0.00000E+00
  0.93601E+03  0.61050E-03
  0.93117E+03  0.66790E-02
  0.92689E+03  0.12441E-01
  0.92503E+03  0.14001E-01
  0.92273E+03  0.27129E-01
  0.92136E+03  0.31686E-01
  0.92050E+03  0.41208E-01
  0.91950E+03  0.57487E-01
  0.91869E+03  0.83573E-01
  0.91799E+03  0.10659E+00
  0.91751E+03  0.13636E+00
  0.91693E+03  0.18056E+00
  0.91644E+03  0.20350E+00
  0.91587E+03  0.24108E+00
  0.91572E+03  0.27383E+00
  0.91503E+03  0.36643E+00
  0.91410E+03  0.48674E+00
  0.91293E+03  0.65342E+00
  0.91225E+03  0.78846E+00
  0.91161E+03  0.88853E+00
  0.91123E+03  0.91817E+00
  0.91083E+03  0.95434E+00
  0.91028E+03  0.97952E+00
  0.90978E+03  0.99232E+00
  0.90909E+03  0.99181E+00
  0.90854E+03  0.98129E+00
  0.90703E+03  0.94370E+00
  0.90561E+03  0.90173E+00
  0.90443E+03  0.87829E+00
  0.90357E+03  0.87180E+00
  0.90272E+03  0.87129E+00
  0.90159E+03  0.88571E+00
  0.90077E+03  0.89911E+00
  0.89997E+03  0.91371E+00
  0.89971E+03  0.92069E+00
  0.89834E+03  0.95540E+00
  0.89693E+03  0.97735E+00
  0.89531E+03  0.10000E+01
  0.89434E+03  0.99980E+00
  0.89343E+03  0.99500E+00
  0.89266E+03  0.98293E+00
  0.89084E+03  0.95233E+00
  0.88856E+03  0.90608E+00
  0.88721E+03  0.87126E+00
  0.88523E+03  0.80798E+00
  0.88400E+03  0.76157E+00
  0.88302E+03  0.69871E+00
  0.88184E+03  0.59747E+00
  0.88102E+03  0.53999E+00
  0.88073E+03  0.51201E+00
  0.88007E+03  0.45964E+00
  0.87963E+03  0.40866E+00
  0.87916E+03  0.35827E+00
  0.87886E+03  0.31741E+00
  0.87835E+03  0.28141E+00
  0.87786E+03  0.23355E+00
  0.87685E+03  0.18287E+00
  0.87556E+03  0.11518E+00
  0.87478E+03  0.84253E-01
  0.87363E+03  0.53956E-01
  0.87216E+03  0.34757E-01
  0.87046E+03  0.18576E-01
  0.86965E+03  0.11991E-01
  0.86492E+03  0.11104E-01
  0.86030E+03  0.58440E-02
  0.85530E+03  0.28347E-02
  0.85008E+03  0.00000E+00
