
ScaRaB-1/Meteor

Channel 1 (visible)

*METRE

66
  5.200E-0007   0.000
  5.287E-0007   0.000
  5.300E-0007   0.001
  5.320E-0007   0.001
  5.340E-0007   0.003
  5.360E-0007   0.011
  5.380E-0007   0.037
  5.400E-0007   0.203
  5.420E-0007   1.375
  5.428E-0007   1.681
  5.450E-0007   0.984
  5.460E-0007   0.893
  5.480E-0007   0.990
  5.500E-0007   1.390
  5.520E-0007   1.937
  5.541E-0007   2.156
  5.560E-0007   2.028
  5.580E-0007   1.871
  5.586E-0007   1.843
  5.610E-0007   1.840
  5.630E-0007   1.949
  5.650E-0007   2.078
  5.670E-0007   2.212
  5.690E-0007   2.281
  5.710E-0007   2.302
  5.730E-0007   2.290
  5.750E-0007   2.271
  5.770E-0007   2.268
  5.790E-0007   2.268
  5.810E-0007   2.281
  5.830E-0007   2.281
  5.850E-0007   2.268
  5.869E-0007   2.221
  5.900E-0007   2.109
  5.920E-0007   2.015
  5.940E-0007   1.893
  5.960E-0007   1.784
  5.980E-0007   1.681
  6.000E-0007   1.600
  6.038E-0007   1.503
  6.070E-0007   1.490
  6.100E-0007   1.550
  6.120E-0007   1.612
  6.140E-0007   1.703
  6.160E-0007   1.799
  6.180E-0007   1.878
  6.200E-0007   1.924
  6.218E-0007   1.921
  6.250E-0007   1.753
  6.280E-0007   1.562
  6.321E-0007   1.400
  6.350E-0007   1.437
  6.380E-0007   1.546
  6.389E-0007   1.556
  6.420E-0007   1.346
  6.450E-0007   0.912
  6.480E-0007   0.640
  6.507E-0007   0.562
  6.540E-0007   0.781
  6.560E-0007   1.187
  6.580E-0007   0.594
  6.610E-0007   0.097
  6.640E-0007   0.019
  6.670E-0007   0.006
  6.700E-0007   0.002
  6.730E-0007   0.001
