
ScaRaB-1/Meteor

Channel 3 (Total)

*METRE

63
  240.0E-9 3.914E-1
  260.0E-9 4.805E-1
  280.0E-9 5.889E-1
  300.0E-9 6.506E-1
  309.2E-9 6.678E-1
  329.2E-9 7.040E-1
  349.2E-9 7.275E-1
  369.2E-9 7.432E-1
  389.2E-9 7.623E-1
  409.2E-9 7.771E-1
  429.2E-9 7.908E-1
  449.2E-9 8.018E-1
  469.2E-9 8.107E-1
  489.2E-9 8.181E-1
  509.2E-9 8.240E-1
  529.2E-9 8.288E-1
  549.2E-9 8.330E-1
  569.2E-9 8.374E-1
  589.2E-9 8.362E-1
  609.2E-9 8.319E-1
  629.2E-9 8.319E-1
  649.2E-9 8.342E-1
  669.2E-9 8.331E-1
  689.2E-9 8.314E-1
  709.2E-9 8.309E-1
  729.2E-9 8.297E-1
  749.2E-9 8.266E-1
  769.2E-9 8.225E-1
  789.2E-9 8.183E-1
  809.2E-9 8.161E-1
  829.2E-9 8.188E-1
  849.2E-9 8.266E-1
  869.2E-9 8.392E-1
  889.2E-9 8.553E-1
  909.2E-9 8.698E-1
  929.2E-9 8.828E-1
  949.2E-9 8.934E-1
  969.2E-9 9.020E-1
  989.2E-9 9.091E-1
  1.098E-6 9.335E-1
  1.298E-6 9.536E-1
  1.498E-6 9.617E-1
  1.674E-6 9.640E-1
  1.928E-6 9.716E-1
  2.096E-6 9.766E-1
  2.296E-6 9.804E-1
  2.496E-6 9.770E-1
  2.696E-6 9.733E-1
  2.896E-6 9.868E-1
  3.096E-6 1.000E+0
  3.492E-6 1.004E+0
  4.300E-6 1.011E+0
  5.100E-6 1.021E+0
  5.987E-6 1.011E+0
  7.139E-6 1.023E+0
  7.811E-6 1.013E+0
  8.611E-6 9.737E-1
  9.411E-6 9.707E-1
  10.00E-6 9.967E-1
  16.00E-6 9.967E-1
  16.10E-6 1.004E+0
  25.00E-6 1.004E+0
  25.10E-6 1.001E+0
