
ScaRaB-1/Meteor

Channel 3 (IR)

*METRE

202
  10E-6      0
  10.01E-6   0.010
  10.03E-6   0.011
  10.04E-6   0.014
  10.05E-6   0.015
  10.06E-6   0.013
  10.08E-6   0.011
  10.09E-6   0.012
  10.10E-6   0.015
  10.11E-6   0.017
  10.13E-6   0.018
  10.14E-6   0.018
  10.15E-6   0.019
  10.17E-6   0.022
  10.18E-6   0.024
  10.19E-6   0.025
  10.20E-6   0.025
  10.22E-6   0.027
  10.23E-6   0.031
  10.24E-6   0.036
  10.26E-6   0.040
  10.27E-6   0.040
  10.28E-6   0.041
  10.30E-6   0.045
  10.31E-6   0.051
  10.32E-6   0.058
  10.34E-6   0.064
  10.35E-6   0.069
  10.36E-6   0.075
  10.38E-6   0.081
  10.39E-6   0.090
  10.40E-6   0.103
  10.42E-6   0.117
  10.43E-6   0.130
  10.44E-6   0.145
  10.46E-6   0.163
  10.47E-6   0.186
  10.48E-6   0.212
  10.50E-6   0.241
  10.51E-6   0.271
  10.53E-6   0.304
  10.54E-6   0.343
  10.55E-6   0.386
  10.57E-6   0.435
  10.58E-6   0.488
  10.60E-6   0.544
  10.61E-6   0.604
  10.62E-6   0.664
  10.64E-6   0.724
  10.65E-6   0.782
  10.67E-6   0.838
  10.68E-6   0.890
  10.70E-6   0.936
  10.71E-6   0.974
  10.72E-6   1.006
  10.74E-6   1.034
  10.75E-6   1.057
  10.77E-6   1.074
  10.78E-6   1.087
  10.80E-6   1.094
  10.81E-6   1.098
  10.83E-6   1.101
  10.84E-6   1.104
  10.85E-6   1.106
  10.87E-6   1.109
  10.88E-6   1.109
  10.90E-6   1.110
  10.91E-6   1.111
  10.93E-6   1.113
  10.94E-6   1.115
  10.96E-6   1.117
  10.97E-6   1.118
  10.99E-6   1.118
  11.00E-6   1.119
  11.02E-6   1.120
  11.03E-6   1.122
  11.05E-6   1.123
  11.06E-6   1.122
  11.08E-6   1.119
  11.10E-6   1.115
  11.11E-6   1.112
  11.13E-6   1.109
  11.14E-6   1.105
  11.16E-6   1.097
  11.17E-6   1.088
  11.19E-6   1.084
  11.20E-6   1.081
  11.22E-6   1.065
  11.24E-6   1.069
  11.25E-6   1.062
  11.27E-6   1.056
  11.28E-6   1.052
  11.30E-6   1.048
  11.32E-6   1.044
  11.33E-6   1.039
  11.35E-6   1.035
  11.36E-6   1.032
  11.38E-6   1.032
  11.40E-6   1.033
  11.41E-6   1.033
  11.43E-6   1.034
  11.44E-6   1.036
  11.46E-6   1.038
  11.48E-6   1.041
  11.49E-6   1.045
  11.51E-6   1.051
  11.53E-6   1.057
  11.54E-6   1.064
  11.56E-6   1.070
  11.58E-6   1.075
  11.59E-6   1.081
  11.61E-6   1.087
  11.63E-6   1.094
  11.64E-6   1.099
  11.66E-6   1.104
  11.68E-6   1.109
  11.70E-6   1.116
  11.71E-6   1.123
  11.73E-6   1.128
  11.75E-6   1.130
  11.76E-6   1.130
  11.78E-6   1.130
  11.80E-6   1.130
  11.82E-6   1.128
  11.83E-6   1.126
  11.85E-6   1.123
  11.87E-6   1.120
  11.89E-6   1.116
  11.90E-6   1.110
  11.92E-6   1.104
  11.94E-6   1.096
  11.96E-6   1.088
  11.98E-6   1.080
  11.99E-6   1.071
  12.01E-6   1.060
  12.03E-6   1.048
  12.05E-6   1.037
  12.07E-6   1.027
  12.08E-6   1.018
  12.10E-6   1.009
  12.12E-6   0.997
  12.14E-6   0.985
  12.16E-6   0.974
  12.18E-6   0.967
  12.20E-6   0.961
  12.21E-6   0.954
  12.23E-6   0.946
  12.25E-6   0.939
  12.27E-6   0.935
  12.29E-6   0.935
  12.31E-6   0.933
  12.33E-6   0.926
  12.35E-6   0.918
  12.36E-6   0.915
  12.38E-6   0.913
  12.40E-6   0.907
  12.42E-6   0.895
  12.44E-6   0.877
  12.46E-6   0.851
  12.48E-6   0.818
  12.50E-6   0.776
  12.52E-6   0.721
  12.54E-6   0.656
  12.56E-6   0.583
  12.58E-6   0.507
  12.60E-6   0.437
  12.62E-6   0.371
  12.64E-6   0.309
  12.66E-6   0.254
  12.68E-6   0.209
  12.70E-6   0.171
  12.72E-6   0.137
  12.74E-6   0.110
  12.76E-6   0.088
  12.78E-6   0.070
  12.80E-6   0.056
  12.82E-6   0.046
  12.84E-6   0.038
  12.86E-6   0.032
  12.88E-6   0.027
  12.90E-6   0.022
  12.92E-6   0.019
  12.94E-6   0.016
  12.97E-6   0.013
  12.99E-6   0.011
  13.01E-6   0.011
  13.03E-6   0.011
  13.05E-6   0.008
  13.07E-6   0.006
  13.09E-6   0.005
  13.11E-6   0.005
  13.14E-6   0.003
  13.16E-6   0.000
  13.18E-6   0.000
  13.20E-6   0.002
  13.22E-6   0.006
  13.25E-6   0.003
  13.27E-6   0.000
  13.29E-6   0.001
  13.31E-6   0.047
  13.33E-6   0.004
  13.34E-6   0
