
ScaRaB-1/Meteor

Channel 2 (SW)

*METRE

112
  152.0E-9  0.000E-2
  160.0E-9  2.715E-2
  170.0E-9  1.086E-1
  180.0E-9  1.978E-1
  200.0E-9  3.472E-1
  220.0E-9  4.542E-1
  240.0E-9  4.557E-1
  260.0E-9  5.625E-1
  280.0E-9  6.932E-1
  300.0E-9  7.684E-1
  309.2E-9  7.892E-1
  320.0E-9  8.127E-1
  329.2E-9  8.328E-1
  340.0E-9  8.483E-1
  349.2E-9  8.628E-1
  360.0E-9  8.749E-1
  369.2E-9  8.835E-1
  380.0E-9  8.958E-1
  389.2E-9  9.063E-1
  400.0E-9  9.157E-1
  409.2E-9  9.243E-1
  420.0E-9  9.336E-1
  429.2E-9  9.401E-1
  440.0E-9  9.461E-1
  449.2E-9  9.531E-1
  460.0E-9  9.599E-1
  469.2E-9  9.648E-1
  480.0E-9  9.696E-1
  489.2E-9  9.741E-1
  500.0E-9  9.785E-1
  509.2E-9  9.817E-1
  520.0E-9  9.848E-1
  529.2E-9  9.879E-1
  540.0E-9  9.912E-1
  549.2E-9  9.934E-1
  560.0E-9  9.963E-1
  569.2E-9  9.987E-1
  580.0E-9  9.979E-1
  589.2E-9  9.978E-1
  600.0E-9  9.956E-1
  609.2E-9  9.932E-1
  620.0E-9  9.932E-1
  629.2E-9  9.932E-1
  640.0E-9  9.947E-1
  649.2E-9  9.960E-1
  660.0E-9  9.953E-1
  669.2E-9  9.952E-1
  680.0E-9  9.946E-1
  689.2E-9  9.937E-1
  700.0E-9  9.934E-1
  709.2E-9  9.926E-1
  720.0E-9  9.912E-1
  729.2E-9  9.906E-1
  740.0E-9  9.886E-1
  749.2E-9  9.869E-1
  760.0E-9  9.842E-1
  769.2E-9  9.824E-1
  780.0E-9  9.803E-1
  789.2E-9  9.781E-1
  800.0E-9  9.766E-1
  809.2E-9  9.754E-1
  820.0E-9  9.772E-1
  829.2E-9  9.787E-1
  849.2E-9  9.880E-1
  869.2E-9  1.003E+0
  889.2E-9  1.022E+0
  900.0E-9  1.031E+0
  909.2E-9  1.039E+0
  929.2E-9  1.055E+0
  949.2E-9  1.067E+0
  969.2E-9  1.078E+0
  989.2E-9  1.086E+0
  1.000E-6  1.089E+0
  1.098E-6  1.120E+0
  1.100E-6  1.120E+0
  1.200E-6  1.134E+0
  1.298E-6  1.145E+0
  1.300E-6  1.146E+0
  1.400E-6  1.150E+0
  1.498E-6  1.155E+0
  1.500E-6  1.155E+0
  1.600E-6  1.158E+0
  1.674E-6  1.159E+0
  1.700E-6  1.160E+0
  1.800E-6  1.164E+0
  1.900E-6  1.169E+0
  1.928E-6  1.170E+0
  2.000E-6  1.175E+0
  2.096E-6  1.179E+0
  2.200E-6  1.182E+0
  2.296E-6  1.184E+0
  2.400E-6  1.182E+0
  2.496E-6  1.180E+0
  2.500E-6  1.180E+0
  2.696E-6  1.171E+0
  2.896E-6  1.183E+0
  3.096E-6  1.195E+0
  3.125E-6  1.194E+0
  3.333E-6  1.197E+0
  3.448E-6  1.184E+0
  3.492E-6  1.163E+0
  3.571E-6  1.127E+0
  3.704E-6  1.026E+0
  3.846E-6  9.823E-1
  4.000E-6  9.460E-1
  4.167E-6  7.720E-1
  4.300E-6  6.099E-1
  4.425E-6  4.574E-1
  4.545E-6  5.324E-1
  4.651E-6  4.429E-1
  4.762E-6  1.269E-1
  4.808E-6  0.000E+0
