
Seviri

10.8-micron channel

*MICRON

101
   8.8 2E-05  2E-05
  8.84 2E-05  1E-05
  8.88 3E-05  2E-05
  8.92 3E-05  3E-05
  8.96 4E-05  4E-05
     9 4E-05  4E-05
  9.04 3E-05  3E-05
  9.08 7E-05  5E-05
  9.12 9E-05  8E-05
  9.16 0.0001 0.0001
   9.2 0.0001  9E-05
  9.24 0.0002 0.0001
  9.28 0.0001 0.0001
  9.32 0.0002 0.0001
  9.36 0.0003 0.0001
   9.4 0.0002 0.0002
  9.44 0.0002 0.0003
  9.48 0.0002  1E-04
  9.52 0.0003 0.0002
  9.56 0.0003 0.0003
   9.6 0.0003 0.0004
  9.64 8E-05 0.0002
  9.68 0.0001 0.0004
  9.72 0.0002 0.0003
  9.76 0.0004 0.0004
   9.8 0.0002 0.0005
  9.84 0.0003 0.0005
  9.88 0.0002 0.0003
  9.92 0.0004 0.0004
  9.96 0.0006 0.0005
    10 0.0034 0.0036
 10.04 0.0046 0.0055
 10.08 0.0071 0.0104
 10.12 0.0269 0.0439
 10.16 0.0787 0.1199
  10.2 0.1756 0.2426
 10.24 0.3246 0.4337
 10.28 0.5194 0.6422
 10.32 0.7146  0.805
 10.36 0.8606  0.912
  10.4 0.9345 0.9491
 10.44 0.9737  0.976
 10.48     1      1
 10.52 0.9807 0.9855
 10.56  0.97 0.9852
  10.6 0.9768 0.9841
 10.64 0.9564 0.9552
 10.68 0.9316   0.93
 10.72 0.9217  0.922
 10.76 0.9058 0.9195
  10.8 0.8944 0.9161
 10.84 0.9022 0.9121
 10.88 0.8889 0.9009
 10.92 0.8885 0.9113
 10.96 0.8925 0.9105
    11  0.89 0.8951
 11.04 0.8729 0.8662
 11.08 0.8441 0.8453
 11.12 0.8149 0.8336
 11.16 0.7997 0.8192
  11.2 0.7674 0.7779
 11.24 0.713 0.7042
 11.28 0.6237  0.591
 11.32   0.5 0.4496
 11.36 0.3502 0.3008
  11.4 0.2208 0.1903
 11.44 0.1226 0.1015
 11.48 0.0582 0.0421
 11.52 0.0301 0.0225
 11.56 0.0151 0.0137
  11.6 0.0043 0.0042
 11.64 0.0005 0.0003
 11.68 0.0004 0.0003
 11.72 0.0006 0.0006
 11.76 0.0004 0.0003
  11.8 0.0003 0.0002
 11.84 0.0004 0.0003
 11.88 0.0004 0.0003
 11.92 0.0003 0.0003
 11.96 0.0003 0.0003
    12 9E-05  3E-05
 12.04 0.0002 0.0001
 12.08 0.0004 0.0004
 12.12 0.0003 0.0002
 12.16 0.0002 0.0001
  12.2 0.0001  8E-05
 12.24 0.0001 0.0001
 12.28 0.0002 0.0001
 12.32 0.0002 0.0003
 12.36 0.0002 0.0002
  12.4 0.0001 0.0002
 12.44 0.0001 0.0002
 12.48 8E-05 0.0001
 12.52 3E-05  5E-05
 12.56 2E-05  5E-05
  12.6 2E-05  4E-05
 12.64 2E-05  4E-05
 12.68 2E-05  4E-05
 12.72 1E-05  3E-05
 12.76 1E-05  3E-05
  12.8 1E-05  3E-05
