
Seviri

HRV channel

*MICRON

101
  0.45 0.3779
 0.456 0.4096
 0.462 0.4397
 0.468 0.4662
 0.474 0.4905
  0.48 0.5152
 0.486 0.54
 0.492 0.5627
 0.498 0.5781
 0.504 0.5763
  0.51 0.5945
 0.516 0.6141
 0.522 0.6326
 0.528 0.6498
 0.534 0.6669
  0.54 0.6853
 0.546 0.7061
 0.552 0.7262
 0.558 0.7477
 0.564 0.767
  0.57 0.7841
 0.576 0.7984
 0.582 0.8132
 0.588 0.8269
 0.594 0.8391
   0.6 0.8501
 0.606 0.8638
 0.612 0.8767
 0.618 0.8859
 0.624 0.8945
  0.63 0.9042
 0.636 0.9155
 0.642 0.9242
 0.648 0.9312
 0.654 0.9395
  0.66 0.9468
 0.666 0.9533
 0.672 0.9627
 0.678 0.9749
 0.684 0.975
  0.69 0.9738
 0.696 0.9763
 0.702 0.9798
 0.708 0.9871
 0.714 0.9881
  0.72 0.9893
 0.726 0.9917
 0.732 0.9937
 0.738 0.9973
 0.744     1
  0.75 0.9973
 0.756 0.9953
 0.762 0.9898
 0.768 0.9842
 0.774 0.9708
  0.78 0.956
 0.786 0.9513
 0.792 0.9521
 0.798 0.9458
 0.804 0.9396
  0.81 0.9284
 0.816 0.9156
 0.822 0.8999
 0.828 0.8801
 0.834 0.8632
  0.84 0.8431
 0.846 0.8197
 0.852 0.7931
 0.858 0.7652
 0.864 0.7414
  0.87 0.7157
 0.876 0.6894
 0.882 0.6608
 0.888 0.6307
 0.894 0.6041
   0.9 0.5582
 0.906 0.5195
 0.912 0.4929
 0.918 0.4663
 0.924 0.4403
  0.93 0.4128
 0.936 0.3861
 0.942 0.3603
 0.948 0.3353
 0.954 0.3109
  0.96 0.2857
 0.966 0.26
 0.972 0.2356
 0.978 0.2116
 0.984 0.1901
  0.99 0.1692
 0.996 0.1516
 1.002 0.1397
 1.008 0.1287
 1.014 0.1183
  1.02 0.1088
 1.026 0.1003
 1.032 0.0927
 1.038 0.0852
 1.044 0.0787
  1.05 0.0726
