
Seviri

6.2-micron channel

*MICRON

101
  4.45 2E-05  7E-05
 4.486 8E-05  5E-05
 4.522 4E-05  3E-05
 4.558 1E-06  7E-07
 4.594 3E-05  2E-05
  4.63 6E-05 0.0001
 4.666 2E-05  7E-05
 4.702 1E-04  3E-05
 4.738 0.0001  5E-05
 4.774 0.0001  5E-05
  4.81 0.0002 0.0002
 4.846 4E-05 0.0002
 4.882 1E-05  8E-05
 4.918 7E-05 0.0001
 4.954 5E-05  3E-05
  4.99 0.0001  2E-05
 5.026 0.0001  8E-05
 5.062 7E-05  1E-04
 5.098 0.0001  9E-05
 5.134 0.0002  9E-05
  5.17 0.0002 0.0002
 5.206 0.0001  8E-05
 5.242 2E-06  9E-06
 5.278 9E-05  7E-05
 5.314 0.0001  9E-05
  5.35 2E-05  2E-06
 5.386 0.0006 0.0006
 5.422 0.0009 0.0009
 5.458 0.0003 0.0005
 5.494 0.0003  0.001
  5.53 0.0003  0.003
 5.566 0.0009 0.0049
 5.602 0.001 0.0073
 5.638 0.001 0.0089
 5.674 0.0044 0.0123
  5.71 0.0136 0.0214
 5.746 0.0378 0.0519
 5.782 0.1219 0.1469
 5.818 0.3315 0.3793
 5.854 0.6777  0.728
  5.89 0.8727 0.8945
 5.926 0.8524 0.8503
 5.962 0.8152  0.816
 5.998 0.829 0.8307
 6.034 0.8196 0.8189
  6.07 0.8002 0.8014
 6.106 0.8269 0.8367
 6.142 0.8636 0.8813
 6.178 0.8887 0.9019
 6.214 0.919 0.9184
  6.25 0.9475 0.9423
 6.286 0.9483 0.9474
 6.322 0.9153 0.9188
 6.358 0.8828 0.8907
 6.394 0.8911 0.9034
  6.43 0.9185 0.9294
 6.466 0.9592 0.9661
 6.502 0.9901 0.9933
 6.538     1      1
 6.574 0.9928   0.99
  6.61 0.9737 0.9704
 6.646 0.9713 0.9653
 6.682 0.9091 0.8939
 6.718 0.7149 0.6816
 6.754 0.4354 0.3851
  6.79 0.2283 0.1783
 6.826 0.1037 0.0767
 6.862 0.0462 0.0471
 6.898 0.0199 0.0321
 6.934 0.0113 0.0213
  6.97 0.0054 0.0083
 7.006 0.0023 0.0032
 7.042 0.001 0.0031
 7.078 0.0015 0.0039
 7.114 0.0013 0.0011
  7.15 0.0005 0.0007
 7.186 0.0005 0.0009
 7.222 0.0009 0.0002
 7.258 0.0007 0.0002
 7.294 0.0015 0.0005
  7.33 0.0015  5E-05
 7.366 0.0008 0.0007
 7.402 0.0007 0.0005
 7.438 0.0009 0.0008
 7.474 0.0018 0.0017
  7.51 0.0011 0.0011
 7.546 0.0006  3E-05
 7.582 0.0004 0.0005
 7.618 4E-05 0.0005
 7.654 0.0006  5E-05
  7.69 0.0005 0.0002
 7.726 2E-06 0.0001
 7.762 2E-06 0.0001
 7.798 2E-06 0.0002
 7.834 7E-05 0.0003
  7.87 0.0002 0.0002
 7.906 0.0002 0.0001
 7.942 0.0001  5E-05
 7.978 0.0004 0.0003
 8.014 0.0002 0.0002
  8.05 2E-06 0.0002
