
Seviri

12-micron channel

*MICRON

101
    10 1E-06  8E-07
 10.04 1E-06  3E-06
 10.08 1E-06  1E-06
 10.12 1E-06  1E-06
 10.16 2E-06  2E-06
  10.2 1E-06  1E-06
 10.24 7E-07  9E-07
 10.28 9E-07  1E-06
 10.32 2E-06  2E-06
 10.36 2E-06  1E-06
  10.4 9E-07  9E-07
 10.44 2E-06  7E-07
 10.48 1E-06  2E-06
 10.52 3E-06  4E-06
 10.56 6E-06  4E-06
  10.6 3E-05  1E-05
 10.64 3E-05  4E-05
 10.68 4E-05  5E-05
 10.72 9E-05  1E-04
 10.76 0.0001 0.0002
  10.8 0.0002 0.0002
 10.84 0.0002 0.0003
 10.88 0.0003 0.0002
 10.92 0.0004 0.0002
 10.96 0.0004 0.0003
    11 0.0004 0.0004
 11.04 0.0004 0.0003
 11.08 0.0004 0.0002
 11.12 0.0006 0.0001
 11.16 0.0007 0.0007
  11.2 0.0045 0.0057
 11.24 0.0095 0.0125
 11.28 0.0229 0.0261
 11.32 0.0464 0.0524
 11.36 0.0888 0.0997
  11.4 0.1801 0.1933
 11.44 0.3418 0.3546
 11.48 0.5763 0.5937
 11.52 0.8034 0.8144
 11.56 0.9317 0.9325
  11.6 0.9872  0.984
 11.64     1 0.9973
 11.68 0.9825 0.9805
 11.72 0.9607 0.9608
 11.76 0.9663 0.9663
  11.8 0.9701  0.971
 11.84 0.9823 0.9844
 11.88  0.99 0.9925
 11.92 0.9985      1
 11.96 0.9768 0.9795
    12 0.9551 0.9578
 12.04 0.9302 0.9331
 12.08 0.9259 0.9273
 12.12 0.9323 0.9349
 12.16 0.8896 0.8915
  12.2  0.87  0.871
 12.24 0.884 0.8889
 12.28 0.8806 0.8828
 12.32 0.8464 0.8459
 12.36 0.7834 0.7858
  12.4 0.6304 0.6351
 12.44 0.434 0.4389
 12.48 0.2757 0.2798
 12.52 0.1652 0.1685
 12.56 0.0934 0.0968
  12.6 0.0508 0.0549
 12.64 0.0249 0.0301
 12.68 0.0166 0.0215
 12.72 0.0114 0.0156
 12.76 0.0045 0.0074
  12.8 0.0017 0.0024
 12.84 0.0002 0.0002
 12.88 0.0002 0.0002
 12.92 0.0002 0.0002
 12.96 0.0002 0.0002
    13 0.0002 0.0002
 13.04 0.0002 0.0002
 13.08 0.0001 0.0001
 13.12 0.0001 0.0001
 13.16 0.0001 0.0001
  13.2 0.0001 0.0001
 13.24 0.0001 0.0001
 13.28 0.0001 0.0001
 13.32 1E-04  1E-04
 13.36 9E-05  9E-05
  13.4 8E-05  8E-05
 13.44 7E-05  7E-05
 13.48 6E-05  6E-05
 13.52 6E-05  6E-05
 13.56 5E-05  6E-05
  13.6 4E-05  5E-05
 13.64 4E-05  4E-05
 13.68 3E-05  3E-05
 13.72 2E-05  2E-05
 13.76 1E-05  2E-05
  13.8 1E-05  1E-05
 13.84 1E-05  2E-05
 13.88 9E-06  1E-05
 13.92 9E-06  1E-05
 13.96 9E-06  1E-05
    14 3E-05  5E-05
