
Seviri

7.3-micron channel

*MICRON

101
 6.35 0.0014  0.001
 6.37 0.001 0.0007
 6.39 0.0005 0.0009
 6.41 0.0005 0.0003
 6.43 0.0004 0.0008
 6.45 0.0011 0.0012
 6.47 0.001  0.001
 6.49 0.0006 0.0007
 6.51 0.0008 0.0005
 6.53 0.0005 0.0008
 6.55 0.0004 0.0008
 6.57 0.0002 0.0011
 6.59 0.0003 0.0015
 6.61 0.0003 0.0009
 6.63 0.0002 0.0015
 6.65 0.0003 0.0012
 6.67 0.0003 0.0007
 6.69 0.001 0.0005
 6.71 0.0009 0.0007
 6.73 0.0005 0.0002
 6.75 0.0004 0.0002
 6.77 0.0005  3E-05
 6.79 0.0034 0.0032
 6.81 0.0034 0.0021
 6.83 0.0066 0.0034
 6.85 0.0031  0.003
 6.87 0.0062 0.0128
 6.89 0.0073 0.0204
 6.91 0.0137 0.0273
 6.93 0.0166 0.0304
 6.95 0.028 0.0427
 6.97 0.0374 0.0497
 6.99 0.0499 0.0556
 7.01 0.0748 0.0755
 7.03 0.1105 0.1122
 7.05 0.1588 0.1621
 7.07 0.2246 0.2241
 7.09 0.3094 0.3089
 7.11 0.4182 0.4191
 7.13 0.5373 0.5367
 7.15 0.6707 0.6706
 7.17 0.7757 0.7819
 7.19 0.8825 0.8923
 7.21 0.9222 0.9266
 7.23 0.9733 0.9663
 7.25 0.987 0.9728
 7.27 0.9979 0.9784
 7.29 0.9887 0.9651
 7.31 0.977 0.9583
 7.33 0.9823 0.9693
 7.35 0.9704 0.9648
 7.37 0.9848 0.9796
 7.39 0.9888 0.9883
 7.41     1      1
 7.43 0.9987 0.9885
 7.45 0.9881  0.964
 7.47 0.9697 0.9375
 7.49 0.9358 0.9146
 7.51 0.8854 0.8742
 7.53 0.8158 0.8087
 7.55 0.7187 0.7108
 7.57 0.6048 0.5985
 7.59 0.4854 0.4816
 7.61 0.3784 0.3757
 7.63 0.2854 0.2791
 7.65 0.2128 0.2069
 7.67 0.1558 0.1555
 7.69 0.1141  0.113
 7.71 0.0809 0.0789
 7.73 0.0589 0.0486
 7.75 0.0422 0.0365
 7.77 0.0289 0.0269
 7.79 0.0206 0.0216
 7.81 0.0143 0.0136
 7.83 0.0082 0.0058
 7.85 0.0057  0.005
 7.87 0.0046 0.0077
 7.89 0.0035 0.0078
 7.91 0.0025 0.0055
 7.93  2E-05 0.0037
 7.95 0.0005 0.0012
 7.97 0.0003 0.0011
 7.99 0.0003  9E-05
 8.01 0.0001 0.0004
 8.03 0.0001 0.0004
 8.05 0.0001 0.0004
 8.07 0.0007  1E-05
 8.09 0.0007  1E-05
 8.11 2E-05  1E-05
 8.13 1E-05 0.0004
 8.15 1E-05 0.0004
 8.17 1E-05 0.0005
 8.19 0.0003 0.0004
 8.21 0.0004 0.0006
 8.23 0.0005 0.0009
 8.25 0.0005 0.0008
 8.27 0.0004 0.0007
 8.29 0.0003 0.0006
 8.31 0.0003 0.0006
 8.33 0.0002 0.0004
 8.35 0.0003 0.0006
