
Seviri

13.4-micron channel

*MICRON

101

11.4 0.0006 0.0006
11.44 0.0005 0.0005
11.48 0.0003 0.0004
11.52 0.0003 0.0004
11.56 0.0005 0.0004
11.6 0.0005 0.0004
11.64 0.0005 0.0004
11.68 0.0006 0.0005
11.72 0.0005 0.0006
11.76 0.0003 0.0005
11.8 0.0006 0.0004
11.84 0.0006 0.0004
11.88 0.0005 0.0003
11.92 0.0004 0.0005
11.96 0.0005 0.0003
12 0.0005 0.0003
12.04 0.0004 0.0007
12.08 0.0004 0.0005
12.12 0.0004 0.0004
12.16 0.0004 0.0005
12.2 0.0007 0.0006
12.24 0.0006 0.0008
12.28 0.0004 0.001
12.32 0.0008 0.0028
12.36 0.004 0.0095
12.4 0.0209 0.0318
12.44 0.0508 0.0677
12.48 0.0937 0.1151
12.52 0.1549 0.1823
12.56 0.2367 0.2675
12.6 0.3481 0.3786
12.64 0.4827 0.5055
12.68 0.5875 0.6
12.72 0.6406 0.647
12.76 0.6812 0.6817
12.8 0.693 0.6883
12.84 0.6956 0.6929
12.88 0.7057 0.7086
12.92 0.7341 0.7386
12.96 0.7622 0.77
13 0.7973 0.808
13.04 0.8366 0.8501
13.08 0.8881 0.9019
13.12 0.9283 0.9419
13.16 0.9541 0.9654
13.2 0.995 0.9989
13.24 0.9984 1
13.28 0.9957 0.9958
13.32 0.9822 0.9817
13.36 1 0.9957
13.4 0.9914 0.9868
13.44 0.9589 0.9569
13.48 0.9591 0.9594
13.52 0.9575 0.9564
13.56 0.925 0.921
13.6 0.9164 0.9122
13.64 0.9079 0.9025
13.68 0.8986 0.8931
13.72 0.896 0.8888
13.76 0.8717 0.863
13.8 0.8358 0.8254
13.84 0.8004 0.7864
13.88 0.7585 0.744
13.92 0.7032 0.6895
13.96 0.6239 0.612
14 0.537 0.524
14.04 0.441 0.429
14.08 0.3438 0.3376
14.12 0.2528 0.2497
14.16 0.1731 0.171
14.2 0.118 0.1177
14.24 0.0811 0.0844
14.28 0.0453 0.0504
14.32 0.0155 0.0199
14.36 0.0052 0.0069
14.4 0.0034 0.0039
14.44 0.0027 0.0032
14.48 0.0025 0.0031
14.52 0.0007 0.0009
14.56 6E-05 8E-05
14.6 6E-05 8E-05
14.64 5E-05 7E-05
14.68 5E-05 7E-05
14.72 4E-05 6E-05
14.76 4E-05 6E-05
14.8 3E-05 6E-05
14.84 3E-05 5E-05
14.88 3E-05 4E-05
14.92 2E-05 4E-05
14.96 2E-05 4E-05
15 2E-05 4E-05
15.04 3E-05 5E-05
15.08 2E-05 5E-05
15.12 2E-05 4E-05
15.16 2E-05 3E-05
15.2 2E-05 3E-05
15.24 1E-05 3E-05
15.28 1E-05 2E-05
15.32 6E-05 0.0001
15.36 0.0001 0.0001
15.4 0.0002 0.0001
