
Seviri

8.7-micron channel

*MICRON

101
   7.9 0.0002 0.0007
 7.916 0.0005 0.0003
 7.932 0.0006 0.0003
 7.948 0.0006 0.0004
 7.964 0.0003 0.0005
  7.98 0.0002 0.0005
 7.996 0.0004 0.0005
 8.012 2E-05  2E-05
 8.028 2E-05  2E-05
 8.044 0.0005 0.0014
  8.06 2E-05  2E-05
 8.076 0.0025  2E-05
 8.092 5E-05  2E-05
 8.108 2E-05  2E-05
 8.124 2E-05  2E-05
  8.14 2E-05 0.0009
 8.156 2E-05 0.0011
 8.172 2E-05  2E-05
 8.188 2E-05  2E-05
 8.204 0.0026 0.0026
  8.22 0.0004 0.0004
 8.236 0.0036 0.0035
 8.252 0.0005 0.0005
 8.268 0.0014 0.0013
 8.284 0.0022 0.0021
   8.3 0.0048 0.0046
 8.316 0.0047 0.0045
 8.332 0.0101 0.0098
 8.348 0.0018 0.0018
 8.364 0.0071 0.0068
  8.38 0.0142 0.0138
 8.396 0.0344 0.0331
 8.412 0.0401 0.0452
 8.428 0.0536 0.0724
 8.444 0.074 0.0965
  8.46 0.1115 0.1204
 8.476 0.1823 0.1777
 8.492 0.2579 0.2577
 8.508 0.368 0.3809
 8.524 0.4761  0.488
  8.54 0.6004 0.6004
 8.556 0.7082 0.7008
 8.572 0.7709 0.7545
 8.588 0.831 0.8201
 8.604 0.8443 0.8487
  8.62 0.8249 0.8366
 8.636 0.8371 0.8472
 8.652 0.8349 0.8345
 8.668 0.8348 0.8269
 8.684 0.8307 0.8276
   8.7 0.8226 0.8219
 8.716 0.8469 0.8481
 8.732 0.8598 0.8638
 8.748 0.8733 0.8729
 8.764 0.8819 0.8915
  8.78 0.9232 0.9481
 8.796 0.9785 0.9927
 8.812     1      1
 8.828 0.9955 0.9927
 8.844 0.9322  0.922
  8.86 0.822 0.8064
 8.876 0.6482 0.6327
 8.892 0.4746 0.4623
 8.908 0.3345 0.3347
 8.924 0.2196 0.2378
  8.94 0.1391 0.1533
 8.956 0.0942 0.0931
 8.972 0.0603 0.0595
 8.988 0.0375 0.0394
 9.004 0.0296 0.0295
  9.02 0.0129 0.0121
 9.036 0.0106 0.0116
 9.052 0.0139 0.0147
 9.068 0.0021 0.0024
 9.084 0.0031 0.0032
   9.1 0.0024 0.0019
 9.116 0.0008 0.0005
 9.132 0.0014 0.0016
 9.148 0.0022 0.0027
 9.164 0.003 0.0025
  9.18 0.001 0.0005
 9.196 0.0008 0.0008
 9.212 0.0008 0.0007
 9.228 0.0009 0.0008
 9.244 0.0009 0.0009
  9.26 0.0009 0.0009
 9.276 0.0006 0.0006
 9.292 0.0007 0.0007
 9.308 0.0009 0.0008
 9.324 0.0006 0.0005
  9.34 0.0005 0.0005
 9.356 0.0005 0.0005
 9.372 0.0005 0.0005
 9.388 0.0007 0.0007
 9.404 0.0007 0.0007
  9.42 0.0005 0.0005
 9.436 0.0005 0.0004
 9.452 0.0003 0.0004
 9.468 0.0001 0.0001
 9.484 0.0004 0.0004
   9.5 0.0004 0.0004
