
Seviri

9.7-micron channel

*MICRON

101
    9.1 2E-06 0.0003
 9.1112 0.0007 0.0002
 9.1224 0.0005 0.0002
 9.1336 0.0003 0.0005
 9.1448 0.0005 0.0003
  9.156 0.0002 0.0006
 9.1672 3E-05 0.0002
 9.1784 0.0003 0.0002
 9.1896 0.0005 0.0004
 9.2008 0.0009 0.0008
  9.212 0.0001 0.0007
 9.2232 0.0001 0.0004
 9.2344 6E-05  7E-05
 9.2456 0.0002 0.0002
 9.2568 0.0004 0.0003
  9.268 0.0003 0.0002
 9.2792 0.0006 0.0005
 9.2904 0.0007 0.0006
 9.3016 0.0007 0.0003
 9.3128 0.0008 0.0001
  9.324 0.0005 0.0006
 9.3352 0.0003  0.001
 9.3464 7E-05 0.0006
 9.3576 2E-06 0.0003
 9.3688 0.0002 0.0006
   9.38 0.0006 0.0005
 9.3912 0.0009 0.0007
 9.4024 0.0021 0.0024
 9.4136 0.0018 0.0016
 9.4248 0.0034 0.0032
  9.436 0.0042 0.0044
 9.4472 0.009 0.0092
 9.4584 0.0072 0.0101
 9.4696 0.0206 0.0244
 9.4808 0.0382 0.0452
  9.492 0.0367 0.0513
 9.5032 0.0773 0.1081
 9.5144 0.132 0.1665
 9.5256 0.2136 0.2626
 9.5368 0.3399 0.4073
  9.548 0.5181 0.5933
 9.5592 0.7223 0.7742
 9.5704 0.8726 0.8863
 9.5816 0.9638 0.9765
 9.5928     1      1
  9.604 0.9963 0.9816
 9.6152 0.9994 0.9709
 9.6264 0.9866   0.95
 9.6376 0.9795 0.9372
 9.6488 0.9847 0.9409
   9.66 0.9972 0.9612
 9.6712 0.9506 0.9087
 9.6824 0.9382 0.8804
 9.6936 0.9172 0.8661
 9.7048 0.8936 0.8541
  9.716 0.876 0.8407
 9.7272 0.8824 0.8411
 9.7384 0.9086 0.8572
 9.7496 0.9314 0.8782
 9.7608 0.9309 0.8776
  9.772 0.8567 0.7942
 9.7832 0.7108 0.6516
 9.7944 0.5363 0.4924
 9.8056 0.3603 0.3254
 9.8168 0.2296 0.1989
  9.828 0.1286 0.0984
 9.8392 0.0797 0.0564
 9.8504 0.037 0.0237
 9.8616 0.0172 0.0137
 9.8728 0.0151 0.0127
  9.884 0.0081 0.0073
 9.8952 0.0055 0.0051
 9.9064 0.0011  0.001
 9.9176 0.0005 0.0005
 9.9288 0.0006 0.0005
   9.94 0.0043  0.004
 9.9512 0.0013 0.0013
 9.9624 0.0052 0.0049
 9.9736 0.0027 0.0025
 9.9848 0.0055 0.0052
  9.996 0.0044 0.0042
 10.007 0.0013 0.0013
 10.018 0.0019 0.0018
  10.03 0.0025 0.0023
 10.041 0.003 0.0028
 10.052 0.0035 0.0033
 10.063 0.004 0.0038
 10.074 0.0046 0.0044
 10.086 0.0052  0.005
 10.097 0.0057 0.0055
 10.108 0.007 0.0067
 10.119 0.007 0.0067
  10.13 0.0034 0.0032
 10.142 0.0048 0.0047
 10.153 0.0018 0.0018
 10.164 0.006 0.0059
 10.175 0.0065 0.0064
 10.186 0.0045 0.0044
 10.198 0.0032 0.0031
 10.209 0.0007 0.0007
  10.22 0.0005 0.0005
