
Seviri

0.8 micron channel

*MICRON

101
   0.67 2E-06
 0.6728 1E-06
 0.6756 4E-08
 0.6784 2E-06
 0.6812 2E-06
  0.684 4E-06
 0.6868 3E-06
 0.6896 6E-06
 0.6924 5E-06
 0.6952 3E-06
  0.698 4E-06
 0.7008 2E-05
 0.7036 2E-05
 0.7064 3E-05
 0.7092 4E-05
  0.712 4E-05
 0.7148 3E-05
 0.7176 3E-05
 0.7204 3E-05
 0.7232 7E-05
  0.726 8E-05
 0.7288 9E-05
 0.7316 0.0001
 0.7344 0.0001
 0.7372 0.0001
   0.74 0.0001
 0.7428 9E-05
 0.7456 0.0001
 0.7484 0.0002
 0.7512 0.0002
  0.754 0.001
 0.7568 0.0016
 0.7596 0.0028
 0.7624 0.0048
 0.7652 0.0081
  0.768 0.0091
 0.7708 0.0204
 0.7736 0.0539
 0.7764 0.1609
 0.7792 0.3991
  0.782 0.7365
 0.7848 0.9524
 0.7876     1
 0.7904 0.9897
 0.7932 0.9832
  0.796 0.9799
 0.7988 0.9788
 0.8016 0.9768
 0.8044 0.9653
 0.8072 0.9537
   0.81 0.945
 0.8128 0.9357
 0.8156 0.9268
 0.8184 0.9193
 0.8212 0.9109
  0.824 0.9018
 0.8268 0.8949
 0.8296 0.8874
 0.8324 0.8601
 0.8352 0.7692
  0.838 0.5886
 0.8408 0.3655
 0.8436 0.1898
 0.8464 0.089
 0.8492 0.0418
  0.852 0.0209
 0.8548 0.0117
 0.8576 0.0052
 0.8604 0.0046
 0.8632 0.0031
  0.866 0.002
 0.8688 0.0014
 0.8716 0.0011
 0.8744 0.0008
 0.8772 0.0007
   0.88 0.0006
 0.8828 0.0005
 0.8856 0.0004
 0.8884 0.0004
 0.8912 0.0003
  0.894 0.0003
 0.8968 0.0003
 0.8996 0.0002
 0.9024 0.0002
 0.9052 0.0002
  0.908 0.0002
 0.9108 0.0002
 0.9136 0.0002
 0.9164 0.0001
 0.9192 0.0001
  0.922 0.0001
 0.9248 0.0001
 0.9276 0.0001
 0.9304 0.0001
 0.9332 9E-05
  0.936 8E-05
 0.9388 7E-05
 0.9416 6E-05
 0.9444 5E-05
 0.9472 4E-05
   0.95 4E-05
