
Seviri

3.9-micron channel

*MICRON

101
   3.04 6E-06  6E-06
 3.0576 0.001  6E-06
 3.0752 7E-06  7E-06
 3.0928 0.0003  9E-06
 3.1104 9E-06 0.0005
  3.128 9E-06  9E-06
 3.1456 0.0004  5E-05
 3.1632 0.0014 0.0007
 3.1808 0.0007  7E-05
 3.1984 9E-06  9E-06
  3.216 0.0001 0.0004
 3.2336 0.002  1E-05
 3.2512 0.0005 0.0001
 3.2688 4E-05 0.0002
 3.2864 0.0001 0.0023
  3.304 0.003  0.001
 3.3216 0.0013 0.0002
 3.3392 0.0052 0.0008
 3.3568 0.002 0.0035
 3.3744 0.0008 0.0006
  3.392 0.0005 0.0004
 3.4096 0.0023 0.0026
 3.4272 0.0001 0.0025
 3.4448 0.0005  0.001
 3.4624 0.0002 -0.006
   3.48 0.0015 -9E-04
 3.4976 0.0028 0.0036
 3.5152 0.0045 0.0053
 3.5328 0.0078 0.0116
 3.5504 0.0184 0.0207
  3.568 0.0383 0.0396
 3.5856 0.0834 0.0928
 3.6032 0.1737   0.19
 3.6208 0.3305 0.3613
 3.6384 0.5428 0.5756
  3.656 0.7345 0.7507
 3.6736 0.8693 0.8792
 3.6912 0.9308 0.9342
 3.7088 0.9563 0.9488
 3.7264 0.9695 0.9604
  3.744 0.9761 0.9764
 3.7616 0.985 0.9887
 3.7792 0.9838 0.9894
 3.7968 0.9962 0.9959
 3.8144 0.9942 0.9907
  3.832     1      1
 3.8496 0.985 0.9836
 3.8672 0.9775 0.9753
 3.8848 0.9857 0.9827
 3.9024 0.9955 0.9969
   3.92 0.9873 0.9876
 3.9376 0.986 0.9849
 3.9552 0.9771 0.9768
 3.9728 0.9637 0.9673
 3.9904 0.9473 0.9489
  4.008 0.9473 0.9452
 4.0256 0.9383 0.9384
 4.0432 0.9277 0.9297
 4.0608 0.926 0.9323
 4.0784 0.9054 0.9102
  4.096 0.9025 0.9009
 4.1136 0.8872 0.8844
 4.1312 0.8692  0.867
 4.1488 0.8407 0.8398
 4.1664 0.782 0.7762
  4.184 0.686 0.6711
 4.2016 0.5695 0.5579
 4.2192 0.4474 0.4379
 4.2368 0.3134 0.3055
 4.2544 0.1529 0.1528
  4.272 0.0885 0.0843
 4.2896 0.0485 0.0375
 4.3072 0.0282 0.0223
 4.3248 0.017 0.0177
 4.3424 0.0117 0.0152
   4.36 0.0076  0.016
 4.3776 0.0051 0.0117
 4.3952 0.0035 0.0047
 4.4128 0.0017 0.0033
 4.4304 0.0011 0.0028
  4.448 0.0008 0.0003
 4.4656 0.0003 -1E-04
 4.4832 0.0002 -0.002
 4.5008 5E-05 -7E-04
 4.5184 3E-06  5E-05
  4.536 0.0002  4E-05
 4.5536 0.0001  6E-05
 4.5712 0.0002  2E-06
 4.5888 0.0005  5E-05
 4.6064 0.0003 0.0003
  4.624 0.0001  9E-05
 4.6416 0.0001  8E-06
 4.6592 2E-06  2E-06
 4.6768 1E-06  1E-06
 4.6944 7E-07 0.0002
  4.712 6E-07  7E-05
 4.7296 5E-07  2E-05
 4.7472 8E-08  5E-07
 4.7648 2E-05  4E-05
 4.7824 5E-06  1E-05
    4.8 4E-08  3E-07
