
Seviri 

Visible 0.6 micron channel

*MICRON

101
 0.485 4E-14
 0.488 4E-11
 0.491 2E-06
 0.494 7E-06
 0.497 3E-06
   0.5 3E-14
 0.503 1E-06
 0.506 6E-11
 0.509 6E-11
 0.512 3E-14
 0.515 4E-14
 0.518 1E-05
 0.521 8E-06
 0.524 4E-06
 0.527 3E-06
  0.53 4E-14
 0.533 7E-06
 0.536 7E-11
 0.539 5E-11
 0.542 5E-14
 0.545 5E-14
 0.548 3E-06
 0.551 3E-05
 0.554 2E-05
 0.557 5E-11
  0.56 2E-05
 0.563 7E-05
 0.566 7E-05
 0.569 0.0002
 0.572 0.0002
 0.575 0.0002
 0.578 1E-04
 0.581 0.0008
 0.584 0.0028
 0.587 0.0068
  0.59 0.0159
 0.593 0.0385
 0.596 0.1049
 0.599 0.2888
 0.602 0.6428
 0.605 0.9081
 0.608 0.9318
 0.611 0.9087
 0.614 0.9045
 0.617 0.9083
  0.62 0.9148
 0.623 0.9185
 0.626 0.9076
 0.629 0.8899
 0.632 0.8928
 0.635 0.923
 0.638 0.9649
 0.641 0.9938
 0.644     1
 0.647 0.9889
  0.65 0.961
 0.653 0.9288
 0.656 0.9062
 0.659 0.9049
 0.662 0.9216
 0.665 0.9528
 0.668 0.9884
 0.671 0.9942
 0.674 0.8813
 0.677 0.6131
  0.68 0.3394
 0.683 0.1712
 0.686 0.0891
 0.689 0.0493
 0.692 0.0287
 0.695 0.0166
 0.698 0.0094
 0.701 0.0052
 0.704 0.0032
 0.707 0.002
  0.71 0.0019
 0.713 0.0016
 0.716 2E-05
 0.719 9E-05
 0.722 1E-05
 0.725 5E-06
 0.728 5E-13
 0.731 9E-06
 0.734 1E-10
 0.737 3E-05
  0.74 5E-13
 0.743 5E-13
 0.746 4E-11
 0.749 1E-05
 0.752 3E-05
 0.755 6E-13
 0.758 6E-13
 0.761 6E-05
 0.764 0.0001
 0.767 0.0001
  0.77 4E-05
 0.773 6E-13
 0.776 7E-11
 0.779 4E-05
 0.782 0.0001
 0.785 1E-05
