
Seviri

1.6 micron channel

*MICRON

101
   1.36 8E-05
 1.3656 0.0001
 1.3712 0.0002
 1.3768 0.0002
 1.3824 0.0002
  1.388 0.0001
 1.3936 8E-05
 1.3992 5E-05
 1.4048 6E-05
 1.4104 0.0001
  1.416 0.0001
 1.4216 0.0001
 1.4272 0.0002
 1.4328 0.0002
 1.4384 0.0002
  1.444 0.0003
 1.4496 0.0004
 1.4552 0.0005
 1.4608 0.0006
 1.4664 0.0006
  1.472 0.0007
 1.4776 0.0007
 1.4832 0.0007
 1.4888 0.0008
 1.4944 0.001
    1.5 0.0013
 1.5056 0.0012
 1.5112 0.0012
 1.5168 0.0016
 1.5224 0.0024
  1.528 0.0025
 1.5336 0.0048
 1.5392 0.0069
 1.5448 0.0125
 1.5504 0.0233
  1.556 0.0465
 1.5616 0.1073
 1.5672 0.2853
 1.5728 0.5147
 1.5784 0.8019
  1.584 0.9671
 1.5896 0.9926
 1.5952 0.9894
 1.6008 0.9957
 1.6064     1
  1.612 0.9981
 1.6176 0.9887
 1.6232 0.9807
 1.6288 0.9763
 1.6344 0.9781
   1.64 0.9841
 1.6456 0.9907
 1.6512 0.9953
 1.6568 0.9944
 1.6624 0.987
  1.668 0.976
 1.6736 0.9661
 1.6792 0.929
 1.6848 0.8661
 1.6904 0.7528
  1.696 0.5766
 1.7016 0.3677
 1.7072 0.1987
 1.7128 0.1014
 1.7184 0.0431
  1.724 0.0176
 1.7296 0.0088
 1.7352 0.0046
 1.7408 0.0025
 1.7464 0.0014
  1.752 0.0008
 1.7576 0.0005
 1.7632 0.0003
 1.7688 0.0002
 1.7744 0.0001
   1.78 9E-05
 1.7856 6E-05
 1.7912 5E-05
 1.7968 4E-05
 1.8024 6E-05
  1.808 5E-05
 1.8136 4E-05
 1.8192 3E-05
 1.8248 2E-05
 1.8304 2E-05
  1.836 1E-05
 1.8416 7E-06
 1.8472 2E-06
 1.8528 5E-16
 1.8584 6E-16
  1.864 6E-16
 1.8696 5E-16
 1.8752 5E-16
 1.8808 6E-16
 1.8864 6E-16
  1.892 5E-16
 1.8976 6E-16
 1.9032 7E-16
 1.9088 6E-16
 1.9144 6E-16
   1.92 7E-16
