
UV index

250 - 400nm

*MICRON

3001
 2.500000000E-01 4.000000000E+01
 2.500500000E-01 4.000000000E+01
 2.501000000E-01 4.000000000E+01
 2.501500000E-01 4.000000000E+01
 2.502000000E-01 4.000000000E+01
 2.502500000E-01 4.000000000E+01
 2.503000000E-01 4.000000000E+01
 2.503500000E-01 4.000000000E+01
 2.504000000E-01 4.000000000E+01
 2.504500000E-01 4.000000000E+01
 2.505000000E-01 4.000000000E+01
 2.505500000E-01 4.000000000E+01
 2.506000000E-01 4.000000000E+01
 2.506500000E-01 4.000000000E+01
 2.507000000E-01 4.000000000E+01
 2.507500000E-01 4.000000000E+01
 2.508000000E-01 4.000000000E+01
 2.508500000E-01 4.000000000E+01
 2.509000000E-01 4.000000000E+01
 2.509500000E-01 4.000000000E+01
 2.510000000E-01 4.000000000E+01
 2.510500000E-01 4.000000000E+01
 2.511000000E-01 4.000000000E+01
 2.511500000E-01 4.000000000E+01
 2.512000000E-01 4.000000000E+01
 2.512500000E-01 4.000000000E+01
 2.513000000E-01 4.000000000E+01
 2.513500000E-01 4.000000000E+01
 2.514000000E-01 4.000000000E+01
 2.514500000E-01 4.000000000E+01
 2.515000000E-01 4.000000000E+01
 2.515500000E-01 4.000000000E+01
 2.516000000E-01 4.000000000E+01
 2.516500000E-01 4.000000000E+01
 2.517000000E-01 4.000000000E+01
 2.517500000E-01 4.000000000E+01
 2.518000000E-01 4.000000000E+01
 2.518500000E-01 4.000000000E+01
 2.519000000E-01 4.000000000E+01
 2.519500000E-01 4.000000000E+01
 2.520000000E-01 4.000000000E+01
 2.520500000E-01 4.000000000E+01
 2.521000000E-01 4.000000000E+01
 2.521500000E-01 4.000000000E+01
 2.522000000E-01 4.000000000E+01
 2.522500000E-01 4.000000000E+01
 2.523000000E-01 4.000000000E+01
 2.523500000E-01 4.000000000E+01
 2.524000000E-01 4.000000000E+01
 2.524500000E-01 4.000000000E+01
 2.525000000E-01 4.000000000E+01
 2.525500000E-01 4.000000000E+01
 2.526000000E-01 4.000000000E+01
 2.526500000E-01 4.000000000E+01
 2.527000000E-01 4.000000000E+01
 2.527500000E-01 4.000000000E+01
 2.528000000E-01 4.000000000E+01
 2.528500000E-01 4.000000000E+01
 2.529000000E-01 4.000000000E+01
 2.529500000E-01 4.000000000E+01
 2.530000000E-01 4.000000000E+01
 2.530500000E-01 4.000000000E+01
 2.531000000E-01 4.000000000E+01
 2.531500000E-01 4.000000000E+01
 2.532000000E-01 4.000000000E+01
 2.532500000E-01 4.000000000E+01
 2.533000000E-01 4.000000000E+01
 2.533500000E-01 4.000000000E+01
 2.534000000E-01 4.000000000E+01
 2.534500000E-01 4.000000000E+01
 2.535000000E-01 4.000000000E+01
 2.535500000E-01 4.000000000E+01
 2.536000000E-01 4.000000000E+01
 2.536500000E-01 4.000000000E+01
 2.537000000E-01 4.000000000E+01
 2.537500000E-01 4.000000000E+01
 2.538000000E-01 4.000000000E+01
 2.538500000E-01 4.000000000E+01
 2.539000000E-01 4.000000000E+01
 2.539500000E-01 4.000000000E+01
 2.540000000E-01 4.000000000E+01
 2.540500000E-01 4.000000000E+01
 2.541000000E-01 4.000000000E+01
 2.541500000E-01 4.000000000E+01
 2.542000000E-01 4.000000000E+01
 2.542500000E-01 4.000000000E+01
 2.543000000E-01 4.000000000E+01
 2.543500000E-01 4.000000000E+01
 2.544000000E-01 4.000000000E+01
 2.544500000E-01 4.000000000E+01
 2.545000000E-01 4.000000000E+01
 2.545500000E-01 4.000000000E+01
 2.546000000E-01 4.000000000E+01
 2.546500000E-01 4.000000000E+01
 2.547000000E-01 4.000000000E+01
 2.547500000E-01 4.000000000E+01
 2.548000000E-01 4.000000000E+01
 2.548500000E-01 4.000000000E+01
 2.549000000E-01 4.000000000E+01
 2.549500000E-01 4.000000000E+01
 2.550000000E-01 4.000000000E+01
 2.550500000E-01 4.000000000E+01
 2.551000000E-01 4.000000000E+01
 2.551500000E-01 4.000000000E+01
 2.552000000E-01 4.000000000E+01
 2.552500000E-01 4.000000000E+01
 2.553000000E-01 4.000000000E+01
 2.553500000E-01 4.000000000E+01
 2.554000000E-01 4.000000000E+01
 2.554500000E-01 4.000000000E+01
 2.555000000E-01 4.000000000E+01
 2.555500000E-01 4.000000000E+01
 2.556000000E-01 4.000000000E+01
 2.556500000E-01 4.000000000E+01
 2.557000000E-01 4.000000000E+01
 2.557500000E-01 4.000000000E+01
 2.558000000E-01 4.000000000E+01
 2.558500000E-01 4.000000000E+01
 2.559000000E-01 4.000000000E+01
 2.559500000E-01 4.000000000E+01
 2.560000000E-01 4.000000000E+01
 2.560500000E-01 4.000000000E+01
 2.561000000E-01 4.000000000E+01
 2.561500000E-01 4.000000000E+01
 2.562000000E-01 4.000000000E+01
 2.562500000E-01 4.000000000E+01
 2.563000000E-01 4.000000000E+01
 2.563500000E-01 4.000000000E+01
 2.564000000E-01 4.000000000E+01
 2.564500000E-01 4.000000000E+01
 2.565000000E-01 4.000000000E+01
 2.565500000E-01 4.000000000E+01
 2.566000000E-01 4.000000000E+01
 2.566500000E-01 4.000000000E+01
 2.567000000E-01 4.000000000E+01
 2.567500000E-01 4.000000000E+01
 2.568000000E-01 4.000000000E+01
 2.568500000E-01 4.000000000E+01
 2.569000000E-01 4.000000000E+01
 2.569500000E-01 4.000000000E+01
 2.570000000E-01 4.000000000E+01
 2.570500000E-01 4.000000000E+01
 2.571000000E-01 4.000000000E+01
 2.571500000E-01 4.000000000E+01
 2.572000000E-01 4.000000000E+01
 2.572500000E-01 4.000000000E+01
 2.573000000E-01 4.000000000E+01
 2.573500000E-01 4.000000000E+01
 2.574000000E-01 4.000000000E+01
 2.574500000E-01 4.000000000E+01
 2.575000000E-01 4.000000000E+01
 2.575500000E-01 4.000000000E+01
 2.576000000E-01 4.000000000E+01
 2.576500000E-01 4.000000000E+01
 2.577000000E-01 4.000000000E+01
 2.577500000E-01 4.000000000E+01
 2.578000000E-01 4.000000000E+01
 2.578500000E-01 4.000000000E+01
 2.579000000E-01 4.000000000E+01
 2.579500000E-01 4.000000000E+01
 2.580000000E-01 4.000000000E+01
 2.580500000E-01 4.000000000E+01
 2.581000000E-01 4.000000000E+01
 2.581500000E-01 4.000000000E+01
 2.582000000E-01 4.000000000E+01
 2.582500000E-01 4.000000000E+01
 2.583000000E-01 4.000000000E+01
 2.583500000E-01 4.000000000E+01
 2.584000000E-01 4.000000000E+01
 2.584500000E-01 4.000000000E+01
 2.585000000E-01 4.000000000E+01
 2.585500000E-01 4.000000000E+01
 2.586000000E-01 4.000000000E+01
 2.586500000E-01 4.000000000E+01
 2.587000000E-01 4.000000000E+01
 2.587500000E-01 4.000000000E+01
 2.588000000E-01 4.000000000E+01
 2.588500000E-01 4.000000000E+01
 2.589000000E-01 4.000000000E+01
 2.589500000E-01 4.000000000E+01
 2.590000000E-01 4.000000000E+01
 2.590500000E-01 4.000000000E+01
 2.591000000E-01 4.000000000E+01
 2.591500000E-01 4.000000000E+01
 2.592000000E-01 4.000000000E+01
 2.592500000E-01 4.000000000E+01
 2.593000000E-01 4.000000000E+01
 2.593500000E-01 4.000000000E+01
 2.594000000E-01 4.000000000E+01
 2.594500000E-01 4.000000000E+01
 2.595000000E-01 4.000000000E+01
 2.595500000E-01 4.000000000E+01
 2.596000000E-01 4.000000000E+01
 2.596500000E-01 4.000000000E+01
 2.597000000E-01 4.000000000E+01
 2.597500000E-01 4.000000000E+01
 2.598000000E-01 4.000000000E+01
 2.598500000E-01 4.000000000E+01
 2.599000000E-01 4.000000000E+01
 2.599500000E-01 4.000000000E+01
 2.600000000E-01 4.000000000E+01
 2.600500000E-01 4.000000000E+01
 2.601000000E-01 4.000000000E+01
 2.601500000E-01 4.000000000E+01
 2.602000000E-01 4.000000000E+01
 2.602500000E-01 4.000000000E+01
 2.603000000E-01 4.000000000E+01
 2.603500000E-01 4.000000000E+01
 2.604000000E-01 4.000000000E+01
 2.604500000E-01 4.000000000E+01
 2.605000000E-01 4.000000000E+01
 2.605500000E-01 4.000000000E+01
 2.606000000E-01 4.000000000E+01
 2.606500000E-01 4.000000000E+01
 2.607000000E-01 4.000000000E+01
 2.607500000E-01 4.000000000E+01
 2.608000000E-01 4.000000000E+01
 2.608500000E-01 4.000000000E+01
 2.609000000E-01 4.000000000E+01
 2.609500000E-01 4.000000000E+01
 2.610000000E-01 4.000000000E+01
 2.610500000E-01 4.000000000E+01
 2.611000000E-01 4.000000000E+01
 2.611500000E-01 4.000000000E+01
 2.612000000E-01 4.000000000E+01
 2.612500000E-01 4.000000000E+01
 2.613000000E-01 4.000000000E+01
 2.613500000E-01 4.000000000E+01
 2.614000000E-01 4.000000000E+01
 2.614500000E-01 4.000000000E+01
 2.615000000E-01 4.000000000E+01
 2.615500000E-01 4.000000000E+01
 2.616000000E-01 4.000000000E+01
 2.616500000E-01 4.000000000E+01
 2.617000000E-01 4.000000000E+01
 2.617500000E-01 4.000000000E+01
 2.618000000E-01 4.000000000E+01
 2.618500000E-01 4.000000000E+01
 2.619000000E-01 4.000000000E+01
 2.619500000E-01 4.000000000E+01
 2.620000000E-01 4.000000000E+01
 2.620500000E-01 4.000000000E+01
 2.621000000E-01 4.000000000E+01
 2.621500000E-01 4.000000000E+01
 2.622000000E-01 4.000000000E+01
 2.622500000E-01 4.000000000E+01
 2.623000000E-01 4.000000000E+01
 2.623500000E-01 4.000000000E+01
 2.624000000E-01 4.000000000E+01
 2.624500000E-01 4.000000000E+01
 2.625000000E-01 4.000000000E+01
 2.625500000E-01 4.000000000E+01
 2.626000000E-01 4.000000000E+01
 2.626500000E-01 4.000000000E+01
 2.627000000E-01 4.000000000E+01
 2.627500000E-01 4.000000000E+01
 2.628000000E-01 4.000000000E+01
 2.628500000E-01 4.000000000E+01
 2.629000000E-01 4.000000000E+01
 2.629500000E-01 4.000000000E+01
 2.630000000E-01 4.000000000E+01
 2.630500000E-01 4.000000000E+01
 2.631000000E-01 4.000000000E+01
 2.631500000E-01 4.000000000E+01
 2.632000000E-01 4.000000000E+01
 2.632500000E-01 4.000000000E+01
 2.633000000E-01 4.000000000E+01
 2.633500000E-01 4.000000000E+01
 2.634000000E-01 4.000000000E+01
 2.634500000E-01 4.000000000E+01
 2.635000000E-01 4.000000000E+01
 2.635500000E-01 4.000000000E+01
 2.636000000E-01 4.000000000E+01
 2.636500000E-01 4.000000000E+01
 2.637000000E-01 4.000000000E+01
 2.637500000E-01 4.000000000E+01
 2.638000000E-01 4.000000000E+01
 2.638500000E-01 4.000000000E+01
 2.639000000E-01 4.000000000E+01
 2.639500000E-01 4.000000000E+01
 2.640000000E-01 4.000000000E+01
 2.640500000E-01 4.000000000E+01
 2.641000000E-01 4.000000000E+01
 2.641500000E-01 4.000000000E+01
 2.642000000E-01 4.000000000E+01
 2.642500000E-01 4.000000000E+01
 2.643000000E-01 4.000000000E+01
 2.643500000E-01 4.000000000E+01
 2.644000000E-01 4.000000000E+01
 2.644500000E-01 4.000000000E+01
 2.645000000E-01 4.000000000E+01
 2.645500000E-01 4.000000000E+01
 2.646000000E-01 4.000000000E+01
 2.646500000E-01 4.000000000E+01
 2.647000000E-01 4.000000000E+01
 2.647500000E-01 4.000000000E+01
 2.648000000E-01 4.000000000E+01
 2.648500000E-01 4.000000000E+01
 2.649000000E-01 4.000000000E+01
 2.649500000E-01 4.000000000E+01
 2.650000000E-01 4.000000000E+01
 2.650500000E-01 4.000000000E+01
 2.651000000E-01 4.000000000E+01
 2.651500000E-01 4.000000000E+01
 2.652000000E-01 4.000000000E+01
 2.652500000E-01 4.000000000E+01
 2.653000000E-01 4.000000000E+01
 2.653500000E-01 4.000000000E+01
 2.654000000E-01 4.000000000E+01
 2.654500000E-01 4.000000000E+01
 2.655000000E-01 4.000000000E+01
 2.655500000E-01 4.000000000E+01
 2.656000000E-01 4.000000000E+01
 2.656500000E-01 4.000000000E+01
 2.657000000E-01 4.000000000E+01
 2.657500000E-01 4.000000000E+01
 2.658000000E-01 4.000000000E+01
 2.658500000E-01 4.000000000E+01
 2.659000000E-01 4.000000000E+01
 2.659500000E-01 4.000000000E+01
 2.660000000E-01 4.000000000E+01
 2.660500000E-01 4.000000000E+01
 2.661000000E-01 4.000000000E+01
 2.661500000E-01 4.000000000E+01
 2.662000000E-01 4.000000000E+01
 2.662500000E-01 4.000000000E+01
 2.663000000E-01 4.000000000E+01
 2.663500000E-01 4.000000000E+01
 2.664000000E-01 4.000000000E+01
 2.664500000E-01 4.000000000E+01
 2.665000000E-01 4.000000000E+01
 2.665500000E-01 4.000000000E+01
 2.666000000E-01 4.000000000E+01
 2.666500000E-01 4.000000000E+01
 2.667000000E-01 4.000000000E+01
 2.667500000E-01 4.000000000E+01
 2.668000000E-01 4.000000000E+01
 2.668500000E-01 4.000000000E+01
 2.669000000E-01 4.000000000E+01
 2.669500000E-01 4.000000000E+01
 2.670000000E-01 4.000000000E+01
 2.670500000E-01 4.000000000E+01
 2.671000000E-01 4.000000000E+01
 2.671500000E-01 4.000000000E+01
 2.672000000E-01 4.000000000E+01
 2.672500000E-01 4.000000000E+01
 2.673000000E-01 4.000000000E+01
 2.673500000E-01 4.000000000E+01
 2.674000000E-01 4.000000000E+01
 2.674500000E-01 4.000000000E+01
 2.675000000E-01 4.000000000E+01
 2.675500000E-01 4.000000000E+01
 2.676000000E-01 4.000000000E+01
 2.676500000E-01 4.000000000E+01
 2.677000000E-01 4.000000000E+01
 2.677500000E-01 4.000000000E+01
 2.678000000E-01 4.000000000E+01
 2.678500000E-01 4.000000000E+01
 2.679000000E-01 4.000000000E+01
 2.679500000E-01 4.000000000E+01
 2.680000000E-01 4.000000000E+01
 2.680500000E-01 4.000000000E+01
 2.681000000E-01 4.000000000E+01
 2.681500000E-01 4.000000000E+01
 2.682000000E-01 4.000000000E+01
 2.682500000E-01 4.000000000E+01
 2.683000000E-01 4.000000000E+01
 2.683500000E-01 4.000000000E+01
 2.684000000E-01 4.000000000E+01
 2.684500000E-01 4.000000000E+01
 2.685000000E-01 4.000000000E+01
 2.685500000E-01 4.000000000E+01
 2.686000000E-01 4.000000000E+01
 2.686500000E-01 4.000000000E+01
 2.687000000E-01 4.000000000E+01
 2.687500000E-01 4.000000000E+01
 2.688000000E-01 4.000000000E+01
 2.688500000E-01 4.000000000E+01
 2.689000000E-01 4.000000000E+01
 2.689500000E-01 4.000000000E+01
 2.690000000E-01 4.000000000E+01
 2.690500000E-01 4.000000000E+01
 2.691000000E-01 4.000000000E+01
 2.691500000E-01 4.000000000E+01
 2.692000000E-01 4.000000000E+01
 2.692500000E-01 4.000000000E+01
 2.693000000E-01 4.000000000E+01
 2.693500000E-01 4.000000000E+01
 2.694000000E-01 4.000000000E+01
 2.694500000E-01 4.000000000E+01
 2.695000000E-01 4.000000000E+01
 2.695500000E-01 4.000000000E+01
 2.696000000E-01 4.000000000E+01
 2.696500000E-01 4.000000000E+01
 2.697000000E-01 4.000000000E+01
 2.697500000E-01 4.000000000E+01
 2.698000000E-01 4.000000000E+01
 2.698500000E-01 4.000000000E+01
 2.699000000E-01 4.000000000E+01
 2.699500000E-01 4.000000000E+01
 2.700000000E-01 4.000000000E+01
 2.700500000E-01 4.000000000E+01
 2.701000000E-01 4.000000000E+01
 2.701500000E-01 4.000000000E+01
 2.702000000E-01 4.000000000E+01
 2.702500000E-01 4.000000000E+01
 2.703000000E-01 4.000000000E+01
 2.703500000E-01 4.000000000E+01
 2.704000000E-01 4.000000000E+01
 2.704500000E-01 4.000000000E+01
 2.705000000E-01 4.000000000E+01
 2.705500000E-01 4.000000000E+01
 2.706000000E-01 4.000000000E+01
 2.706500000E-01 4.000000000E+01
 2.707000000E-01 4.000000000E+01
 2.707500000E-01 4.000000000E+01
 2.708000000E-01 4.000000000E+01
 2.708500000E-01 4.000000000E+01
 2.709000000E-01 4.000000000E+01
 2.709500000E-01 4.000000000E+01
 2.710000000E-01 4.000000000E+01
 2.710500000E-01 4.000000000E+01
 2.711000000E-01 4.000000000E+01
 2.711500000E-01 4.000000000E+01
 2.712000000E-01 4.000000000E+01
 2.712500000E-01 4.000000000E+01
 2.713000000E-01 4.000000000E+01
 2.713500000E-01 4.000000000E+01
 2.714000000E-01 4.000000000E+01
 2.714500000E-01 4.000000000E+01
 2.715000000E-01 4.000000000E+01
 2.715500000E-01 4.000000000E+01
 2.716000000E-01 4.000000000E+01
 2.716500000E-01 4.000000000E+01
 2.717000000E-01 4.000000000E+01
 2.717500000E-01 4.000000000E+01
 2.718000000E-01 4.000000000E+01
 2.718500000E-01 4.000000000E+01
 2.719000000E-01 4.000000000E+01
 2.719500000E-01 4.000000000E+01
 2.720000000E-01 4.000000000E+01
 2.720500000E-01 4.000000000E+01
 2.721000000E-01 4.000000000E+01
 2.721500000E-01 4.000000000E+01
 2.722000000E-01 4.000000000E+01
 2.722500000E-01 4.000000000E+01
 2.723000000E-01 4.000000000E+01
 2.723500000E-01 4.000000000E+01
 2.724000000E-01 4.000000000E+01
 2.724500000E-01 4.000000000E+01
 2.725000000E-01 4.000000000E+01
 2.725500000E-01 4.000000000E+01
 2.726000000E-01 4.000000000E+01
 2.726500000E-01 4.000000000E+01
 2.727000000E-01 4.000000000E+01
 2.727500000E-01 4.000000000E+01
 2.728000000E-01 4.000000000E+01
 2.728500000E-01 4.000000000E+01
 2.729000000E-01 4.000000000E+01
 2.729500000E-01 4.000000000E+01
 2.730000000E-01 4.000000000E+01
 2.730500000E-01 4.000000000E+01
 2.731000000E-01 4.000000000E+01
 2.731500000E-01 4.000000000E+01
 2.732000000E-01 4.000000000E+01
 2.732500000E-01 4.000000000E+01
 2.733000000E-01 4.000000000E+01
 2.733500000E-01 4.000000000E+01
 2.734000000E-01 4.000000000E+01
 2.734500000E-01 4.000000000E+01
 2.735000000E-01 4.000000000E+01
 2.735500000E-01 4.000000000E+01
 2.736000000E-01 4.000000000E+01
 2.736500000E-01 4.000000000E+01
 2.737000000E-01 4.000000000E+01
 2.737500000E-01 4.000000000E+01
 2.738000000E-01 4.000000000E+01
 2.738500000E-01 4.000000000E+01
 2.739000000E-01 4.000000000E+01
 2.739500000E-01 4.000000000E+01
 2.740000000E-01 4.000000000E+01
 2.740500000E-01 4.000000000E+01
 2.741000000E-01 4.000000000E+01
 2.741500000E-01 4.000000000E+01
 2.742000000E-01 4.000000000E+01
 2.742500000E-01 4.000000000E+01
 2.743000000E-01 4.000000000E+01
 2.743500000E-01 4.000000000E+01
 2.744000000E-01 4.000000000E+01
 2.744500000E-01 4.000000000E+01
 2.745000000E-01 4.000000000E+01
 2.745500000E-01 4.000000000E+01
 2.746000000E-01 4.000000000E+01
 2.746500000E-01 4.000000000E+01
 2.747000000E-01 4.000000000E+01
 2.747500000E-01 4.000000000E+01
 2.748000000E-01 4.000000000E+01
 2.748500000E-01 4.000000000E+01
 2.749000000E-01 4.000000000E+01
 2.749500000E-01 4.000000000E+01
 2.750000000E-01 4.000000000E+01
 2.750500000E-01 4.000000000E+01
 2.751000000E-01 4.000000000E+01
 2.751500000E-01 4.000000000E+01
 2.752000000E-01 4.000000000E+01
 2.752500000E-01 4.000000000E+01
 2.753000000E-01 4.000000000E+01
 2.753500000E-01 4.000000000E+01
 2.754000000E-01 4.000000000E+01
 2.754500000E-01 4.000000000E+01
 2.755000000E-01 4.000000000E+01
 2.755500000E-01 4.000000000E+01
 2.756000000E-01 4.000000000E+01
 2.756500000E-01 4.000000000E+01
 2.757000000E-01 4.000000000E+01
 2.757500000E-01 4.000000000E+01
 2.758000000E-01 4.000000000E+01
 2.758500000E-01 4.000000000E+01
 2.759000000E-01 4.000000000E+01
 2.759500000E-01 4.000000000E+01
 2.760000000E-01 4.000000000E+01
 2.760500000E-01 4.000000000E+01
 2.761000000E-01 4.000000000E+01
 2.761500000E-01 4.000000000E+01
 2.762000000E-01 4.000000000E+01
 2.762500000E-01 4.000000000E+01
 2.763000000E-01 4.000000000E+01
 2.763500000E-01 4.000000000E+01
 2.764000000E-01 4.000000000E+01
 2.764500000E-01 4.000000000E+01
 2.765000000E-01 4.000000000E+01
 2.765500000E-01 4.000000000E+01
 2.766000000E-01 4.000000000E+01
 2.766500000E-01 4.000000000E+01
 2.767000000E-01 4.000000000E+01
 2.767500000E-01 4.000000000E+01
 2.768000000E-01 4.000000000E+01
 2.768500000E-01 4.000000000E+01
 2.769000000E-01 4.000000000E+01
 2.769500000E-01 4.000000000E+01
 2.770000000E-01 4.000000000E+01
 2.770500000E-01 4.000000000E+01
 2.771000000E-01 4.000000000E+01
 2.771500000E-01 4.000000000E+01
 2.772000000E-01 4.000000000E+01
 2.772500000E-01 4.000000000E+01
 2.773000000E-01 4.000000000E+01
 2.773500000E-01 4.000000000E+01
 2.774000000E-01 4.000000000E+01
 2.774500000E-01 4.000000000E+01
 2.775000000E-01 4.000000000E+01
 2.775500000E-01 4.000000000E+01
 2.776000000E-01 4.000000000E+01
 2.776500000E-01 4.000000000E+01
 2.777000000E-01 4.000000000E+01
 2.777500000E-01 4.000000000E+01
 2.778000000E-01 4.000000000E+01
 2.778500000E-01 4.000000000E+01
 2.779000000E-01 4.000000000E+01
 2.779500000E-01 4.000000000E+01
 2.780000000E-01 4.000000000E+01
 2.780500000E-01 4.000000000E+01
 2.781000000E-01 4.000000000E+01
 2.781500000E-01 4.000000000E+01
 2.782000000E-01 4.000000000E+01
 2.782500000E-01 4.000000000E+01
 2.783000000E-01 4.000000000E+01
 2.783500000E-01 4.000000000E+01
 2.784000000E-01 4.000000000E+01
 2.784500000E-01 4.000000000E+01
 2.785000000E-01 4.000000000E+01
 2.785500000E-01 4.000000000E+01
 2.786000000E-01 4.000000000E+01
 2.786500000E-01 4.000000000E+01
 2.787000000E-01 4.000000000E+01
 2.787500000E-01 4.000000000E+01
 2.788000000E-01 4.000000000E+01
 2.788500000E-01 4.000000000E+01
 2.789000000E-01 4.000000000E+01
 2.789500000E-01 4.000000000E+01
 2.790000000E-01 4.000000000E+01
 2.790500000E-01 4.000000000E+01
 2.791000000E-01 4.000000000E+01
 2.791500000E-01 4.000000000E+01
 2.792000000E-01 4.000000000E+01
 2.792500000E-01 4.000000000E+01
 2.793000000E-01 4.000000000E+01
 2.793500000E-01 4.000000000E+01
 2.794000000E-01 4.000000000E+01
 2.794500000E-01 4.000000000E+01
 2.795000000E-01 4.000000000E+01
 2.795500000E-01 4.000000000E+01
 2.796000000E-01 4.000000000E+01
 2.796500000E-01 4.000000000E+01
 2.797000000E-01 4.000000000E+01
 2.797500000E-01 4.000000000E+01
 2.798000000E-01 4.000000000E+01
 2.798500000E-01 4.000000000E+01
 2.799000000E-01 4.000000000E+01
 2.799500000E-01 4.000000000E+01
 2.800000000E-01 4.000000000E+01
 2.800500000E-01 4.000000000E+01
 2.801000000E-01 4.000000000E+01
 2.801500000E-01 4.000000000E+01
 2.802000000E-01 4.000000000E+01
 2.802500000E-01 4.000000000E+01
 2.803000000E-01 4.000000000E+01
 2.803500000E-01 4.000000000E+01
 2.804000000E-01 4.000000000E+01
 2.804500000E-01 4.000000000E+01
 2.805000000E-01 4.000000000E+01
 2.805500000E-01 4.000000000E+01
 2.806000000E-01 4.000000000E+01
 2.806500000E-01 4.000000000E+01
 2.807000000E-01 4.000000000E+01
 2.807500000E-01 4.000000000E+01
 2.808000000E-01 4.000000000E+01
 2.808500000E-01 4.000000000E+01
 2.809000000E-01 4.000000000E+01
 2.809500000E-01 4.000000000E+01
 2.810000000E-01 4.000000000E+01
 2.810500000E-01 4.000000000E+01
 2.811000000E-01 4.000000000E+01
 2.811500000E-01 4.000000000E+01
 2.812000000E-01 4.000000000E+01
 2.812500000E-01 4.000000000E+01
 2.813000000E-01 4.000000000E+01
 2.813500000E-01 4.000000000E+01
 2.814000000E-01 4.000000000E+01
 2.814500000E-01 4.000000000E+01
 2.815000000E-01 4.000000000E+01
 2.815500000E-01 4.000000000E+01
 2.816000000E-01 4.000000000E+01
 2.816500000E-01 4.000000000E+01
 2.817000000E-01 4.000000000E+01
 2.817500000E-01 4.000000000E+01
 2.818000000E-01 4.000000000E+01
 2.818500000E-01 4.000000000E+01
 2.819000000E-01 4.000000000E+01
 2.819500000E-01 4.000000000E+01
 2.820000000E-01 4.000000000E+01
 2.820500000E-01 4.000000000E+01
 2.821000000E-01 4.000000000E+01
 2.821500000E-01 4.000000000E+01
 2.822000000E-01 4.000000000E+01
 2.822500000E-01 4.000000000E+01
 2.823000000E-01 4.000000000E+01
 2.823500000E-01 4.000000000E+01
 2.824000000E-01 4.000000000E+01
 2.824500000E-01 4.000000000E+01
 2.825000000E-01 4.000000000E+01
 2.825500000E-01 4.000000000E+01
 2.826000000E-01 4.000000000E+01
 2.826500000E-01 4.000000000E+01
 2.827000000E-01 4.000000000E+01
 2.827500000E-01 4.000000000E+01
 2.828000000E-01 4.000000000E+01
 2.828500000E-01 4.000000000E+01
 2.829000000E-01 4.000000000E+01
 2.829500000E-01 4.000000000E+01
 2.830000000E-01 4.000000000E+01
 2.830500000E-01 4.000000000E+01
 2.831000000E-01 4.000000000E+01
 2.831500000E-01 4.000000000E+01
 2.832000000E-01 4.000000000E+01
 2.832500000E-01 4.000000000E+01
 2.833000000E-01 4.000000000E+01
 2.833500000E-01 4.000000000E+01
 2.834000000E-01 4.000000000E+01
 2.834500000E-01 4.000000000E+01
 2.835000000E-01 4.000000000E+01
 2.835500000E-01 4.000000000E+01
 2.836000000E-01 4.000000000E+01
 2.836500000E-01 4.000000000E+01
 2.837000000E-01 4.000000000E+01
 2.837500000E-01 4.000000000E+01
 2.838000000E-01 4.000000000E+01
 2.838500000E-01 4.000000000E+01
 2.839000000E-01 4.000000000E+01
 2.839500000E-01 4.000000000E+01
 2.840000000E-01 4.000000000E+01
 2.840500000E-01 4.000000000E+01
 2.841000000E-01 4.000000000E+01
 2.841500000E-01 4.000000000E+01
 2.842000000E-01 4.000000000E+01
 2.842500000E-01 4.000000000E+01
 2.843000000E-01 4.000000000E+01
 2.843500000E-01 4.000000000E+01
 2.844000000E-01 4.000000000E+01
 2.844500000E-01 4.000000000E+01
 2.845000000E-01 4.000000000E+01
 2.845500000E-01 4.000000000E+01
 2.846000000E-01 4.000000000E+01
 2.846500000E-01 4.000000000E+01
 2.847000000E-01 4.000000000E+01
 2.847500000E-01 4.000000000E+01
 2.848000000E-01 4.000000000E+01
 2.848500000E-01 4.000000000E+01
 2.849000000E-01 4.000000000E+01
 2.849500000E-01 4.000000000E+01
 2.850000000E-01 4.000000000E+01
 2.850500000E-01 4.000000000E+01
 2.851000000E-01 4.000000000E+01
 2.851500000E-01 4.000000000E+01
 2.852000000E-01 4.000000000E+01
 2.852500000E-01 4.000000000E+01
 2.853000000E-01 4.000000000E+01
 2.853500000E-01 4.000000000E+01
 2.854000000E-01 4.000000000E+01
 2.854500000E-01 4.000000000E+01
 2.855000000E-01 4.000000000E+01
 2.855500000E-01 4.000000000E+01
 2.856000000E-01 4.000000000E+01
 2.856500000E-01 4.000000000E+01
 2.857000000E-01 4.000000000E+01
 2.857500000E-01 4.000000000E+01
 2.858000000E-01 4.000000000E+01
 2.858500000E-01 4.000000000E+01
 2.859000000E-01 4.000000000E+01
 2.859500000E-01 4.000000000E+01
 2.860000000E-01 4.000000000E+01
 2.860500000E-01 4.000000000E+01
 2.861000000E-01 4.000000000E+01
 2.861500000E-01 4.000000000E+01
 2.862000000E-01 4.000000000E+01
 2.862500000E-01 4.000000000E+01
 2.863000000E-01 4.000000000E+01
 2.863500000E-01 4.000000000E+01
 2.864000000E-01 4.000000000E+01
 2.864500000E-01 4.000000000E+01
 2.865000000E-01 4.000000000E+01
 2.865500000E-01 4.000000000E+01
 2.866000000E-01 4.000000000E+01
 2.866500000E-01 4.000000000E+01
 2.867000000E-01 4.000000000E+01
 2.867500000E-01 4.000000000E+01
 2.868000000E-01 4.000000000E+01
 2.868500000E-01 4.000000000E+01
 2.869000000E-01 4.000000000E+01
 2.869500000E-01 4.000000000E+01
 2.870000000E-01 4.000000000E+01
 2.870500000E-01 4.000000000E+01
 2.871000000E-01 4.000000000E+01
 2.871500000E-01 4.000000000E+01
 2.872000000E-01 4.000000000E+01
 2.872500000E-01 4.000000000E+01
 2.873000000E-01 4.000000000E+01
 2.873500000E-01 4.000000000E+01
 2.874000000E-01 4.000000000E+01
 2.874500000E-01 4.000000000E+01
 2.875000000E-01 4.000000000E+01
 2.875500000E-01 4.000000000E+01
 2.876000000E-01 4.000000000E+01
 2.876500000E-01 4.000000000E+01
 2.877000000E-01 4.000000000E+01
 2.877500000E-01 4.000000000E+01
 2.878000000E-01 4.000000000E+01
 2.878500000E-01 4.000000000E+01
 2.879000000E-01 4.000000000E+01
 2.879500000E-01 4.000000000E+01
 2.880000000E-01 4.000000000E+01
 2.880500000E-01 4.000000000E+01
 2.881000000E-01 4.000000000E+01
 2.881500000E-01 4.000000000E+01
 2.882000000E-01 4.000000000E+01
 2.882500000E-01 4.000000000E+01
 2.883000000E-01 4.000000000E+01
 2.883500000E-01 4.000000000E+01
 2.884000000E-01 4.000000000E+01
 2.884500000E-01 4.000000000E+01
 2.885000000E-01 4.000000000E+01
 2.885500000E-01 4.000000000E+01
 2.886000000E-01 4.000000000E+01
 2.886500000E-01 4.000000000E+01
 2.887000000E-01 4.000000000E+01
 2.887500000E-01 4.000000000E+01
 2.888000000E-01 4.000000000E+01
 2.888500000E-01 4.000000000E+01
 2.889000000E-01 4.000000000E+01
 2.889500000E-01 4.000000000E+01
 2.890000000E-01 4.000000000E+01
 2.890500000E-01 4.000000000E+01
 2.891000000E-01 4.000000000E+01
 2.891500000E-01 4.000000000E+01
 2.892000000E-01 4.000000000E+01
 2.892500000E-01 4.000000000E+01
 2.893000000E-01 4.000000000E+01
 2.893500000E-01 4.000000000E+01
 2.894000000E-01 4.000000000E+01
 2.894500000E-01 4.000000000E+01
 2.895000000E-01 4.000000000E+01
 2.895500000E-01 4.000000000E+01
 2.896000000E-01 4.000000000E+01
 2.896500000E-01 4.000000000E+01
 2.897000000E-01 4.000000000E+01
 2.897500000E-01 4.000000000E+01
 2.898000000E-01 4.000000000E+01
 2.898500000E-01 4.000000000E+01
 2.899000000E-01 4.000000000E+01
 2.899500000E-01 4.000000000E+01
 2.900000000E-01 4.000000000E+01
 2.900500000E-01 4.000000000E+01
 2.901000000E-01 4.000000000E+01
 2.901500000E-01 4.000000000E+01
 2.902000000E-01 4.000000000E+01
 2.902500000E-01 4.000000000E+01
 2.903000000E-01 4.000000000E+01
 2.903500000E-01 4.000000000E+01
 2.904000000E-01 4.000000000E+01
 2.904500000E-01 4.000000000E+01
 2.905000000E-01 4.000000000E+01
 2.905500000E-01 4.000000000E+01
 2.906000000E-01 4.000000000E+01
 2.906500000E-01 4.000000000E+01
 2.907000000E-01 4.000000000E+01
 2.907500000E-01 4.000000000E+01
 2.908000000E-01 4.000000000E+01
 2.908500000E-01 4.000000000E+01
 2.909000000E-01 4.000000000E+01
 2.909500000E-01 4.000000000E+01
 2.910000000E-01 4.000000000E+01
 2.910500000E-01 4.000000000E+01
 2.911000000E-01 4.000000000E+01
 2.911500000E-01 4.000000000E+01
 2.912000000E-01 4.000000000E+01
 2.912500000E-01 4.000000000E+01
 2.913000000E-01 4.000000000E+01
 2.913500000E-01 4.000000000E+01
 2.914000000E-01 4.000000000E+01
 2.914500000E-01 4.000000000E+01
 2.915000000E-01 4.000000000E+01
 2.915500000E-01 4.000000000E+01
 2.916000000E-01 4.000000000E+01
 2.916500000E-01 4.000000000E+01
 2.917000000E-01 4.000000000E+01
 2.917500000E-01 4.000000000E+01
 2.918000000E-01 4.000000000E+01
 2.918500000E-01 4.000000000E+01
 2.919000000E-01 4.000000000E+01
 2.919500000E-01 4.000000000E+01
 2.920000000E-01 4.000000000E+01
 2.920500000E-01 4.000000000E+01
 2.921000000E-01 4.000000000E+01
 2.921500000E-01 4.000000000E+01
 2.922000000E-01 4.000000000E+01
 2.922500000E-01 4.000000000E+01
 2.923000000E-01 4.000000000E+01
 2.923500000E-01 4.000000000E+01
 2.924000000E-01 4.000000000E+01
 2.924500000E-01 4.000000000E+01
 2.925000000E-01 4.000000000E+01
 2.925500000E-01 4.000000000E+01
 2.926000000E-01 4.000000000E+01
 2.926500000E-01 4.000000000E+01
 2.927000000E-01 4.000000000E+01
 2.927500000E-01 4.000000000E+01
 2.928000000E-01 4.000000000E+01
 2.928500000E-01 4.000000000E+01
 2.929000000E-01 4.000000000E+01
 2.929500000E-01 4.000000000E+01
 2.930000000E-01 4.000000000E+01
 2.930500000E-01 4.000000000E+01
 2.931000000E-01 4.000000000E+01
 2.931500000E-01 4.000000000E+01
 2.932000000E-01 4.000000000E+01
 2.932500000E-01 4.000000000E+01
 2.933000000E-01 4.000000000E+01
 2.933500000E-01 4.000000000E+01
 2.934000000E-01 4.000000000E+01
 2.934500000E-01 4.000000000E+01
 2.935000000E-01 4.000000000E+01
 2.935500000E-01 4.000000000E+01
 2.936000000E-01 4.000000000E+01
 2.936500000E-01 4.000000000E+01
 2.937000000E-01 4.000000000E+01
 2.937500000E-01 4.000000000E+01
 2.938000000E-01 4.000000000E+01
 2.938500000E-01 4.000000000E+01
 2.939000000E-01 4.000000000E+01
 2.939500000E-01 4.000000000E+01
 2.940000000E-01 4.000000000E+01
 2.940500000E-01 4.000000000E+01
 2.941000000E-01 4.000000000E+01
 2.941500000E-01 4.000000000E+01
 2.942000000E-01 4.000000000E+01
 2.942500000E-01 4.000000000E+01
 2.943000000E-01 4.000000000E+01
 2.943500000E-01 4.000000000E+01
 2.944000000E-01 4.000000000E+01
 2.944500000E-01 4.000000000E+01
 2.945000000E-01 4.000000000E+01
 2.945500000E-01 4.000000000E+01
 2.946000000E-01 4.000000000E+01
 2.946500000E-01 4.000000000E+01
 2.947000000E-01 4.000000000E+01
 2.947500000E-01 4.000000000E+01
 2.948000000E-01 4.000000000E+01
 2.948500000E-01 4.000000000E+01
 2.949000000E-01 4.000000000E+01
 2.949500000E-01 4.000000000E+01
 2.950000000E-01 4.000000000E+01
 2.950500000E-01 4.000000000E+01
 2.951000000E-01 4.000000000E+01
 2.951500000E-01 4.000000000E+01
 2.952000000E-01 4.000000000E+01
 2.952500000E-01 4.000000000E+01
 2.953000000E-01 4.000000000E+01
 2.953500000E-01 4.000000000E+01
 2.954000000E-01 4.000000000E+01
 2.954500000E-01 4.000000000E+01
 2.955000000E-01 4.000000000E+01
 2.955500000E-01 4.000000000E+01
 2.956000000E-01 4.000000000E+01
 2.956500000E-01 4.000000000E+01
 2.957000000E-01 4.000000000E+01
 2.957500000E-01 4.000000000E+01
 2.958000000E-01 4.000000000E+01
 2.958500000E-01 4.000000000E+01
 2.959000000E-01 4.000000000E+01
 2.959500000E-01 4.000000000E+01
 2.960000000E-01 4.000000000E+01
 2.960500000E-01 4.000000000E+01
 2.961000000E-01 4.000000000E+01
 2.961500000E-01 4.000000000E+01
 2.962000000E-01 4.000000000E+01
 2.962500000E-01 4.000000000E+01
 2.963000000E-01 4.000000000E+01
 2.963500000E-01 4.000000000E+01
 2.964000000E-01 4.000000000E+01
 2.964500000E-01 4.000000000E+01
 2.965000000E-01 4.000000000E+01
 2.965500000E-01 4.000000000E+01
 2.966000000E-01 4.000000000E+01
 2.966500000E-01 4.000000000E+01
 2.967000000E-01 4.000000000E+01
 2.967500000E-01 4.000000000E+01
 2.968000000E-01 4.000000000E+01
 2.968500000E-01 4.000000000E+01
 2.969000000E-01 4.000000000E+01
 2.969500000E-01 4.000000000E+01
 2.970000000E-01 4.000000000E+01
 2.970500000E-01 4.000000000E+01
 2.971000000E-01 4.000000000E+01
 2.971500000E-01 4.000000000E+01
 2.972000000E-01 4.000000000E+01
 2.972500000E-01 4.000000000E+01
 2.973000000E-01 4.000000000E+01
 2.973500000E-01 4.000000000E+01
 2.974000000E-01 4.000000000E+01
 2.974500000E-01 4.000000000E+01
 2.975000000E-01 4.000000000E+01
 2.975500000E-01 4.000000000E+01
 2.976000000E-01 4.000000000E+01
 2.976500000E-01 4.000000000E+01
 2.977000000E-01 4.000000000E+01
 2.977500000E-01 4.000000000E+01
 2.978000000E-01 4.000000000E+01
 2.978500000E-01 4.000000000E+01
 2.979000000E-01 4.000000000E+01
 2.979500000E-01 4.000000000E+01
 2.980000000E-01 4.000000000E+01
 2.980500000E-01 3.956944795E+01
 2.981000000E-01 3.914353028E+01
 2.981500000E-01 3.872219711E+01
 2.982000000E-01 3.830539908E+01
 2.982500000E-01 3.789308738E+01
 2.983000000E-01 3.748521372E+01
 2.983500000E-01 3.708173034E+01
 2.984000000E-01 3.668258996E+01
 2.984500000E-01 3.628774586E+01
 2.985000000E-01 3.589715178E+01
 2.985500000E-01 3.551076198E+01
 2.986000000E-01 3.512853120E+01
 2.986500000E-01 3.475041467E+01
 2.987000000E-01 3.437636812E+01
 2.987500000E-01 3.400634773E+01
 2.988000000E-01 3.364031016E+01
 2.988500000E-01 3.327821255E+01
 2.989000000E-01 3.292001249E+01
 2.989500000E-01 3.256566802E+01
 2.990000000E-01 3.221513765E+01
 2.990500000E-01 3.186838031E+01
 2.991000000E-01 3.152535540E+01
 2.991500000E-01 3.118602275E+01
 2.992000000E-01 3.085034260E+01
 2.992500000E-01 3.051827565E+01
 2.993000000E-01 3.018978300E+01
 2.993500000E-01 2.986482618E+01
 2.994000000E-01 2.954336712E+01
 2.994500000E-01 2.922536820E+01
 2.995000000E-01 2.891079214E+01
 2.995500000E-01 2.859960213E+01
 2.996000000E-01 2.829176170E+01
 2.996500000E-01 2.798723480E+01
 2.997000000E-01 2.768598577E+01
 2.997500000E-01 2.738797932E+01
 2.998000000E-01 2.709318056E+01
 2.998500000E-01 2.680155495E+01
 2.999000000E-01 2.651306834E+01
 2.999500000E-01 2.622768695E+01
 3.000000000E-01 2.594537734E+01
 3.000500000E-01 2.566610646E+01
 3.001000000E-01 2.538984159E+01
 3.001500000E-01 2.511655039E+01
 3.002000000E-01 2.484620083E+01
 3.002500000E-01 2.457876127E+01
 3.003000000E-01 2.431420037E+01
 3.003500000E-01 2.405248715E+01
 3.004000000E-01 2.379359096E+01
 3.004500000E-01 2.353748148E+01
 3.005000000E-01 2.328412871E+01
 3.005500000E-01 2.303350298E+01
 3.006000000E-01 2.278557493E+01
 3.006500000E-01 2.254031554E+01
 3.007000000E-01 2.229769606E+01
 3.007500000E-01 2.205768810E+01
 3.008000000E-01 2.182026353E+01
 3.008500000E-01 2.158539455E+01
 3.009000000E-01 2.135305365E+01
 3.009500000E-01 2.112321363E+01
 3.010000000E-01 2.089584756E+01
 3.010500000E-01 2.067092881E+01
 3.011000000E-01 2.044843104E+01
 3.011500000E-01 2.022832820E+01
 3.012000000E-01 2.001059450E+01
 3.012500000E-01 1.979520444E+01
 3.013000000E-01 1.958213279E+01
 3.013500000E-01 1.937135461E+01
 3.014000000E-01 1.916284520E+01
 3.014500000E-01 1.895658014E+01
 3.015000000E-01 1.875253529E+01
 3.015500000E-01 1.855068672E+01
 3.016000000E-01 1.835101082E+01
 3.016500000E-01 1.815348419E+01
 3.017000000E-01 1.795808370E+01
 3.017500000E-01 1.776478645E+01
 3.018000000E-01 1.757356983E+01
 3.018500000E-01 1.738441141E+01
 3.019000000E-01 1.719728907E+01
 3.019500000E-01 1.701218087E+01
 3.020000000E-01 1.682906514E+01
 3.020500000E-01 1.664792042E+01
 3.021000000E-01 1.646872552E+01
 3.021500000E-01 1.629145943E+01
 3.022000000E-01 1.611610140E+01
 3.022500000E-01 1.594263089E+01
 3.023000000E-01 1.577102758E+01
 3.023500000E-01 1.560127138E+01
 3.024000000E-01 1.543334240E+01
 3.024500000E-01 1.526722097E+01
 3.025000000E-01 1.510288764E+01
 3.025500000E-01 1.494032316E+01
 3.026000000E-01 1.477950849E+01
 3.026500000E-01 1.462042480E+01
 3.027000000E-01 1.446305345E+01
 3.027500000E-01 1.430737602E+01
 3.028000000E-01 1.415337427E+01
 3.028500000E-01 1.400103017E+01
 3.029000000E-01 1.385032586E+01
 3.029500000E-01 1.370124371E+01
 3.030000000E-01 1.355376625E+01
 3.030500000E-01 1.340787620E+01
 3.031000000E-01 1.326355649E+01
 3.031500000E-01 1.312079020E+01
 3.032000000E-01 1.297956063E+01
 3.032500000E-01 1.283985122E+01
 3.033000000E-01 1.270164561E+01
 3.033500000E-01 1.256492762E+01
 3.034000000E-01 1.242968124E+01
 3.034500000E-01 1.229589062E+01
 3.035000000E-01 1.216354010E+01
 3.035500000E-01 1.203261418E+01
 3.036000000E-01 1.190309751E+01
 3.036500000E-01 1.177497493E+01
 3.037000000E-01 1.164823145E+01
 3.037500000E-01 1.152285220E+01
 3.038000000E-01 1.139882251E+01
 3.038500000E-01 1.127612785E+01
 3.039000000E-01 1.115475385E+01
 3.039500000E-01 1.103468630E+01
 3.040000000E-01 1.091591113E+01
 3.040500000E-01 1.079841443E+01
 3.041000000E-01 1.068218245E+01
 3.041500000E-01 1.056720156E+01
 3.042000000E-01 1.045345830E+01
 3.042500000E-01 1.034093936E+01
 3.043000000E-01 1.022963154E+01
 3.043500000E-01 1.011952182E+01
 3.044000000E-01 1.001059730E+01
 3.044500000E-01 9.902845224E+00
 3.045000000E-01 9.796252967E+00
 3.045500000E-01 9.690808048E+00
 3.046000000E-01 9.586498118E+00
 3.046500000E-01 9.483310958E+00
 3.047000000E-01 9.381234485E+00
 3.047500000E-01 9.280256742E+00
 3.048000000E-01 9.180365904E+00
 3.048500000E-01 9.081550271E+00
 3.049000000E-01 8.983798270E+00
 3.049500000E-01 8.887098452E+00
 3.050000000E-01 8.791439491E+00
 3.050500000E-01 8.696810185E+00
 3.051000000E-01 8.603199449E+00
 3.051500000E-01 8.510596321E+00
 3.052000000E-01 8.418989955E+00
 3.052500000E-01 8.328369621E+00
 3.053000000E-01 8.238724706E+00
 3.053500000E-01 8.150044712E+00
 3.054000000E-01 8.062319251E+00
 3.054500000E-01 7.975538050E+00
 3.055000000E-01 7.889690944E+00
 3.055500000E-01 7.804767880E+00
 3.056000000E-01 7.720758911E+00
 3.056500000E-01 7.637654197E+00
 3.057000000E-01 7.555444006E+00
 3.057500000E-01 7.474118709E+00
 3.058000000E-01 7.393668781E+00
 3.058500000E-01 7.314084801E+00
 3.059000000E-01 7.235357447E+00
 3.059500000E-01 7.157477498E+00
 3.060000000E-01 7.080435833E+00
 3.060500000E-01 7.004223430E+00
 3.061000000E-01 6.928831362E+00
 3.061500000E-01 6.854250799E+00
 3.062000000E-01 6.780473006E+00
 3.062500000E-01 6.707489343E+00
 3.063000000E-01 6.635291262E+00
 3.063500000E-01 6.563870306E+00
 3.064000000E-01 6.493218111E+00
 3.064500000E-01 6.423326403E+00
 3.065000000E-01 6.354186994E+00
 3.065500000E-01 6.285791789E+00
 3.066000000E-01 6.218132776E+00
 3.066500000E-01 6.151202032E+00
 3.067000000E-01 6.084991716E+00
 3.067500000E-01 6.019494075E+00
 3.068000000E-01 5.954701438E+00
 3.068500000E-01 5.890606216E+00
 3.069000000E-01 5.827200902E+00
 3.069500000E-01 5.764478070E+00
 3.070000000E-01 5.702430374E+00
 3.070500000E-01 5.641050548E+00
 3.071000000E-01 5.580331401E+00
 3.071500000E-01 5.520265824E+00
 3.072000000E-01 5.460846780E+00
 3.072500000E-01 5.402067311E+00
 3.073000000E-01 5.343920533E+00
 3.073500000E-01 5.286399635E+00
 3.074000000E-01 5.229497881E+00
 3.074500000E-01 5.173208605E+00
 3.075000000E-01 5.117525217E+00
 3.075500000E-01 5.062441193E+00
 3.076000000E-01 5.007950082E+00
 3.076500000E-01 4.954045504E+00
 3.077000000E-01 4.900721143E+00
 3.077500000E-01 4.847970755E+00
 3.078000000E-01 4.795788162E+00
 3.078500000E-01 4.744167252E+00
 3.079000000E-01 4.693101979E+00
 3.079500000E-01 4.642586362E+00
 3.080000000E-01 4.592614486E+00
 3.080500000E-01 4.543180497E+00
 3.081000000E-01 4.494278605E+00
 3.081500000E-01 4.445903084E+00
 3.082000000E-01 4.398048268E+00
 3.082500000E-01 4.350708551E+00
 3.083000000E-01 4.303878389E+00
 3.083500000E-01 4.257552298E+00
 3.084000000E-01 4.211724851E+00
 3.084500000E-01 4.166390683E+00
 3.085000000E-01 4.121544482E+00
 3.085500000E-01 4.077180997E+00
 3.086000000E-01 4.033295031E+00
 3.086500000E-01 3.989881445E+00
 3.087000000E-01 3.946935155E+00
 3.087500000E-01 3.904451130E+00
 3.088000000E-01 3.862424394E+00
 3.088500000E-01 3.820850026E+00
 3.089000000E-01 3.779723156E+00
 3.089500000E-01 3.739038968E+00
 3.090000000E-01 3.698792696E+00
 3.090500000E-01 3.658979627E+00
 3.091000000E-01 3.619595098E+00
 3.091500000E-01 3.580634496E+00
 3.092000000E-01 3.542093258E+00
 3.092500000E-01 3.503966871E+00
 3.093000000E-01 3.466250868E+00
 3.093500000E-01 3.428940833E+00
 3.094000000E-01 3.392032396E+00
 3.094500000E-01 3.355521233E+00
 3.095000000E-01 3.319403070E+00
 3.095500000E-01 3.283673675E+00
 3.096000000E-01 3.248328865E+00
 3.096500000E-01 3.213364499E+00
 3.097000000E-01 3.178776483E+00
 3.097500000E-01 3.144560765E+00
 3.098000000E-01 3.110713338E+00
 3.098500000E-01 3.077230238E+00
 3.099000000E-01 3.044107544E+00
 3.099500000E-01 3.011341375E+00
 3.100000000E-01 2.978927896E+00
 3.100500000E-01 2.946863308E+00
 3.101000000E-01 2.915143857E+00
 3.101500000E-01 2.883765829E+00
 3.102000000E-01 2.852725547E+00
 3.102500000E-01 2.822019376E+00
 3.103000000E-01 2.791643721E+00
 3.103500000E-01 2.761595023E+00
 3.104000000E-01 2.731869763E+00
 3.104500000E-01 2.702464460E+00
 3.105000000E-01 2.673375670E+00
 3.105500000E-01 2.644599986E+00
 3.106000000E-01 2.616134038E+00
 3.106500000E-01 2.587974491E+00
 3.107000000E-01 2.560118048E+00
 3.107500000E-01 2.532561447E+00
 3.108000000E-01 2.505301459E+00
 3.108500000E-01 2.478334892E+00
 3.109000000E-01 2.451658588E+00
 3.109500000E-01 2.425269423E+00
 3.110000000E-01 2.399164305E+00
 3.110500000E-01 2.373340178E+00
 3.111000000E-01 2.347794016E+00
 3.111500000E-01 2.322522828E+00
 3.112000000E-01 2.297523654E+00
 3.112500000E-01 2.272793566E+00
 3.113000000E-01 2.248329668E+00
 3.113500000E-01 2.224129095E+00
 3.114000000E-01 2.200189011E+00
 3.114500000E-01 2.176506614E+00
 3.115000000E-01 2.153079130E+00
 3.115500000E-01 2.129903814E+00
 3.116000000E-01 2.106977953E+00
 3.116500000E-01 2.084298862E+00
 3.117000000E-01 2.061863883E+00
 3.117500000E-01 2.039670390E+00
 3.118000000E-01 2.017715784E+00
 3.118500000E-01 1.995997492E+00
 3.119000000E-01 1.974512972E+00
 3.119500000E-01 1.953259707E+00
 3.120000000E-01 1.932235208E+00
 3.120500000E-01 1.911437013E+00
 3.121000000E-01 1.890862685E+00
 3.121500000E-01 1.870509815E+00
 3.122000000E-01 1.850376019E+00
 3.122500000E-01 1.830458940E+00
 3.123000000E-01 1.810756244E+00
 3.123500000E-01 1.791265623E+00
 3.124000000E-01 1.771984796E+00
 3.124500000E-01 1.752911504E+00
 3.125000000E-01 1.734043514E+00
 3.125500000E-01 1.715378614E+00
 3.126000000E-01 1.696914620E+00
 3.126500000E-01 1.678649368E+00
 3.127000000E-01 1.660580720E+00
 3.127500000E-01 1.642706559E+00
 3.128000000E-01 1.625024793E+00
 3.128500000E-01 1.607533349E+00
 3.129000000E-01 1.590230180E+00
 3.129500000E-01 1.573113258E+00
 3.130000000E-01 1.556180580E+00
 3.130500000E-01 1.539430162E+00
 3.131000000E-01 1.522860042E+00
 3.131500000E-01 1.506468279E+00
 3.132000000E-01 1.490252954E+00
 3.132500000E-01 1.474212167E+00
 3.133000000E-01 1.458344041E+00
 3.133500000E-01 1.442646716E+00
 3.134000000E-01 1.427118353E+00
 3.134500000E-01 1.411757135E+00
 3.135000000E-01 1.396561262E+00
 3.135500000E-01 1.381528954E+00
 3.136000000E-01 1.366658451E+00
 3.136500000E-01 1.351948011E+00
 3.137000000E-01 1.337395912E+00
 3.137500000E-01 1.323000448E+00
 3.138000000E-01 1.308759934E+00
 3.138500000E-01 1.294672703E+00
 3.139000000E-01 1.280737103E+00
 3.139500000E-01 1.266951504E+00
 3.140000000E-01 1.253314290E+00
 3.140500000E-01 1.239823864E+00
 3.141000000E-01 1.226478646E+00
 3.141500000E-01 1.213277074E+00
 3.142000000E-01 1.200217601E+00
 3.142500000E-01 1.187298697E+00
 3.143000000E-01 1.174518850E+00
 3.143500000E-01 1.161876563E+00
 3.144000000E-01 1.149370355E+00
 3.144500000E-01 1.136998761E+00
 3.145000000E-01 1.124760332E+00
 3.145500000E-01 1.112653636E+00
 3.146000000E-01 1.100677253E+00
 3.146500000E-01 1.088829782E+00
 3.147000000E-01 1.077109835E+00
 3.147500000E-01 1.065516039E+00
 3.148000000E-01 1.054047036E+00
 3.148500000E-01 1.042701483E+00
 3.149000000E-01 1.031478052E+00
 3.149500000E-01 1.020375427E+00
 3.150000000E-01 1.009392309E+00
 3.150500000E-01 9.985274109E-01
 3.151000000E-01 9.877794604E-01
 3.151500000E-01 9.771471987E-01
 3.152000000E-01 9.666293806E-01
 3.152500000E-01 9.562247741E-01
 3.153000000E-01 9.459321608E-01
 3.153500000E-01 9.357503351E-01
 3.154000000E-01 9.256781046E-01
 3.154500000E-01 9.157142896E-01
 3.155000000E-01 9.058577230E-01
 3.155500000E-01 8.961072506E-01
 3.156000000E-01 8.864617304E-01
 3.156500000E-01 8.769200326E-01
 3.157000000E-01 8.674810397E-01
 3.157500000E-01 8.581436463E-01
 3.158000000E-01 8.489067588E-01
 3.158500000E-01 8.397692952E-01
 3.159000000E-01 8.307301855E-01
 3.159500000E-01 8.217883710E-01
 3.160000000E-01 8.129428044E-01
 3.160500000E-01 8.041924497E-01
 3.161000000E-01 7.955362821E-01
 3.161500000E-01 7.869732877E-01
 3.162000000E-01 7.785024637E-01
 3.162500000E-01 7.701228180E-01
 3.163000000E-01 7.618333692E-01
 3.163500000E-01 7.536331463E-01
 3.164000000E-01 7.455211889E-01
 3.164500000E-01 7.374965471E-01
 3.165000000E-01 7.295582809E-01
 3.165500000E-01 7.217054607E-01
 3.166000000E-01 7.139371666E-01
 3.166500000E-01 7.062524889E-01
 3.167000000E-01 6.986505276E-01
 3.167500000E-01 6.911303922E-01
 3.168000000E-01 6.836912021E-01
 3.168500000E-01 6.763320859E-01
 3.169000000E-01 6.690521819E-01
 3.169500000E-01 6.618506372E-01
 3.170000000E-01 6.547266086E-01
 3.170500000E-01 6.476792615E-01
 3.171000000E-01 6.407077708E-01
 3.171500000E-01 6.338113197E-01
 3.172000000E-01 6.269891007E-01
 3.172500000E-01 6.202403147E-01
 3.173000000E-01 6.135641713E-01
 3.173500000E-01 6.069598886E-01
 3.174000000E-01 6.004266930E-01
 3.174500000E-01 5.939638195E-01
 3.175000000E-01 5.875705111E-01
 3.175500000E-01 5.812460189E-01
 3.176000000E-01 5.749896023E-01
 3.176500000E-01 5.688005286E-01
 3.177000000E-01 5.626780728E-01
 3.177500000E-01 5.566215179E-01
 3.178000000E-01 5.506301546E-01
 3.178500000E-01 5.447032811E-01
 3.179000000E-01 5.388402033E-01
 3.179500000E-01 5.330402345E-01
 3.180000000E-01 5.273026954E-01
 3.180500000E-01 5.216269141E-01
 3.181000000E-01 5.160122257E-01
 3.181500000E-01 5.104579727E-01
 3.182000000E-01 5.049635046E-01
 3.182500000E-01 4.995281778E-01
 3.183000000E-01 4.941513559E-01
 3.183500000E-01 4.888324089E-01
 3.184000000E-01 4.835707141E-01
 3.184500000E-01 4.783656551E-01
 3.185000000E-01 4.732166223E-01
 3.185500000E-01 4.681230127E-01
 3.186000000E-01 4.630842296E-01
 3.186500000E-01 4.580996831E-01
 3.187000000E-01 4.531687892E-01
 3.187500000E-01 4.482909705E-01
 3.188000000E-01 4.434656556E-01
 3.188500000E-01 4.386922795E-01
 3.189000000E-01 4.339702830E-01
 3.189500000E-01 4.292991132E-01
 3.190000000E-01 4.246782229E-01
 3.190500000E-01 4.201070709E-01
 3.191000000E-01 4.155851220E-01
 3.191500000E-01 4.111118464E-01
 3.192000000E-01 4.066867202E-01
 3.192500000E-01 4.023092252E-01
 3.193000000E-01 3.979788487E-01
 3.193500000E-01 3.936950835E-01
 3.194000000E-01 3.894574279E-01
 3.194500000E-01 3.852653856E-01
 3.195000000E-01 3.811184656E-01
 3.195500000E-01 3.770161822E-01
 3.196000000E-01 3.729580550E-01
 3.196500000E-01 3.689436087E-01
 3.197000000E-01 3.649723730E-01
 3.197500000E-01 3.610438830E-01
 3.198000000E-01 3.571576784E-01
 3.198500000E-01 3.533133042E-01
 3.199000000E-01 3.495103100E-01
 3.199500000E-01 3.457482506E-01
 3.200000000E-01 3.420266852E-01
 3.200500000E-01 3.383451779E-01
 3.201000000E-01 3.347032977E-01
 3.201500000E-01 3.311006180E-01
 3.202000000E-01 3.275367168E-01
 3.202500000E-01 3.240111767E-01
 3.203000000E-01 3.205235848E-01
 3.203500000E-01 3.170735327E-01
 3.204000000E-01 3.136606162E-01
 3.204500000E-01 3.102844357E-01
 3.205000000E-01 3.069445957E-01
 3.205500000E-01 3.036407052E-01
 3.206000000E-01 3.003723770E-01
 3.206500000E-01 2.971392284E-01
 3.207000000E-01 2.939408809E-01
 3.207500000E-01 2.907769597E-01
 3.208000000E-01 2.876470943E-01
 3.208500000E-01 2.845509182E-01
 3.209000000E-01 2.814880687E-01
 3.209500000E-01 2.784581871E-01
 3.210000000E-01 2.754609185E-01
 3.210500000E-01 2.724959120E-01
 3.211000000E-01 2.695628202E-01
 3.211500000E-01 2.666612996E-01
 3.212000000E-01 2.637910104E-01
 3.212500000E-01 2.609516164E-01
 3.213000000E-01 2.581427851E-01
 3.213500000E-01 2.553641875E-01
 3.214000000E-01 2.526154981E-01
 3.214500000E-01 2.498963952E-01
 3.215000000E-01 2.472065601E-01
 3.215500000E-01 2.445456778E-01
 3.216000000E-01 2.419134368E-01
 3.216500000E-01 2.393095286E-01
 3.217000000E-01 2.367336484E-01
 3.217500000E-01 2.341854945E-01
 3.218000000E-01 2.316647684E-01
 3.218500000E-01 2.291711749E-01
 3.219000000E-01 2.267044220E-01
 3.219500000E-01 2.242642207E-01
 3.220000000E-01 2.218502852E-01
 3.220500000E-01 2.194623328E-01
 3.221000000E-01 2.171000839E-01
 3.221500000E-01 2.147632618E-01
 3.222000000E-01 2.124515927E-01
 3.222500000E-01 2.101648060E-01
 3.223000000E-01 2.079026339E-01
 3.223500000E-01 2.056648113E-01
 3.224000000E-01 2.034510761E-01
 3.224500000E-01 2.012611692E-01
 3.225000000E-01 1.990948340E-01
 3.225500000E-01 1.969518168E-01
 3.226000000E-01 1.948318666E-01
 3.226500000E-01 1.927347351E-01
 3.227000000E-01 1.906601768E-01
 3.227500000E-01 1.886079485E-01
 3.228000000E-01 1.865778101E-01
 3.228500000E-01 1.845695236E-01
 3.229000000E-01 1.825828540E-01
 3.229500000E-01 1.806175685E-01
 3.230000000E-01 1.786734369E-01
 3.230500000E-01 1.767502315E-01
 3.231000000E-01 1.748477272E-01
 3.231500000E-01 1.729657010E-01
 3.232000000E-01 1.711039326E-01
 3.232500000E-01 1.692622039E-01
 3.233000000E-01 1.674402992E-01
 3.233500000E-01 1.656380051E-01
 3.234000000E-01 1.638551105E-01
 3.234500000E-01 1.620914067E-01
 3.235000000E-01 1.603466871E-01
 3.235500000E-01 1.586207472E-01
 3.236000000E-01 1.569133850E-01
 3.236500000E-01 1.552244005E-01
 3.237000000E-01 1.535535960E-01
 3.237500000E-01 1.519007756E-01
 3.238000000E-01 1.502657458E-01
 3.238500000E-01 1.486483152E-01
 3.239000000E-01 1.470482943E-01
 3.239500000E-01 1.454654957E-01
 3.240000000E-01 1.438997341E-01
 3.240500000E-01 1.423508259E-01
 3.241000000E-01 1.408185900E-01
 3.241500000E-01 1.393028467E-01
 3.242000000E-01 1.378034185E-01
 3.242500000E-01 1.363201299E-01
 3.243000000E-01 1.348528071E-01
 3.243500000E-01 1.334012783E-01
 3.244000000E-01 1.319653735E-01
 3.244500000E-01 1.305449245E-01
 3.245000000E-01 1.291397649E-01
 3.245500000E-01 1.277497301E-01
 3.246000000E-01 1.263746574E-01
 3.246500000E-01 1.250143857E-01
 3.247000000E-01 1.236687558E-01
 3.247500000E-01 1.223376099E-01
 3.248000000E-01 1.210207922E-01
 3.248500000E-01 1.197181484E-01
 3.249000000E-01 1.184295261E-01
 3.249500000E-01 1.171547742E-01
 3.250000000E-01 1.158937435E-01
 3.250500000E-01 1.146462863E-01
 3.251000000E-01 1.134122565E-01
 3.251500000E-01 1.121915095E-01
 3.252000000E-01 1.109839024E-01
 3.252500000E-01 1.097892937E-01
 3.253000000E-01 1.086075436E-01
 3.253500000E-01 1.074385136E-01
 3.254000000E-01 1.062820668E-01
 3.254500000E-01 1.051380678E-01
 3.255000000E-01 1.040063825E-01
 3.255500000E-01 1.028868785E-01
 3.256000000E-01 1.017794246E-01
 3.256500000E-01 1.006838911E-01
 3.257000000E-01 9.960014974E-02
 3.257500000E-01 9.852807353E-02
 3.258000000E-01 9.746753694E-02
 3.258500000E-01 9.641841575E-02
 3.259000000E-01 9.538058710E-02
 3.259500000E-01 9.435392943E-02
 3.260000000E-01 9.333832249E-02
 3.260500000E-01 9.233364735E-02
 3.261000000E-01 9.133978633E-02
 3.261500000E-01 9.035662303E-02
 3.262000000E-01 8.938404231E-02
 3.262500000E-01 8.842193025E-02
 3.263000000E-01 8.747017418E-02
 3.263500000E-01 8.652866262E-02
 3.264000000E-01 8.559728530E-02
 3.264500000E-01 8.467593314E-02
 3.265000000E-01 8.376449823E-02
 3.265500000E-01 8.286287383E-02
 3.266000000E-01 8.197095434E-02
 3.266500000E-01 8.108863528E-02
 3.267000000E-01 8.021581334E-02
 3.267500000E-01 7.935238627E-02
 3.268000000E-01 7.849825297E-02
 3.268500000E-01 7.765331338E-02
 3.269000000E-01 7.681746856E-02
 3.269500000E-01 7.599062060E-02
 3.270000000E-01 7.517267267E-02
 3.270500000E-01 7.436352897E-02
 3.271000000E-01 7.356309473E-02
 3.271500000E-01 7.277127621E-02
 3.272000000E-01 7.198798066E-02
 3.272500000E-01 7.121311635E-02
 3.273000000E-01 7.044659253E-02
 3.273500000E-01 6.968831942E-02
 3.274000000E-01 6.893820820E-02
 3.274500000E-01 6.819617104E-02
 3.275000000E-01 6.746212102E-02
 3.275500000E-01 6.673597216E-02
 3.276000000E-01 6.601763943E-02
 3.276500000E-01 6.530703868E-02
 3.277000000E-01 6.460408671E-02
 3.277500000E-01 6.390870116E-02
 3.278000000E-01 6.322080061E-02
 3.278500000E-01 6.254030449E-02
 3.279000000E-01 6.186713308E-02
 3.279500000E-01 6.120120757E-02
 3.280000000E-01 6.054244994E-02
 3.280500000E-01 6.043798706E-02
 3.281000000E-01 6.033370442E-02
 3.281500000E-01 6.022960172E-02
 3.282000000E-01 6.012567864E-02
 3.282500000E-01 6.002193488E-02
 3.283000000E-01 5.991837012E-02
 3.283500000E-01 5.981498406E-02
 3.284000000E-01 5.971177638E-02
 3.284500000E-01 5.960874679E-02
 3.285000000E-01 5.950589496E-02
 3.285500000E-01 5.940322060E-02
 3.286000000E-01 5.930072341E-02
 3.286500000E-01 5.919840306E-02
 3.287000000E-01 5.909625926E-02
 3.287500000E-01 5.899429171E-02
 3.288000000E-01 5.889250010E-02
 3.288500000E-01 5.879088412E-02
 3.289000000E-01 5.868944348E-02
 3.289500000E-01 5.858817786E-02
 3.290000000E-01 5.848708698E-02
 3.290500000E-01 5.838617052E-02
 3.291000000E-01 5.828542819E-02
 3.291500000E-01 5.818485968E-02
 3.292000000E-01 5.808446470E-02
 3.292500000E-01 5.798424295E-02
 3.293000000E-01 5.788419412E-02
 3.293500000E-01 5.778431793E-02
 3.294000000E-01 5.768461406E-02
 3.294500000E-01 5.758508223E-02
 3.295000000E-01 5.748572213E-02
 3.295500000E-01 5.738653348E-02
 3.296000000E-01 5.728751597E-02
 3.296500000E-01 5.718866931E-02
 3.297000000E-01 5.708999321E-02
 3.297500000E-01 5.699148736E-02
 3.298000000E-01 5.689315148E-02
 3.298500000E-01 5.679498528E-02
 3.299000000E-01 5.669698846E-02
 3.299500000E-01 5.659916072E-02
 3.300000000E-01 5.650150178E-02
 3.300500000E-01 5.640401135E-02
 3.301000000E-01 5.630668913E-02
 3.301500000E-01 5.620953484E-02
 3.302000000E-01 5.611254818E-02
 3.302500000E-01 5.601572887E-02
 3.303000000E-01 5.591907661E-02
 3.303500000E-01 5.582259112E-02
 3.304000000E-01 5.572627212E-02
 3.304500000E-01 5.563011930E-02
 3.305000000E-01 5.553413240E-02
 3.305500000E-01 5.543831111E-02
 3.306000000E-01 5.534265516E-02
 3.306500000E-01 5.524716426E-02
 3.307000000E-01 5.515183812E-02
 3.307500000E-01 5.505667646E-02
 3.308000000E-01 5.496167900E-02
 3.308500000E-01 5.486684545E-02
 3.309000000E-01 5.477217554E-02
 3.309500000E-01 5.467766897E-02
 3.310000000E-01 5.458332546E-02
 3.310500000E-01 5.448914475E-02
 3.311000000E-01 5.439512653E-02
 3.311500000E-01 5.430127054E-02
 3.312000000E-01 5.420757649E-02
 3.312500000E-01 5.411404411E-02
 3.313000000E-01 5.402067311E-02
 3.313500000E-01 5.392746322E-02
 3.314000000E-01 5.383441416E-02
 3.314500000E-01 5.374152565E-02
 3.315000000E-01 5.364879742E-02
 3.315500000E-01 5.355622918E-02
 3.316000000E-01 5.346382066E-02
 3.316500000E-01 5.337157159E-02
 3.317000000E-01 5.327948169E-02
 3.317500000E-01 5.318755069E-02
 3.318000000E-01 5.309577831E-02
 3.318500000E-01 5.300416428E-02
 3.319000000E-01 5.291270832E-02
 3.319500000E-01 5.282141017E-02
 3.320000000E-01 5.273026954E-02
 3.320500000E-01 5.263928618E-02
 3.321000000E-01 5.254845980E-02
 3.321500000E-01 5.245779014E-02
 3.322000000E-01 5.236727692E-02
 3.322500000E-01 5.227691988E-02
 3.323000000E-01 5.218671875E-02
 3.323500000E-01 5.209667325E-02
 3.324000000E-01 5.200678312E-02
 3.324500000E-01 5.191704809E-02
 3.325000000E-01 5.182746790E-02
 3.325500000E-01 5.173804227E-02
 3.326000000E-01 5.164877094E-02
 3.326500000E-01 5.155965365E-02
 3.327000000E-01 5.147069012E-02
 3.327500000E-01 5.138188010E-02
 3.328000000E-01 5.129322331E-02
 3.328500000E-01 5.120471949E-02
 3.329000000E-01 5.111636838E-02
 3.329500000E-01 5.102816972E-02
 3.330000000E-01 5.094012324E-02
 3.330500000E-01 5.085222868E-02
 3.331000000E-01 5.076448578E-02
 3.331500000E-01 5.067689427E-02
 3.332000000E-01 5.058945390E-02
 3.332500000E-01 5.050216440E-02
 3.333000000E-01 5.041502552E-02
 3.333500000E-01 5.032803698E-02
 3.334000000E-01 5.024119855E-02
 3.334500000E-01 5.015450995E-02
 3.335000000E-01 5.006797092E-02
 3.335500000E-01 4.998158121E-02
 3.336000000E-01 4.989534057E-02
 3.336500000E-01 4.980924873E-02
 3.337000000E-01 4.972330543E-02
 3.337500000E-01 4.963751043E-02
 3.338000000E-01 4.955186346E-02
 3.338500000E-01 4.946636427E-02
 3.339000000E-01 4.938101261E-02
 3.339500000E-01 4.929580821E-02
 3.340000000E-01 4.921075083E-02
 3.340500000E-01 4.912584022E-02
 3.341000000E-01 4.904107611E-02
 3.341500000E-01 4.895645825E-02
 3.342000000E-01 4.887198641E-02
 3.342500000E-01 4.878766031E-02
 3.343000000E-01 4.870347971E-02
 3.343500000E-01 4.861944437E-02
 3.344000000E-01 4.853555402E-02
 3.344500000E-01 4.845180842E-02
 3.345000000E-01 4.836820732E-02
 3.345500000E-01 4.828475047E-02
 3.346000000E-01 4.820143761E-02
 3.346500000E-01 4.811826852E-02
 3.347000000E-01 4.803524292E-02
 3.347500000E-01 4.795236058E-02
 3.348000000E-01 4.786962125E-02
 3.348500000E-01 4.778702469E-02
 3.349000000E-01 4.770457063E-02
 3.349500000E-01 4.762225885E-02
 3.350000000E-01 4.754008910E-02
 3.350500000E-01 4.745806112E-02
 3.351000000E-01 4.737617468E-02
 3.351500000E-01 4.729442953E-02
 3.352000000E-01 4.721282543E-02
 3.352500000E-01 4.713136213E-02
 3.353000000E-01 4.705003939E-02
 3.353500000E-01 4.696885697E-02
 3.354000000E-01 4.688781462E-02
 3.354500000E-01 4.680691211E-02
 3.355000000E-01 4.672614919E-02
 3.355500000E-01 4.664552563E-02
 3.356000000E-01 4.656504118E-02
 3.356500000E-01 4.648469560E-02
 3.357000000E-01 4.640448865E-02
 3.357500000E-01 4.632442009E-02
 3.358000000E-01 4.624448969E-02
 3.358500000E-01 4.616469720E-02
 3.359000000E-01 4.608504239E-02
 3.359500000E-01 4.600552502E-02
 3.360000000E-01 4.592614486E-02
 3.360500000E-01 4.584690166E-02
 3.361000000E-01 4.576779519E-02
 3.361500000E-01 4.568882522E-02
 3.362000000E-01 4.560999150E-02
 3.362500000E-01 4.553129381E-02
 3.363000000E-01 4.545273191E-02
 3.363500000E-01 4.537430556E-02
 3.364000000E-01 4.529601453E-02
 3.364500000E-01 4.521785859E-02
 3.365000000E-01 4.513983750E-02
 3.365500000E-01 4.506195104E-02
 3.366000000E-01 4.498419896E-02
 3.366500000E-01 4.490658104E-02
 3.367000000E-01 4.482909705E-02
 3.367500000E-01 4.475174675E-02
 3.368000000E-01 4.467452991E-02
 3.368500000E-01 4.459744631E-02
 3.369000000E-01 4.452049571E-02
 3.369500000E-01 4.444367789E-02
 3.370000000E-01 4.436699261E-02
 3.370500000E-01 4.429043965E-02
 3.371000000E-01 4.421401878E-02
 3.371500000E-01 4.413772976E-02
 3.372000000E-01 4.406157238E-02
 3.372500000E-01 4.398554641E-02
 3.373000000E-01 4.390965161E-02
 3.373500000E-01 4.383388777E-02
 3.374000000E-01 4.375825465E-02
 3.374500000E-01 4.368275204E-02
 3.375000000E-01 4.360737970E-02
 3.375500000E-01 4.353213741E-02
 3.376000000E-01 4.345702494E-02
 3.376500000E-01 4.338204209E-02
 3.377000000E-01 4.330718861E-02
 3.377500000E-01 4.323246428E-02
 3.378000000E-01 4.315786889E-02
 3.378500000E-01 4.308340221E-02
 3.379000000E-01 4.300906402E-02
 3.379500000E-01 4.293485409E-02
 3.380000000E-01 4.286077221E-02
 3.380500000E-01 4.278681815E-02
 3.381000000E-01 4.271299170E-02
 3.381500000E-01 4.263929263E-02
 3.382000000E-01 4.256572073E-02
 3.382500000E-01 4.249227577E-02
 3.383000000E-01 4.241895753E-02
 3.383500000E-01 4.234576581E-02
 3.384000000E-01 4.227270037E-02
 3.384500000E-01 4.219976100E-02
 3.385000000E-01 4.212694749E-02
 3.385500000E-01 4.205425961E-02
 3.386000000E-01 4.198169715E-02
 3.386500000E-01 4.190925989E-02
 3.387000000E-01 4.183694762E-02
 3.387500000E-01 4.176476012E-02
 3.388000000E-01 4.169269718E-02
 3.388500000E-01 4.162075857E-02
 3.389000000E-01 4.154894410E-02
 3.389500000E-01 4.147725353E-02
 3.390000000E-01 4.140568667E-02
 3.390500000E-01 4.133424329E-02
 3.391000000E-01 4.126292318E-02
 3.391500000E-01 4.119172613E-02
 3.392000000E-01 4.112065193E-02
 3.392500000E-01 4.104970036E-02
 3.393000000E-01 4.097887121E-02
 3.393500000E-01 4.090816428E-02
 3.394000000E-01 4.083757935E-02
 3.394500000E-01 4.076711621E-02
 3.395000000E-01 4.069677465E-02
 3.395500000E-01 4.062655446E-02
 3.396000000E-01 4.055645543E-02
 3.396500000E-01 4.048647735E-02
 3.397000000E-01 4.041662002E-02
 3.397500000E-01 4.034688322E-02
 3.398000000E-01 4.027726675E-02
 3.398500000E-01 4.020777040E-02
 3.399000000E-01 4.013839397E-02
 3.399500000E-01 4.006913723E-02
 3.400000000E-01 4.000000000E-02
 3.400500000E-01 3.993098206E-02
 3.401000000E-01 3.986208321E-02
 3.401500000E-01 3.979330323E-02
 3.402000000E-01 3.972464194E-02
 3.402500000E-01 3.965609911E-02
 3.403000000E-01 3.958767455E-02
 3.403500000E-01 3.951936806E-02
 3.404000000E-01 3.945117943E-02
 3.404500000E-01 3.938310845E-02
 3.405000000E-01 3.931515492E-02
 3.405500000E-01 3.924731864E-02
 3.406000000E-01 3.917959942E-02
 3.406500000E-01 3.911199703E-02
 3.407000000E-01 3.904451130E-02
 3.407500000E-01 3.897714200E-02
 3.408000000E-01 3.890988895E-02
 3.408500000E-01 3.884275194E-02
 3.409000000E-01 3.877573077E-02
 3.409500000E-01 3.870882524E-02
 3.410000000E-01 3.864203516E-02
 3.410500000E-01 3.857536032E-02
 3.411000000E-01 3.850880052E-02
 3.411500000E-01 3.844235557E-02
 3.412000000E-01 3.837602526E-02
 3.412500000E-01 3.830980940E-02
 3.413000000E-01 3.824370780E-02
 3.413500000E-01 3.817772025E-02
 3.414000000E-01 3.811184656E-02
 3.414500000E-01 3.804608653E-02
 3.415000000E-01 3.798043997E-02
 3.415500000E-01 3.791490667E-02
 3.416000000E-01 3.784948645E-02
 3.416500000E-01 3.778417911E-02
 3.417000000E-01 3.771898446E-02
 3.417500000E-01 3.765390229E-02
 3.418000000E-01 3.758893242E-02
 3.418500000E-01 3.752407465E-02
 3.419000000E-01 3.745932880E-02
 3.419500000E-01 3.739469465E-02
 3.420000000E-01 3.733017203E-02
 3.420500000E-01 3.726576074E-02
 3.421000000E-01 3.720146059E-02
 3.421500000E-01 3.713727139E-02
 3.422000000E-01 3.707319294E-02
 3.422500000E-01 3.700922505E-02
 3.423000000E-01 3.694536754E-02
 3.423500000E-01 3.688162021E-02
 3.424000000E-01 3.681798287E-02
 3.424500000E-01 3.675445534E-02
 3.425000000E-01 3.669103742E-02
 3.425500000E-01 3.662772892E-02
 3.426000000E-01 3.656452966E-02
 3.426500000E-01 3.650143945E-02
 3.427000000E-01 3.643845809E-02
 3.427500000E-01 3.637558541E-02
 3.428000000E-01 3.631282121E-02
 3.428500000E-01 3.625016530E-02
 3.429000000E-01 3.618761751E-02
 3.429500000E-01 3.612517764E-02
 3.430000000E-01 3.606284550E-02
 3.430500000E-01 3.600062092E-02
 3.431000000E-01 3.593850370E-02
 3.431500000E-01 3.587649366E-02
 3.432000000E-01 3.581459062E-02
 3.432500000E-01 3.575279439E-02
 3.433000000E-01 3.569110478E-02
 3.433500000E-01 3.562952162E-02
 3.434000000E-01 3.556804471E-02
 3.434500000E-01 3.550667388E-02
 3.435000000E-01 3.544540895E-02
 3.435500000E-01 3.538424972E-02
 3.436000000E-01 3.532319602E-02
 3.436500000E-01 3.526224766E-02
 3.437000000E-01 3.520140447E-02
 3.437500000E-01 3.514066626E-02
 3.438000000E-01 3.508003285E-02
 3.438500000E-01 3.501950406E-02
 3.439000000E-01 3.495907970E-02
 3.439500000E-01 3.489875961E-02
 3.440000000E-01 3.483854360E-02
 3.440500000E-01 3.477843148E-02
 3.441000000E-01 3.471842309E-02
 3.441500000E-01 3.465851824E-02
 3.442000000E-01 3.459871675E-02
 3.442500000E-01 3.453901845E-02
 3.443000000E-01 3.447942315E-02
 3.443500000E-01 3.441993068E-02
 3.444000000E-01 3.436054086E-02
 3.444500000E-01 3.430125352E-02
 3.445000000E-01 3.424206847E-02
 3.445500000E-01 3.418298554E-02
 3.446000000E-01 3.412400456E-02
 3.446500000E-01 3.406512535E-02
 3.447000000E-01 3.400634773E-02
 3.447500000E-01 3.394767153E-02
 3.448000000E-01 3.388909657E-02
 3.448500000E-01 3.383062267E-02
 3.449000000E-01 3.377224968E-02
 3.449500000E-01 3.371397740E-02
 3.450000000E-01 3.365580567E-02
 3.450500000E-01 3.359773431E-02
 3.451000000E-01 3.353976314E-02
 3.451500000E-01 3.348189201E-02
 3.452000000E-01 3.342412073E-02
 3.452500000E-01 3.336644913E-02
 3.453000000E-01 3.330887704E-02
 3.453500000E-01 3.325140429E-02
 3.454000000E-01 3.319403070E-02
 3.454500000E-01 3.313675611E-02
 3.455000000E-01 3.307958034E-02
 3.455500000E-01 3.302250323E-02
 3.456000000E-01 3.296552460E-02
 3.456500000E-01 3.290864428E-02
 3.457000000E-01 3.285186211E-02
 3.457500000E-01 3.279517792E-02
 3.458000000E-01 3.273859153E-02
 3.458500000E-01 3.268210277E-02
 3.459000000E-01 3.262571149E-02
 3.459500000E-01 3.256941750E-02
 3.460000000E-01 3.251322065E-02
 3.460500000E-01 3.245712076E-02
 3.461000000E-01 3.240111767E-02
 3.461500000E-01 3.234521121E-02
 3.462000000E-01 3.228940121E-02
 3.462500000E-01 3.223368751E-02
 3.463000000E-01 3.217806994E-02
 3.463500000E-01 3.212254834E-02
 3.464000000E-01 3.206712254E-02
 3.464500000E-01 3.201179237E-02
 3.465000000E-01 3.195655767E-02
 3.465500000E-01 3.190141827E-02
 3.466000000E-01 3.184637402E-02
 3.466500000E-01 3.179142474E-02
 3.467000000E-01 3.173657027E-02
 3.467500000E-01 3.168181045E-02
 3.468000000E-01 3.162714512E-02
 3.468500000E-01 3.157257411E-02
 3.469000000E-01 3.151809726E-02
 3.469500000E-01 3.146371440E-02
 3.470000000E-01 3.140942538E-02
 3.470500000E-01 3.135523004E-02
 3.471000000E-01 3.130112820E-02
 3.471500000E-01 3.124711972E-02
 3.472000000E-01 3.119320442E-02
 3.472500000E-01 3.113938215E-02
 3.473000000E-01 3.108565275E-02
 3.473500000E-01 3.103201606E-02
 3.474000000E-01 3.097847191E-02
 3.474500000E-01 3.092502015E-02
 3.475000000E-01 3.087166062E-02
 3.475500000E-01 3.081839316E-02
 3.476000000E-01 3.076521761E-02
 3.476500000E-01 3.071213381E-02
 3.477000000E-01 3.065914161E-02
 3.477500000E-01 3.060624084E-02
 3.478000000E-01 3.055343134E-02
 3.478500000E-01 3.050071297E-02
 3.479000000E-01 3.044808556E-02
 3.479500000E-01 3.039554896E-02
 3.480000000E-01 3.034310300E-02
 3.480500000E-01 3.029074754E-02
 3.481000000E-01 3.023848241E-02
 3.481500000E-01 3.018630747E-02
 3.482000000E-01 3.013422255E-02
 3.482500000E-01 3.008222750E-02
 3.483000000E-01 3.003032216E-02
 3.483500000E-01 2.997850639E-02
 3.484000000E-01 2.992678002E-02
 3.484500000E-01 2.987514290E-02
 3.485000000E-01 2.982359488E-02
 3.485500000E-01 2.977213580E-02
 3.486000000E-01 2.972076552E-02
 3.486500000E-01 2.966948387E-02
 3.487000000E-01 2.961829070E-02
 3.487500000E-01 2.956718586E-02
 3.488000000E-01 2.951616921E-02
 3.488500000E-01 2.946524057E-02
 3.489000000E-01 2.941439982E-02
 3.489500000E-01 2.936364679E-02
 3.490000000E-01 2.931298133E-02
 3.490500000E-01 2.926240329E-02
 3.491000000E-01 2.921191251E-02
 3.491500000E-01 2.916150886E-02
 3.492000000E-01 2.911119218E-02
 3.492500000E-01 2.906096232E-02
 3.493000000E-01 2.901081912E-02
 3.493500000E-01 2.896076245E-02
 3.494000000E-01 2.891079214E-02
 3.494500000E-01 2.886090806E-02
 3.495000000E-01 2.881111005E-02
 3.495500000E-01 2.876139796E-02
 3.496000000E-01 2.871177165E-02
 3.496500000E-01 2.866223097E-02
 3.497000000E-01 2.861277576E-02
 3.497500000E-01 2.856340589E-02
 3.498000000E-01 2.851412121E-02
 3.498500000E-01 2.846492156E-02
 3.499000000E-01 2.841580680E-02
 3.499500000E-01 2.836677679E-02
 3.500000000E-01 2.831783138E-02
 3.500500000E-01 2.826897042E-02
 3.501000000E-01 2.822019376E-02
 3.501500000E-01 2.817150127E-02
 3.502000000E-01 2.812289280E-02
 3.502500000E-01 2.807436819E-02
 3.503000000E-01 2.802592731E-02
 3.503500000E-01 2.797757002E-02
 3.504000000E-01 2.792929616E-02
 3.504500000E-01 2.788110560E-02
 3.505000000E-01 2.783299819E-02
 3.505500000E-01 2.778497378E-02
 3.506000000E-01 2.773703224E-02
 3.506500000E-01 2.768917342E-02
 3.507000000E-01 2.764139718E-02
 3.507500000E-01 2.759370337E-02
 3.508000000E-01 2.754609185E-02
 3.508500000E-01 2.749856249E-02
 3.509000000E-01 2.745111514E-02
 3.509500000E-01 2.740374965E-02
 3.510000000E-01 2.735646589E-02
 3.510500000E-01 2.730926372E-02
 3.511000000E-01 2.726214299E-02
 3.511500000E-01 2.721510356E-02
 3.512000000E-01 2.716814530E-02
 3.512500000E-01 2.712126807E-02
 3.513000000E-01 2.707447172E-02
 3.513500000E-01 2.702775611E-02
 3.514000000E-01 2.698112111E-02
 3.514500000E-01 2.693456657E-02
 3.515000000E-01 2.688809236E-02
 3.515500000E-01 2.684169835E-02
 3.516000000E-01 2.679538438E-02
 3.516500000E-01 2.674915032E-02
 3.517000000E-01 2.670299604E-02
 3.517500000E-01 2.665692139E-02
 3.518000000E-01 2.661092625E-02
 3.518500000E-01 2.656501046E-02
 3.519000000E-01 2.651917391E-02
 3.519500000E-01 2.647341644E-02
 3.520000000E-01 2.642773792E-02
 3.520500000E-01 2.638213822E-02
 3.521000000E-01 2.633661720E-02
 3.521500000E-01 2.629117472E-02
 3.522000000E-01 2.624581065E-02
 3.522500000E-01 2.620052486E-02
 3.523000000E-01 2.615531720E-02
 3.523500000E-01 2.611018755E-02
 3.524000000E-01 2.606513576E-02
 3.524500000E-01 2.602016171E-02
 3.525000000E-01 2.597526526E-02
 3.525500000E-01 2.593044628E-02
 3.526000000E-01 2.588570463E-02
 3.526500000E-01 2.584104018E-02
 3.527000000E-01 2.579645279E-02
 3.527500000E-01 2.575194234E-02
 3.528000000E-01 2.570750869E-02
 3.528500000E-01 2.566315171E-02
 3.529000000E-01 2.561887126E-02
 3.529500000E-01 2.557466722E-02
 3.530000000E-01 2.553053945E-02
 3.530500000E-01 2.548648782E-02
 3.531000000E-01 2.544251219E-02
 3.531500000E-01 2.539861245E-02
 3.532000000E-01 2.535478845E-02
 3.532500000E-01 2.531104007E-02
 3.533000000E-01 2.526736717E-02
 3.533500000E-01 2.522376963E-02
 3.534000000E-01 2.518024731E-02
 3.534500000E-01 2.513680009E-02
 3.535000000E-01 2.509342784E-02
 3.535500000E-01 2.505013042E-02
 3.536000000E-01 2.500690771E-02
 3.536500000E-01 2.496375958E-02
 3.537000000E-01 2.492068590E-02
 3.537500000E-01 2.487768654E-02
 3.538000000E-01 2.483476137E-02
 3.538500000E-01 2.479191027E-02
 3.539000000E-01 2.474913310E-02
 3.539500000E-01 2.470642975E-02
 3.540000000E-01 2.466380007E-02
 3.540500000E-01 2.462124396E-02
 3.541000000E-01 2.457876127E-02
 3.541500000E-01 2.453635188E-02
 3.542000000E-01 2.449401567E-02
 3.542500000E-01 2.445175251E-02
 3.543000000E-01 2.440956227E-02
 3.543500000E-01 2.436744482E-02
 3.544000000E-01 2.432540005E-02
 3.544500000E-01 2.428342783E-02
 3.545000000E-01 2.424152802E-02
 3.545500000E-01 2.419970051E-02
 3.546000000E-01 2.415794518E-02
 3.546500000E-01 2.411626188E-02
 3.547000000E-01 2.407465052E-02
 3.547500000E-01 2.403311095E-02
 3.548000000E-01 2.399164305E-02
 3.548500000E-01 2.395024671E-02
 3.549000000E-01 2.390892179E-02
 3.549500000E-01 2.386766817E-02
 3.550000000E-01 2.382648574E-02
 3.550500000E-01 2.378537437E-02
 3.551000000E-01 2.374433393E-02
 3.551500000E-01 2.370336430E-02
 3.552000000E-01 2.366246537E-02
 3.552500000E-01 2.362163700E-02
 3.553000000E-01 2.358087908E-02
 3.553500000E-01 2.354019149E-02
 3.554000000E-01 2.349957410E-02
 3.554500000E-01 2.345902680E-02
 3.555000000E-01 2.341854945E-02
 3.555500000E-01 2.337814195E-02
 3.556000000E-01 2.333780417E-02
 3.556500000E-01 2.329753599E-02
 3.557000000E-01 2.325733729E-02
 3.557500000E-01 2.321720795E-02
 3.558000000E-01 2.317714786E-02
 3.558500000E-01 2.313715688E-02
 3.559000000E-01 2.309723491E-02
 3.559500000E-01 2.305738182E-02
 3.560000000E-01 2.301759749E-02
 3.560500000E-01 2.297788181E-02
 3.561000000E-01 2.293823466E-02
 3.561500000E-01 2.289865592E-02
 3.562000000E-01 2.285914547E-02
 3.562500000E-01 2.281970319E-02
 3.563000000E-01 2.278032897E-02
 3.563500000E-01 2.274102268E-02
 3.564000000E-01 2.270178422E-02
 3.564500000E-01 2.266261346E-02
 3.565000000E-01 2.262351028E-02
 3.565500000E-01 2.258447458E-02
 3.566000000E-01 2.254550623E-02
 3.566500000E-01 2.250660512E-02
 3.567000000E-01 2.246777113E-02
 3.567500000E-01 2.242900415E-02
 3.568000000E-01 2.239030406E-02
 3.568500000E-01 2.235167074E-02
 3.569000000E-01 2.231310409E-02
 3.569500000E-01 2.227460397E-02
 3.570000000E-01 2.223617029E-02
 3.570500000E-01 2.219780292E-02
 3.571000000E-01 2.215950176E-02
 3.571500000E-01 2.212126668E-02
 3.572000000E-01 2.208309757E-02
 3.572500000E-01 2.204499432E-02
 3.573000000E-01 2.200695682E-02
 3.573500000E-01 2.196898495E-02
 3.574000000E-01 2.193107860E-02
 3.574500000E-01 2.189323765E-02
 3.575000000E-01 2.185546200E-02
 3.575500000E-01 2.181775152E-02
 3.576000000E-01 2.178010611E-02
 3.576500000E-01 2.174252566E-02
 3.577000000E-01 2.170501005E-02
 3.577500000E-01 2.166755918E-02
 3.578000000E-01 2.163017292E-02
 3.578500000E-01 2.159285117E-02
 3.579000000E-01 2.155559381E-02
 3.579500000E-01 2.151840075E-02
 3.580000000E-01 2.148127185E-02
 3.580500000E-01 2.144420703E-02
 3.581000000E-01 2.140720615E-02
 3.581500000E-01 2.137026912E-02
 3.582000000E-01 2.133339582E-02
 3.582500000E-01 2.129658614E-02
 3.583000000E-01 2.125983998E-02
 3.583500000E-01 2.122315722E-02
 3.584000000E-01 2.118653776E-02
 3.584500000E-01 2.114998148E-02
 3.585000000E-01 2.111348827E-02
 3.585500000E-01 2.107705803E-02
 3.586000000E-01 2.104069066E-02
 3.586500000E-01 2.100438603E-02
 3.587000000E-01 2.096814404E-02
 3.587500000E-01 2.093196459E-02
 3.588000000E-01 2.089584756E-02
 3.588500000E-01 2.085979285E-02
 3.589000000E-01 2.082380035E-02
 3.589500000E-01 2.078786996E-02
 3.590000000E-01 2.075200156E-02
 3.590500000E-01 2.071619505E-02
 3.591000000E-01 2.068045032E-02
 3.591500000E-01 2.064476727E-02
 3.592000000E-01 2.060914578E-02
 3.592500000E-01 2.057358576E-02
 3.593000000E-01 2.053808710E-02
 3.593500000E-01 2.050264969E-02
 3.594000000E-01 2.046727342E-02
 3.594500000E-01 2.043195820E-02
 3.595000000E-01 2.039670390E-02
 3.595500000E-01 2.036151044E-02
 3.596000000E-01 2.032637770E-02
 3.596500000E-01 2.029130558E-02
 3.597000000E-01 2.025629398E-02
 3.597500000E-01 2.022134279E-02
 3.598000000E-01 2.018645190E-02
 3.598500000E-01 2.015162122E-02
 3.599000000E-01 2.011685063E-02
 3.599500000E-01 2.008214004E-02
 3.600000000E-01 2.004748935E-02
 3.600500000E-01 2.001289843E-02
 3.601000000E-01 1.997836721E-02
 3.601500000E-01 1.994389556E-02
 3.602000000E-01 1.990948340E-02
 3.602500000E-01 1.987513061E-02
 3.603000000E-01 1.984083710E-02
 3.603500000E-01 1.980660275E-02
 3.604000000E-01 1.977242748E-02
 3.604500000E-01 1.973831117E-02
 3.605000000E-01 1.970425373E-02
 3.605500000E-01 1.967025506E-02
 3.606000000E-01 1.963631505E-02
 3.606500000E-01 1.960243360E-02
 3.607000000E-01 1.956861061E-02
 3.607500000E-01 1.953484598E-02
 3.608000000E-01 1.950113960E-02
 3.608500000E-01 1.946749139E-02
 3.609000000E-01 1.943390124E-02
 3.609500000E-01 1.940036904E-02
 3.610000000E-01 1.936689470E-02
 3.610500000E-01 1.933347812E-02
 3.611000000E-01 1.930011920E-02
 3.611500000E-01 1.926681784E-02
 3.612000000E-01 1.923357394E-02
 3.612500000E-01 1.920038740E-02
 3.613000000E-01 1.916725812E-02
 3.613500000E-01 1.913418600E-02
 3.614000000E-01 1.910117095E-02
 3.614500000E-01 1.906821286E-02
 3.615000000E-01 1.903531164E-02
 3.615500000E-01 1.900246719E-02
 3.616000000E-01 1.896967941E-02
 3.616500000E-01 1.893694821E-02
 3.617000000E-01 1.890427348E-02
 3.617500000E-01 1.887165513E-02
 3.618000000E-01 1.883909306E-02
 3.618500000E-01 1.880658717E-02
 3.619000000E-01 1.877413737E-02
 3.619500000E-01 1.874174357E-02
 3.620000000E-01 1.870940565E-02
 3.620500000E-01 1.867712354E-02
 3.621000000E-01 1.864489712E-02
 3.621500000E-01 1.861272631E-02
 3.622000000E-01 1.858061101E-02
 3.622500000E-01 1.854855112E-02
 3.623000000E-01 1.851654655E-02
 3.623500000E-01 1.848459720E-02
 3.624000000E-01 1.845270298E-02
 3.624500000E-01 1.842086379E-02
 3.625000000E-01 1.838907954E-02
 3.625500000E-01 1.835735013E-02
 3.626000000E-01 1.832567547E-02
 3.626500000E-01 1.829405546E-02
 3.627000000E-01 1.826249001E-02
 3.627500000E-01 1.823097902E-02
 3.628000000E-01 1.819952241E-02
 3.628500000E-01 1.816812007E-02
 3.629000000E-01 1.813677191E-02
 3.629500000E-01 1.810547784E-02
 3.630000000E-01 1.807423777E-02
 3.630500000E-01 1.804305161E-02
 3.631000000E-01 1.801191925E-02
 3.631500000E-01 1.798084061E-02
 3.632000000E-01 1.794981560E-02
 3.632500000E-01 1.791884411E-02
 3.633000000E-01 1.788792607E-02
 3.633500000E-01 1.785706138E-02
 3.634000000E-01 1.782624994E-02
 3.634500000E-01 1.779549166E-02
 3.635000000E-01 1.776478645E-02
 3.635500000E-01 1.773413423E-02
 3.636000000E-01 1.770353489E-02
 3.636500000E-01 1.767298836E-02
 3.637000000E-01 1.764249452E-02
 3.637500000E-01 1.761205331E-02
 3.638000000E-01 1.758166462E-02
 3.638500000E-01 1.755132836E-02
 3.639000000E-01 1.752104445E-02
 3.639500000E-01 1.749081279E-02
 3.640000000E-01 1.746063329E-02
 3.640500000E-01 1.743050587E-02
 3.641000000E-01 1.740043043E-02
 3.641500000E-01 1.737040688E-02
 3.642000000E-01 1.734043514E-02
 3.642500000E-01 1.731051511E-02
 3.643000000E-01 1.728064670E-02
 3.643500000E-01 1.725082984E-02
 3.644000000E-01 1.722106442E-02
 3.644500000E-01 1.719135036E-02
 3.645000000E-01 1.716168757E-02
 3.645500000E-01 1.713207596E-02
 3.646000000E-01 1.710251545E-02
 3.646500000E-01 1.707300594E-02
 3.647000000E-01 1.704354734E-02
 3.647500000E-01 1.701413958E-02
 3.648000000E-01 1.698478256E-02
 3.648500000E-01 1.695547619E-02
 3.649000000E-01 1.692622039E-02
 3.649500000E-01 1.689701507E-02
 3.650000000E-01 1.686786014E-02
 3.650500000E-01 1.683875551E-02
 3.651000000E-01 1.680970111E-02
 3.651500000E-01 1.678069683E-02
 3.652000000E-01 1.675174260E-02
 3.652500000E-01 1.672283834E-02
 3.653000000E-01 1.669398394E-02
 3.653500000E-01 1.666517933E-02
 3.654000000E-01 1.663642442E-02
 3.654500000E-01 1.660771913E-02
 3.655000000E-01 1.657906336E-02
 3.655500000E-01 1.655045704E-02
 3.656000000E-01 1.652190008E-02
 3.656500000E-01 1.649339239E-02
 3.657000000E-01 1.646493389E-02
 3.657500000E-01 1.643652450E-02
 3.658000000E-01 1.640816412E-02
 3.658500000E-01 1.637985268E-02
 3.659000000E-01 1.635159008E-02
 3.659500000E-01 1.632337626E-02
 3.660000000E-01 1.629521111E-02
 3.660500000E-01 1.626709456E-02
 3.661000000E-01 1.623902653E-02
 3.661500000E-01 1.621100693E-02
 3.662000000E-01 1.618303567E-02
 3.662500000E-01 1.615511267E-02
 3.663000000E-01 1.612723786E-02
 3.663500000E-01 1.609941114E-02
 3.664000000E-01 1.607163243E-02
 3.664500000E-01 1.604390166E-02
 3.665000000E-01 1.601621873E-02
 3.665500000E-01 1.598858357E-02
 3.666000000E-01 1.596099609E-02
 3.666500000E-01 1.593345622E-02
 3.667000000E-01 1.590596386E-02
 3.667500000E-01 1.587851894E-02
 3.668000000E-01 1.585112137E-02
 3.668500000E-01 1.582377108E-02
 3.669000000E-01 1.579646797E-02
 3.669500000E-01 1.576921198E-02
 3.670000000E-01 1.574200302E-02
 3.670500000E-01 1.571484100E-02
 3.671000000E-01 1.568772585E-02
 3.671500000E-01 1.566065749E-02
 3.672000000E-01 1.563363583E-02
 3.672500000E-01 1.560666080E-02
 3.673000000E-01 1.557973231E-02
 3.673500000E-01 1.555285028E-02
 3.674000000E-01 1.552601464E-02
 3.674500000E-01 1.549922530E-02
 3.675000000E-01 1.547248219E-02
 3.675500000E-01 1.544578521E-02
 3.676000000E-01 1.541913431E-02
 3.676500000E-01 1.539252938E-02
 3.677000000E-01 1.536597037E-02
 3.677500000E-01 1.533945718E-02
 3.678000000E-01 1.531298973E-02
 3.678500000E-01 1.528656796E-02
 3.679000000E-01 1.526019177E-02
 3.679500000E-01 1.523386110E-02
 3.680000000E-01 1.520757585E-02
 3.680500000E-01 1.518133596E-02
 3.681000000E-01 1.515514135E-02
 3.681500000E-01 1.512899193E-02
 3.682000000E-01 1.510288764E-02
 3.682500000E-01 1.507682838E-02
 3.683000000E-01 1.505081409E-02
 3.683500000E-01 1.502484469E-02
 3.684000000E-01 1.499892009E-02
 3.684500000E-01 1.497304023E-02
 3.685000000E-01 1.494720502E-02
 3.685500000E-01 1.492141438E-02
 3.686000000E-01 1.489566825E-02
 3.686500000E-01 1.486996654E-02
 3.687000000E-01 1.484430918E-02
 3.687500000E-01 1.481869609E-02
 3.688000000E-01 1.479312719E-02
 3.688500000E-01 1.476760241E-02
 3.689000000E-01 1.474212167E-02
 3.689500000E-01 1.471668490E-02
 3.690000000E-01 1.469129202E-02
 3.690500000E-01 1.466594295E-02
 3.691000000E-01 1.464063762E-02
 3.691500000E-01 1.461537596E-02
 3.692000000E-01 1.459015788E-02
 3.692500000E-01 1.456498331E-02
 3.693000000E-01 1.453985218E-02
 3.693500000E-01 1.451476442E-02
 3.694000000E-01 1.448971994E-02
 3.694500000E-01 1.446471867E-02
 3.695000000E-01 1.443976054E-02
 3.695500000E-01 1.441484548E-02
 3.696000000E-01 1.438997341E-02
 3.696500000E-01 1.436514425E-02
 3.697000000E-01 1.434035793E-02
 3.697500000E-01 1.431561438E-02
 3.698000000E-01 1.429091353E-02
 3.698500000E-01 1.426625529E-02
 3.699000000E-01 1.424163960E-02
 3.699500000E-01 1.421706639E-02
 3.700000000E-01 1.419253557E-02
 3.700500000E-01 1.416804708E-02
 3.701000000E-01 1.414360084E-02
 3.701500000E-01 1.411919679E-02
 3.702000000E-01 1.409483484E-02
 3.702500000E-01 1.407051493E-02
 3.703000000E-01 1.404623698E-02
 3.703500000E-01 1.402200092E-02
 3.704000000E-01 1.399780668E-02
 3.704500000E-01 1.397365419E-02
 3.705000000E-01 1.394954337E-02
 3.705500000E-01 1.392547415E-02
 3.706000000E-01 1.390144646E-02
 3.706500000E-01 1.387746023E-02
 3.707000000E-01 1.385351538E-02
 3.707500000E-01 1.382961186E-02
 3.708000000E-01 1.380574957E-02
 3.708500000E-01 1.378192846E-02
 3.709000000E-01 1.375814846E-02
 3.709500000E-01 1.373440948E-02
 3.710000000E-01 1.371071146E-02
 3.710500000E-01 1.368705434E-02
 3.711000000E-01 1.366343803E-02
 3.711500000E-01 1.363986247E-02
 3.712000000E-01 1.361632759E-02
 3.712500000E-01 1.359283332E-02
 3.713000000E-01 1.356937958E-02
 3.713500000E-01 1.354596632E-02
 3.714000000E-01 1.352259345E-02
 3.714500000E-01 1.349926091E-02
 3.715000000E-01 1.347596863E-02
 3.715500000E-01 1.345271654E-02
 3.716000000E-01 1.342950457E-02
 3.716500000E-01 1.340633265E-02
 3.717000000E-01 1.338320071E-02
 3.717500000E-01 1.336010869E-02
 3.718000000E-01 1.333705651E-02
 3.718500000E-01 1.331404411E-02
 3.719000000E-01 1.329107141E-02
 3.719500000E-01 1.326813835E-02
 3.720000000E-01 1.324524486E-02
 3.720500000E-01 1.322239087E-02
 3.721000000E-01 1.319957632E-02
 3.721500000E-01 1.317680113E-02
 3.722000000E-01 1.315406524E-02
 3.722500000E-01 1.313136857E-02
 3.723000000E-01 1.310871107E-02
 3.723500000E-01 1.308609267E-02
 3.724000000E-01 1.306351329E-02
 3.724500000E-01 1.304097287E-02
 3.725000000E-01 1.301847134E-02
 3.725500000E-01 1.299600864E-02
 3.726000000E-01 1.297358469E-02
 3.726500000E-01 1.295119944E-02
 3.727000000E-01 1.292885281E-02
 3.727500000E-01 1.290654474E-02
 3.728000000E-01 1.288427517E-02
 3.728500000E-01 1.286204401E-02
 3.729000000E-01 1.283985122E-02
 3.729500000E-01 1.281769671E-02
 3.730000000E-01 1.279558044E-02
 3.730500000E-01 1.277350232E-02
 3.731000000E-01 1.275146230E-02
 3.731500000E-01 1.272946031E-02
 3.732000000E-01 1.270749628E-02
 3.732500000E-01 1.268557015E-02
 3.733000000E-01 1.266368185E-02
 3.733500000E-01 1.264183132E-02
 3.734000000E-01 1.262001849E-02
 3.734500000E-01 1.259824330E-02
 3.735000000E-01 1.257650568E-02
 3.735500000E-01 1.255480557E-02
 3.736000000E-01 1.253314290E-02
 3.736500000E-01 1.251151760E-02
 3.737000000E-01 1.248992962E-02
 3.737500000E-01 1.246837889E-02
 3.738000000E-01 1.244686535E-02
 3.738500000E-01 1.242538892E-02
 3.739000000E-01 1.240394955E-02
 3.739500000E-01 1.238254718E-02
 3.740000000E-01 1.236118173E-02
 3.740500000E-01 1.233985315E-02
 3.741000000E-01 1.231856137E-02
 3.741500000E-01 1.229730632E-02
 3.742000000E-01 1.227608795E-02
 3.742500000E-01 1.225490620E-02
 3.743000000E-01 1.223376099E-02
 3.743500000E-01 1.221265226E-02
 3.744000000E-01 1.219157996E-02
 3.744500000E-01 1.217054401E-02
 3.745000000E-01 1.214954437E-02
 3.745500000E-01 1.212858095E-02
 3.746000000E-01 1.210765371E-02
 3.746500000E-01 1.208676258E-02
 3.747000000E-01 1.206590749E-02
 3.747500000E-01 1.204508839E-02
 3.748000000E-01 1.202430521E-02
 3.748500000E-01 1.200355789E-02
 3.749000000E-01 1.198284637E-02
 3.749500000E-01 1.196217059E-02
 3.750000000E-01 1.194153048E-02
 3.750500000E-01 1.192092598E-02
 3.751000000E-01 1.190035704E-02
 3.751500000E-01 1.187982358E-02
 3.752000000E-01 1.185932556E-02
 3.752500000E-01 1.183886290E-02
 3.753000000E-01 1.181843555E-02
 3.753500000E-01 1.179804345E-02
 3.754000000E-01 1.177768654E-02
 3.754500000E-01 1.175736474E-02
 3.755000000E-01 1.173707802E-02
 3.755500000E-01 1.171682629E-02
 3.756000000E-01 1.169660951E-02
 3.756500000E-01 1.167642761E-02
 3.757000000E-01 1.165628054E-02
 3.757500000E-01 1.163616823E-02
 3.758000000E-01 1.161609062E-02
 3.758500000E-01 1.159604765E-02
 3.759000000E-01 1.157603927E-02
 3.759500000E-01 1.155606541E-02
 3.760000000E-01 1.153612601E-02
 3.760500000E-01 1.151622102E-02
 3.761000000E-01 1.149635037E-02
 3.761500000E-01 1.147651401E-02
 3.762000000E-01 1.145671188E-02
 3.762500000E-01 1.143694391E-02
 3.763000000E-01 1.141721006E-02
 3.763500000E-01 1.139751025E-02
 3.764000000E-01 1.137784443E-02
 3.764500000E-01 1.135821254E-02
 3.765000000E-01 1.133861453E-02
 3.765500000E-01 1.131905034E-02
 3.766000000E-01 1.129951990E-02
 3.766500000E-01 1.128002316E-02
 3.767000000E-01 1.126056006E-02
 3.767500000E-01 1.124113054E-02
 3.768000000E-01 1.122173455E-02
 3.768500000E-01 1.120237203E-02
 3.769000000E-01 1.118304291E-02
 3.769500000E-01 1.116374715E-02
 3.770000000E-01 1.114448467E-02
 3.770500000E-01 1.112525544E-02
 3.771000000E-01 1.110605938E-02
 3.771500000E-01 1.108689645E-02
 3.772000000E-01 1.106776658E-02
 3.772500000E-01 1.104866972E-02
 3.773000000E-01 1.102960581E-02
 3.773500000E-01 1.101057479E-02
 3.774000000E-01 1.099157661E-02
 3.774500000E-01 1.097261121E-02
 3.775000000E-01 1.095367854E-02
 3.775500000E-01 1.093477853E-02
 3.776000000E-01 1.091591113E-02
 3.776500000E-01 1.089707629E-02
 3.777000000E-01 1.087827394E-02
 3.777500000E-01 1.085950404E-02
 3.778000000E-01 1.084076653E-02
 3.778500000E-01 1.082206134E-02
 3.779000000E-01 1.080338843E-02
 3.779500000E-01 1.078474774E-02
 3.780000000E-01 1.076613922E-02
 3.780500000E-01 1.074756280E-02
 3.781000000E-01 1.072901843E-02
 3.781500000E-01 1.071050606E-02
 3.782000000E-01 1.069202563E-02
 3.782500000E-01 1.067357709E-02
 3.783000000E-01 1.065516039E-02
 3.783500000E-01 1.063677546E-02
 3.784000000E-01 1.061842225E-02
 3.784500000E-01 1.060010071E-02
 3.785000000E-01 1.058181078E-02
 3.785500000E-01 1.056355241E-02
 3.786000000E-01 1.054532554E-02
 3.786500000E-01 1.052713013E-02
 3.787000000E-01 1.050896611E-02
 3.787500000E-01 1.049083343E-02
 3.788000000E-01 1.047273203E-02
 3.788500000E-01 1.045466187E-02
 3.789000000E-01 1.043662289E-02
 3.789500000E-01 1.041861504E-02
 3.790000000E-01 1.040063825E-02
 3.790500000E-01 1.038269249E-02
 3.791000000E-01 1.036477769E-02
 3.791500000E-01 1.034689380E-02
 3.792000000E-01 1.032904076E-02
 3.792500000E-01 1.031121853E-02
 3.793000000E-01 1.029342706E-02
 3.793500000E-01 1.027566628E-02
 3.794000000E-01 1.025793615E-02
 3.794500000E-01 1.024023661E-02
 3.795000000E-01 1.022256760E-02
 3.795500000E-01 1.020492909E-02
 3.796000000E-01 1.018732101E-02
 3.796500000E-01 1.016974331E-02
 3.797000000E-01 1.015219594E-02
 3.797500000E-01 1.013467885E-02
 3.798000000E-01 1.011719199E-02
 3.798500000E-01 1.009973529E-02
 3.799000000E-01 1.008230872E-02
 3.799500000E-01 1.006491221E-02
 3.800000000E-01 1.004754573E-02
 3.800500000E-01 1.003020920E-02
 3.801000000E-01 1.001290259E-02
 3.801500000E-01 9.995625846E-03
 3.802000000E-01 9.978378908E-03
 3.802500000E-01 9.961161729E-03
 3.803000000E-01 9.943974257E-03
 3.803500000E-01 9.926816441E-03
 3.804000000E-01 9.909688231E-03
 3.804500000E-01 9.892589574E-03
 3.805000000E-01 9.875520420E-03
 3.805500000E-01 9.858480718E-03
 3.806000000E-01 9.841470417E-03
 3.806500000E-01 9.824489466E-03
 3.807000000E-01 9.807537815E-03
 3.807500000E-01 9.790615414E-03
 3.808000000E-01 9.773722211E-03
 3.808500000E-01 9.756858156E-03
 3.809000000E-01 9.740023200E-03
 3.809500000E-01 9.723217291E-03
 3.810000000E-01 9.706440380E-03
 3.810500000E-01 9.689692417E-03
 3.811000000E-01 9.672973352E-03
 3.811500000E-01 9.656283134E-03
 3.812000000E-01 9.639621715E-03
 3.812500000E-01 9.622989044E-03
 3.813000000E-01 9.606385072E-03
 3.813500000E-01 9.589809749E-03
 3.814000000E-01 9.573263026E-03
 3.814500000E-01 9.556744853E-03
 3.815000000E-01 9.540255182E-03
 3.815500000E-01 9.523793963E-03
 3.816000000E-01 9.507361146E-03
 3.816500000E-01 9.490956684E-03
 3.817000000E-01 9.474580527E-03
 3.817500000E-01 9.458232626E-03
 3.818000000E-01 9.441912933E-03
 3.818500000E-01 9.425621398E-03
 3.819000000E-01 9.409357974E-03
 3.819500000E-01 9.393122611E-03
 3.820000000E-01 9.376915261E-03
 3.820500000E-01 9.360735877E-03
 3.821000000E-01 9.344584409E-03
 3.821500000E-01 9.328460810E-03
 3.822000000E-01 9.312365031E-03
 3.822500000E-01 9.296297024E-03
 3.823000000E-01 9.280256742E-03
 3.823500000E-01 9.264244137E-03
 3.824000000E-01 9.248259161E-03
 3.824500000E-01 9.232301766E-03
 3.825000000E-01 9.216371904E-03
 3.825500000E-01 9.200469529E-03
 3.826000000E-01 9.184594592E-03
 3.826500000E-01 9.168747047E-03
 3.827000000E-01 9.152926846E-03
 3.827500000E-01 9.137133942E-03
 3.828000000E-01 9.121368288E-03
 3.828500000E-01 9.105629837E-03
 3.829000000E-01 9.089918541E-03
 3.829500000E-01 9.074234355E-03
 3.830000000E-01 9.058577230E-03
 3.830500000E-01 9.042947122E-03
 3.831000000E-01 9.027343982E-03
 3.831500000E-01 9.011767765E-03
 3.832000000E-01 8.996218423E-03
 3.832500000E-01 8.980695912E-03
 3.833000000E-01 8.965200183E-03
 3.833500000E-01 8.949731192E-03
 3.834000000E-01 8.934288891E-03
 3.834500000E-01 8.918873236E-03
 3.835000000E-01 8.903484179E-03
 3.835500000E-01 8.888121676E-03
 3.836000000E-01 8.872785679E-03
 3.836500000E-01 8.857476144E-03
 3.837000000E-01 8.842193025E-03
 3.837500000E-01 8.826936276E-03
 3.838000000E-01 8.811705852E-03
 3.838500000E-01 8.796501707E-03
 3.839000000E-01 8.781323797E-03
 3.839500000E-01 8.766172074E-03
 3.840000000E-01 8.751046496E-03
 3.840500000E-01 8.735947016E-03
 3.841000000E-01 8.720873589E-03
 3.841500000E-01 8.705826170E-03
 3.842000000E-01 8.690804715E-03
 3.842500000E-01 8.675809179E-03
 3.843000000E-01 8.660839517E-03
 3.843500000E-01 8.645895685E-03
 3.844000000E-01 8.630977637E-03
 3.844500000E-01 8.616085329E-03
 3.845000000E-01 8.601218717E-03
 3.845500000E-01 8.586377757E-03
 3.846000000E-01 8.571562404E-03
 3.846500000E-01 8.556772615E-03
 3.847000000E-01 8.542008344E-03
 3.847500000E-01 8.527269549E-03
 3.848000000E-01 8.512556184E-03
 3.848500000E-01 8.497868206E-03
 3.849000000E-01 8.483205572E-03
 3.849500000E-01 8.468568238E-03
 3.850000000E-01 8.453956159E-03
 3.850500000E-01 8.439369293E-03
 3.851000000E-01 8.424807596E-03
 3.851500000E-01 8.410271024E-03
 3.852000000E-01 8.395759534E-03
 3.852500000E-01 8.381273084E-03
 3.853000000E-01 8.366811628E-03
 3.853500000E-01 8.352375126E-03
 3.854000000E-01 8.337963532E-03
 3.854500000E-01 8.323576806E-03
 3.855000000E-01 8.309214902E-03
 3.855500000E-01 8.294877780E-03
 3.856000000E-01 8.280565395E-03
 3.856500000E-01 8.266277706E-03
 3.857000000E-01 8.252014669E-03
 3.857500000E-01 8.237776243E-03
 3.858000000E-01 8.223562384E-03
 3.858500000E-01 8.209373050E-03
 3.859000000E-01 8.195208200E-03
 3.859500000E-01 8.181067790E-03
 3.860000000E-01 8.166951779E-03
 3.860500000E-01 8.152860124E-03
 3.861000000E-01 8.138792783E-03
 3.861500000E-01 8.124749715E-03
 3.862000000E-01 8.110730878E-03
 3.862500000E-01 8.096736230E-03
 3.863000000E-01 8.082765728E-03
 3.863500000E-01 8.068819332E-03
 3.864000000E-01 8.054896999E-03
 3.864500000E-01 8.040998689E-03
 3.865000000E-01 8.027124360E-03
 3.865500000E-01 8.013273970E-03
 3.866000000E-01 7.999447479E-03
 3.866500000E-01 7.985644844E-03
 3.867000000E-01 7.971866025E-03
 3.867500000E-01 7.958110980E-03
 3.868000000E-01 7.944379669E-03
 3.868500000E-01 7.930672051E-03
 3.869000000E-01 7.916988085E-03
 3.869500000E-01 7.903327730E-03
 3.870000000E-01 7.889690944E-03
 3.870500000E-01 7.876077689E-03
 3.871000000E-01 7.862487922E-03
 3.871500000E-01 7.848921604E-03
 3.872000000E-01 7.835378694E-03
 3.872500000E-01 7.821859151E-03
 3.873000000E-01 7.808362936E-03
 3.873500000E-01 7.794890008E-03
 3.874000000E-01 7.781440326E-03
 3.874500000E-01 7.768013852E-03
 3.875000000E-01 7.754610544E-03
 3.875500000E-01 7.741230363E-03
 3.876000000E-01 7.727873268E-03
 3.876500000E-01 7.714539221E-03
 3.877000000E-01 7.701228180E-03
 3.877500000E-01 7.687940108E-03
 3.878000000E-01 7.674674963E-03
 3.878500000E-01 7.661432706E-03
 3.879000000E-01 7.648213298E-03
 3.879500000E-01 7.635016700E-03
 3.880000000E-01 7.621842872E-03
 3.880500000E-01 7.608691774E-03
 3.881000000E-01 7.595563368E-03
 3.881500000E-01 7.582457615E-03
 3.882000000E-01 7.569374475E-03
 3.882500000E-01 7.556313909E-03
 3.883000000E-01 7.543275878E-03
 3.883500000E-01 7.530260344E-03
 3.884000000E-01 7.517267267E-03
 3.884500000E-01 7.504296610E-03
 3.885000000E-01 7.491348332E-03
 3.885500000E-01 7.478422396E-03
 3.886000000E-01 7.465518763E-03
 3.886500000E-01 7.452637395E-03
 3.887000000E-01 7.439778253E-03
 3.887500000E-01 7.426941299E-03
 3.888000000E-01 7.414126494E-03
 3.888500000E-01 7.401333800E-03
 3.889000000E-01 7.388563180E-03
 3.889500000E-01 7.375814594E-03
 3.890000000E-01 7.363088006E-03
 3.890500000E-01 7.350383377E-03
 3.891000000E-01 7.337700668E-03
 3.891500000E-01 7.325039844E-03
 3.892000000E-01 7.312400865E-03
 3.892500000E-01 7.299783693E-03
 3.893000000E-01 7.287188292E-03
 3.893500000E-01 7.274614624E-03
 3.894000000E-01 7.262062651E-03
 3.894500000E-01 7.249532336E-03
 3.895000000E-01 7.237023641E-03
 3.895500000E-01 7.224536529E-03
 3.896000000E-01 7.212070963E-03
 3.896500000E-01 7.199626906E-03
 3.897000000E-01 7.187204321E-03
 3.897500000E-01 7.174803170E-03
 3.898000000E-01 7.162423416E-03
 3.898500000E-01 7.150065023E-03
 3.899000000E-01 7.137727954E-03
 3.899500000E-01 7.125412172E-03
 3.900000000E-01 7.113117640E-03
 3.900500000E-01 7.100844322E-03
 3.901000000E-01 7.088592181E-03
 3.901500000E-01 7.076361180E-03
 3.902000000E-01 7.064151283E-03
 3.902500000E-01 7.051962453E-03
 3.903000000E-01 7.039794655E-03
 3.903500000E-01 7.027647852E-03
 3.904000000E-01 7.015522007E-03
 3.904500000E-01 7.003417085E-03
 3.905000000E-01 6.991333050E-03
 3.905500000E-01 6.979269864E-03
 3.906000000E-01 6.967227494E-03
 3.906500000E-01 6.955205901E-03
 3.907000000E-01 6.943205051E-03
 3.907500000E-01 6.931224909E-03
 3.908000000E-01 6.919265437E-03
 3.908500000E-01 6.907326601E-03
 3.909000000E-01 6.895408364E-03
 3.909500000E-01 6.883510692E-03
 3.910000000E-01 6.871633549E-03
 3.910500000E-01 6.859776899E-03
 3.911000000E-01 6.847940707E-03
 3.911500000E-01 6.836124938E-03
 3.912000000E-01 6.824329556E-03
 3.912500000E-01 6.812554527E-03
 3.913000000E-01 6.800799815E-03
 3.913500000E-01 6.789065385E-03
 3.914000000E-01 6.777351202E-03
 3.914500000E-01 6.765657231E-03
 3.915000000E-01 6.753983438E-03
 3.915500000E-01 6.742329787E-03
 3.916000000E-01 6.730696244E-03
 3.916500000E-01 6.719082774E-03
 3.917000000E-01 6.707489343E-03
 3.917500000E-01 6.695915915E-03
 3.918000000E-01 6.684362457E-03
 3.918500000E-01 6.672828934E-03
 3.919000000E-01 6.661315311E-03
 3.919500000E-01 6.649821555E-03
 3.920000000E-01 6.638347630E-03
 3.920500000E-01 6.626893503E-03
 3.921000000E-01 6.615459139E-03
 3.921500000E-01 6.604044505E-03
 3.922000000E-01 6.592649566E-03
 3.922500000E-01 6.581274289E-03
 3.923000000E-01 6.569918639E-03
 3.923500000E-01 6.558582582E-03
 3.924000000E-01 6.547266086E-03
 3.924500000E-01 6.535969115E-03
 3.925000000E-01 6.524691637E-03
 3.925500000E-01 6.513433617E-03
 3.926000000E-01 6.502195023E-03
 3.926500000E-01 6.490975820E-03
 3.927000000E-01 6.479775976E-03
 3.927500000E-01 6.468595456E-03
 3.928000000E-01 6.457434227E-03
 3.928500000E-01 6.446292257E-03
 3.929000000E-01 6.435169512E-03
 3.929500000E-01 6.424065958E-03
 3.930000000E-01 6.412981563E-03
 3.930500000E-01 6.401916293E-03
 3.931000000E-01 6.390870116E-03
 3.931500000E-01 6.379842999E-03
 3.932000000E-01 6.368834908E-03
 3.932500000E-01 6.357845811E-03
 3.933000000E-01 6.346875676E-03
 3.933500000E-01 6.335924469E-03
 3.934000000E-01 6.324992157E-03
 3.934500000E-01 6.314078709E-03
 3.935000000E-01 6.303184091E-03
 3.935500000E-01 6.292308271E-03
 3.936000000E-01 6.281451217E-03
 3.936500000E-01 6.270612897E-03
 3.937000000E-01 6.259793277E-03
 3.937500000E-01 6.248992326E-03
 3.938000000E-01 6.238210011E-03
 3.938500000E-01 6.227446301E-03
 3.939000000E-01 6.216701163E-03
 3.939500000E-01 6.205974565E-03
 3.940000000E-01 6.195266476E-03
 3.940500000E-01 6.184576862E-03
 3.941000000E-01 6.173905693E-03
 3.941500000E-01 6.163252937E-03
 3.942000000E-01 6.152618561E-03
 3.942500000E-01 6.142002535E-03
 3.943000000E-01 6.131404825E-03
 3.943500000E-01 6.120825402E-03
 3.944000000E-01 6.110264233E-03
 3.944500000E-01 6.099721287E-03
 3.945000000E-01 6.089196532E-03
 3.945500000E-01 6.078689936E-03
 3.946000000E-01 6.068201470E-03
 3.946500000E-01 6.057731101E-03
 3.947000000E-01 6.047278797E-03
 3.947500000E-01 6.036844529E-03
 3.948000000E-01 6.026428265E-03
 3.948500000E-01 6.016029973E-03
 3.949000000E-01 6.005649623E-03
 3.949500000E-01 5.995287184E-03
 3.950000000E-01 5.984942624E-03
 3.950500000E-01 5.974615914E-03
 3.951000000E-01 5.964307022E-03
 3.951500000E-01 5.954015917E-03
 3.952000000E-01 5.943742569E-03
 3.952500000E-01 5.933486947E-03
 3.953000000E-01 5.923249021E-03
 3.953500000E-01 5.913028760E-03
 3.954000000E-01 5.902826133E-03
 3.954500000E-01 5.892641110E-03
 3.955000000E-01 5.882473662E-03
 3.955500000E-01 5.872323756E-03
 3.956000000E-01 5.862191364E-03
 3.956500000E-01 5.852076454E-03
 3.957000000E-01 5.841978998E-03
 3.957500000E-01 5.831898964E-03
 3.958000000E-01 5.821836322E-03
 3.958500000E-01 5.811791043E-03
 3.959000000E-01 5.801763097E-03
 3.959500000E-01 5.791752454E-03
 3.960000000E-01 5.781759083E-03
 3.960500000E-01 5.771782955E-03
 3.961000000E-01 5.761824041E-03
 3.961500000E-01 5.751882310E-03
 3.962000000E-01 5.741957733E-03
 3.962500000E-01 5.732050281E-03
 3.963000000E-01 5.722159923E-03
 3.963500000E-01 5.712286631E-03
 3.964000000E-01 5.702430374E-03
 3.964500000E-01 5.692591124E-03
 3.965000000E-01 5.682768851E-03
 3.965500000E-01 5.672963526E-03
 3.966000000E-01 5.663175120E-03
 3.966500000E-01 5.653403603E-03
 3.967000000E-01 5.643648946E-03
 3.967500000E-01 5.633911120E-03
 3.968000000E-01 5.624190097E-03
 3.968500000E-01 5.614485846E-03
 3.969000000E-01 5.604798340E-03
 3.969500000E-01 5.595127549E-03
 3.970000000E-01 5.585473444E-03
 3.970500000E-01 5.575835997E-03
 3.971000000E-01 5.566215179E-03
 3.971500000E-01 5.556610962E-03
 3.972000000E-01 5.547023315E-03
 3.972500000E-01 5.537452212E-03
 3.973000000E-01 5.527897624E-03
 3.973500000E-01 5.518359521E-03
 3.974000000E-01 5.508837876E-03
 3.974500000E-01 5.499332659E-03
 3.975000000E-01 5.489843844E-03
 3.975500000E-01 5.480371401E-03
 3.976000000E-01 5.470915302E-03
 3.976500000E-01 5.461475520E-03
 3.977000000E-01 5.452052025E-03
 3.977500000E-01 5.442644790E-03
 3.978000000E-01 5.433253786E-03
 3.978500000E-01 5.423878987E-03
 3.979000000E-01 5.414520363E-03
 3.979500000E-01 5.405177887E-03
 3.980000000E-01 5.395851530E-03
 3.980500000E-01 5.386541266E-03
 3.981000000E-01 5.377247067E-03
 3.981500000E-01 5.367968904E-03
 3.982000000E-01 5.358706750E-03
 3.982500000E-01 5.349460577E-03
 3.983000000E-01 5.340230358E-03
 3.983500000E-01 5.331016066E-03
 3.984000000E-01 5.321817672E-03
 3.984500000E-01 5.312635149E-03
 3.985000000E-01 5.303468471E-03
 3.985500000E-01 5.294317609E-03
 3.986000000E-01 5.285182537E-03
 3.986500000E-01 5.276063226E-03
 3.987000000E-01 5.266959651E-03
 3.987500000E-01 5.257871783E-03
 3.988000000E-01 5.248799596E-03
 3.988500000E-01 5.239743063E-03
 3.989000000E-01 5.230702156E-03
 3.989500000E-01 5.221676848E-03
 3.990000000E-01 5.212667114E-03
 3.990500000E-01 5.203672925E-03
 3.991000000E-01 5.194694255E-03
 3.991500000E-01 5.185731078E-03
 3.992000000E-01 5.176783366E-03
 3.992500000E-01 5.167851093E-03
 3.993000000E-01 5.158934232E-03
 3.993500000E-01 5.150032756E-03
 3.994000000E-01 5.141146640E-03
 3.994500000E-01 5.132275856E-03
 3.995000000E-01 5.123420378E-03
 3.995500000E-01 5.114580180E-03
 3.996000000E-01 5.105755235E-03
 3.996500000E-01 5.096945517E-03
 3.997000000E-01 5.088151000E-03
 3.997500000E-01 5.079371658E-03
 3.998000000E-01 5.070607463E-03
 3.998500000E-01 5.061858391E-03
 3.999000000E-01 5.053124415E-03
 3.999500000E-01 5.044405509E-03
 4.000000000E-01 5.035701647E-03
